Bank Name / Type,Number of Beneficiaries at rural/semiurban centre bank branches,Number of Beneficiaries at urban metro centre bank branches,Number of Total Beneficiaries,Deposits in Accounts(In lac),Number of Rupay Debit Cards issued to beneficiaries,level,date
"Allahabad Bank",1180117,536891,1717008,2212.03,495162,"(A) Public Sector Banks","2014-10-29"
"Allahabad Bank",365712,70532,436244,449.32,62023,"(B) Regional Rural Bank","2014-10-29"
"Allahabad Bank",1211887,547600,1759487,2369.36,579359,"(A) Public Sector Banks","2014-11-05"
"Allahabad Bank",380031,75040,455071,442.32,73807,"(B) Regional Rural Bank","2014-11-05"
"Allahabad Bank",1234259,554166,1788425,2630.11,667021,"(A) Public Sector Banks","2014-11-12"
"Allahabad Bank",397286,79964,477250,447.44,79696,"(B) Regional Rural Bank","2014-11-12"
"Allahabad Bank",1265294,567763,1833057,3010.56,846587,"(A) Public Sector Banks","2014-11-19"
"Allahabad Bank",408721,83409,492130,454.16,88092,"(B) Regional Rural Bank","2014-11-19"
"Allahabad Bank",1301738,583440,1885178,3335.84,1041863,"(A) Public Sector Banks","2014-11-26"
"Allahabad Bank",417903,86244,504147,632.45,164478,"(B) Regional Rural Bank","2014-11-26"
"Allahabad Bank",1336502,595781,1932283,3553.79,1241294,"(A) Public Sector Banks","2014-12-03"
"Allahabad Bank",430848,89250,520098,710.47,130562,"(B) Regional Rural Bank","2014-12-03"
"Allahabad Bank",1360351,607322,1967673,3849.81,1469639,"(A) Public Sector Banks","2014-12-10"
"Allahabad Bank",447061,92646,539707,776.18,210811,"(B) Regional Rural Bank","2014-12-10"
"Allahabad Bank",1410599,626977,2037576,4211.92,1704415,"(A) Public Sector Banks","2014-12-17"
"Allahabad Bank",474035,98134,572169,837.18,320702,"(B) Regional Rural Bank","2014-12-17"
"Allahabad Bank",1441409,645665,2087074,4498.17,1783124,"(A) Public Sector Banks","2014-12-24"
"Allahabad Bank",487327,101226,588553,866.39,436379,"(B) Regional Rural Bank","2014-12-24"
"Allahabad Bank",1463411,658771,2122182,4843.3,2024815,"(A) Public Sector Banks","2014-12-31"
"Allahabad Bank",494631,105963,600594,928.68,588553,"(B) Regional Rural Bank","2014-12-31"
"Allahabad Bank",1510256,673637,2183893,5218.55,2182682,"(A) Public Sector Banks","2015-01-07"
"Allahabad Bank",509800,108526,618326,1057.28,598466,"(B) Regional Rural Bank","2015-01-07"
"Allahabad Bank",1557562,691167,2248729,5590.14,2185647,"(A) Public Sector Banks","2015-01-14"
"Allahabad Bank",515887,109228,625115,1176.1,607819,"(B) Regional Rural Bank","2015-01-14"
"Allahabad Bank",1658380,724508,2382888,6335.25,2327981,"(A) Public Sector Banks","2015-01-28"
"Allahabad Bank",520959,110204,631163,1380.37,614158,"(B) Regional Rural Bank","2015-01-28"
"Allahabad Bank",1702192,732807,2434999,6797.12,2380092,"(A) Public Sector Banks","2015-02-04"
"Allahabad Bank",523332,111000,634332,1554.39,617327,"(B) Regional Rural Bank","2015-02-04"
"Allahabad Bank",1736154,740133,2476287,7453.84,2421380,"(A) Public Sector Banks","2015-02-11"
"Allahabad Bank",526117,111647,637764,1673.36,620759,"(B) Regional Rural Bank","2015-02-11"
"Allahabad Bank",1769512,745332,2514844,7948.92,2459937,"(A) Public Sector Banks","2015-02-18"
"Allahabad Bank",528139,112213,640352,1768.18,623347,"(B) Regional Rural Bank","2015-02-18"
"Allahabad Bank",1801640,750042,2551682,8378.08,2496775,"(A) Public Sector Banks","2015-02-25"
"Allahabad Bank",531129,112886,644015,1887.29,627010,"(B) Regional Rural Bank","2015-02-25"
"Allahabad Bank",1835772,756613,2592385,8913.68,2537478,"(A) Public Sector Banks","2015-03-04"
"Allahabad Bank",533688,113569,647257,2042.16,630252,"(B) Regional Rural Bank","2015-03-04"
"Allahabad Bank",1861751,758129,2619880,9471.86,2564973,"(A) Public Sector Banks","2015-03-11"
"Allahabad Bank",535529,114228,649757,2154.16,632752,"(B) Regional Rural Bank","2015-03-11"
"Allahabad Bank",1910049,763627,2673676,10093.66,2618769,"(A) Public Sector Banks","2015-03-18"
"Allahabad Bank",538165,114962,653127,2322.19,636122,"(B) Regional Rural Bank","2015-03-18"
"Allahabad Bank",1957476,768656,2726132,10801.13,2671225,"(A) Public Sector Banks","2015-03-25"
"Allahabad Bank",540952,115640,656592,2569.86,639587,"(B) Regional Rural Bank","2015-03-25"
"Allahabad Bank",1997077,771822,2768899,11496.45,2713992,"(A) Public Sector Banks","2015-04-01"
"Allahabad Bank",542644,116168,658812,3071.67,641807,"(B) Regional Rural Bank","2015-04-01"
"Allahabad Bank",2037289,773424,2810713,11848.5,2755806,"(A) Public Sector Banks","2015-04-08"
"Allahabad Bank",544614,116616,661230,3669.32,644225,"(B) Regional Rural Bank","2015-04-08"
"Allahabad Bank",2068842,775519,2844361,12136.43,2789454,"(A) Public Sector Banks","2015-04-15"
"Allahabad Bank",546921,117162,664083,4216.13,647057,"(B) Regional Rural Bank","2015-04-15"
"Allahabad Bank",2114280,778930,2893210,12472.69,2838303,"(A) Public Sector Banks","2015-04-22"
"Allahabad Bank",548618,118910,667528,4283.39,650523,"(B) Regional Rural Bank","2015-04-22"
"Allahabad Bank",2139831,780770,2920601,12857.85,2865694,"(A) Public Sector Banks","2015-04-29"
"Allahabad Bank",551465,119505,670970,4298.71,653965,"(B) Regional Rural Bank","2015-04-29"
"Allahabad Bank",2159026,782247,2941273,13287.81,2886366,"(A) Public Sector Banks","2015-05-06"
"Allahabad Bank",553538,120432,673970,4359.45,656965,"(B) Regional Rural Bank","2015-05-06"
"Allahabad Bank",2187811,784503,2972314,14017.69,2917407,"(A) Public Sector Banks","2015-05-13"
"Allahabad Bank",556045,121213,677258,4426.79,660253,"(B) Regional Rural Bank","2015-05-13"
"Allahabad Bank",2220121,786713,3006834,14612.36,2951927,"(A) Public Sector Banks","2015-05-20"
"Allahabad Bank",558734,122094,680828,4595.6,663823,"(B) Regional Rural Bank","2015-05-20"
"Allahabad Bank",2269928,793301,3063229,15513.94,3008322,"(A) Public Sector Banks","2015-06-03"
"Allahabad Bank",564917,123917,688834,4819.27,671829,"(B) Regional Rural Bank","2015-06-03"
"Allahabad Bank",2296151,795723,3091874,16090.94,3036967,"(A) Public Sector Banks","2015-06-10"
"Allahabad Bank",567483,125194,692677,4970.32,675801,"(B) Regional Rural Bank","2015-06-10"
"Allahabad Bank",2321405,798689,3120094,16609.16,3065187,"(A) Public Sector Banks","2015-06-17"
"Allahabad Bank",570872,125942,696814,5056.12,679938,"(B) Regional Rural Bank","2015-06-17"
"Allahabad Bank",2352090,800160,3152250,17273.94,3097343,"(A) Public Sector Banks","2015-06-24"
"Allahabad Bank",573074,127857,700931,5268.32,684055,"(B) Regional Rural Bank","2015-06-24"
"Allahabad Bank",2384710,802059,3186769,17886.07,3131862,"(A) Public Sector Banks","2015-07-01"
"Allahabad Bank",576323,128557,704880,5425.53,688004,"(B) Regional Rural Bank","2015-07-01"
"Allahabad Bank",2416131,805274,3221405,18350.72,3166498,"(A) Public Sector Banks","2015-07-08"
"Allahabad Bank",578955,129576,708531,5662.9,691655,"(B) Regional Rural Bank","2015-07-08"
"Allahabad Bank",2441998,806635,3248633,18907.61,3193726,"(A) Public Sector Banks","2015-07-15"
"Allahabad Bank",581342,130792,712134,5738.19,695258,"(B) Regional Rural Bank","2015-07-15"
"Allahabad Bank",2458462,807950,3266412,19380.62,3211505,"(A) Public Sector Banks","2015-07-22"
"Allahabad Bank",583282,131921,715203,5834.84,698327,"(B) Regional Rural Bank","2015-07-22"
"Allahabad Bank",2485900,809490,3295390,19706.51,3240483,"(A) Public Sector Banks","2015-07-29"
"Allahabad Bank",586088,132847,718935,5885.34,702059,"(B) Regional Rural Bank","2015-07-29"
"Allahabad Bank",2514157,811570,3325727,20216.54,3270820,"(A) Public Sector Banks","2015-08-05"
"Allahabad Bank",588519,134086,722605,5942.47,705729,"(B) Regional Rural Bank","2015-08-05"
"Allahabad Bank",2540918,814029,3354947,20863.03,3300040,"(A) Public Sector Banks","2015-08-12"
"Allahabad Bank",590988,135232,726220,6034.15,709344,"(B) Regional Rural Bank","2015-08-12"
"Allahabad Bank",2558807,815010,3373817,21387.17,3318910,"(A) Public Sector Banks","2015-08-19"
"Allahabad Bank",592803,136315,729118,6181.94,712242,"(B) Regional Rural Bank","2015-08-19"
"Allahabad Bank",2593930,819041,3412971,21926.75,3358064,"(A) Public Sector Banks","2015-08-26"
"Allahabad Bank",594778,137673,732451,6209.29,715575,"(B) Regional Rural Bank","2015-08-26"
"Allahabad Bank",2599217,842275,3441492,22796.82,3386585,"(A) Public Sector Banks","2015-09-02"
"Allahabad Bank",596764,138508,735272,6254.28,717819,"(B) Regional Rural Bank","2015-09-02"
"Allahabad Bank",2614403,855516,3469919,23318.12,3415012,"(A) Public Sector Banks","2015-09-09"
"Allahabad Bank",598818,139328,738146,6399.28,720693,"(B) Regional Rural Bank","2015-09-09"
"Allahabad Bank",2634759,871901,3506660,23955.36,3451753,"(A) Public Sector Banks","2015-09-16"
"Allahabad Bank",600806,140236,741042,6477.13,723589,"(B) Regional Rural Bank","2015-09-16"
"Allahabad Bank",2657686,878545,3536231,24582,3481324,"(A) Public Sector Banks","2015-09-23"
"Allahabad Bank",602851,141428,744279,6455.86,726826,"(B) Regional Rural Bank","2015-09-23"
"Allahabad Bank",2699807,892686,3592493,25746.34,3537586,"(A) Public Sector Banks","2015-10-07"
"Allahabad Bank",606332,143275,749607,6466.28,732154,"(B) Regional Rural Bank","2015-10-07"
"Allahabad Bank",2721069,900253,3621322,26337.14,3566415,"(A) Public Sector Banks","2015-10-14"
"Allahabad Bank",608181,144284,752465,6472.42,735012,"(B) Regional Rural Bank","2015-10-14"
"Allahabad Bank",2729926,901159,3631085,26984.41,3576149,"(A) Public Sector Banks","2015-10-21"
"Allahabad Bank",610104,145183,755287,6478.93,737834,"(B) Regional Rural Bank","2015-10-21"
"Allahabad Bank",2755655,903891,3659546,27098.36,3604639,"(A) Public Sector Banks","2015-10-28"
"Allahabad Bank",611816,145857,757673,6475.28,740220,"(B) Regional Rural Bank","2015-10-28"
"Allahabad Bank",2766284,913113,3679397,27786.11,3624490,"(A) Public Sector Banks","2015-11-04"
"Allahabad Bank",614341,146784,761125,6476.23,743672,"(B) Regional Rural Bank","2015-11-04"
"Allahabad Bank",2775726,915263,3690989,28223.78,3636082,"(A) Public Sector Banks","2015-11-11"
"Allahabad Bank",615099,147016,762115,6476.42,744190,"(B) Regional Rural Bank","2015-11-11"
"Allahabad Bank",2793631,921425,3715056,28749.13,3660149,"(A) Public Sector Banks","2015-11-18"
"Allahabad Bank",618331,147739,766070,6535.47,748617,"(B) Regional Rural Bank","2015-11-18"
"Allahabad Bank",2805733,928039,3733772,28999.57,3678865,"(A) Public Sector Banks","2015-11-25"
"Allahabad Bank",620835,148336,769171,6603.13,751718,"(B) Regional Rural Bank","2015-11-25"
"Allahabad Bank",2829130,929305,3758435,29435.85,3703528,"(A) Public Sector Banks","2015-12-02"
"Allahabad Bank",623336,148934,772270,6664.14,754817,"(B) Regional Rural Bank","2015-12-02"
"Allahabad Bank",2849181,930003,3779184,30232.01,3724277,"(A) Public Sector Banks","2015-12-09"
"Allahabad Bank",626381,149661,776042,6733.13,758270,"(B) Regional Rural Bank","2015-12-09"
"Allahabad Bank",2888340,930984,3819324,31191.56,3764417,"(A) Public Sector Banks","2015-12-16"
"Allahabad Bank",629271,150353,779624,6796.75,758925,"(B) Regional Rural Bank","2015-12-16"
"Allahabad Bank",2912309,934093,3846402,32360.63,3791495,"(A) Public Sector Banks","2015-12-23"
"Allahabad Bank",633013,151248,784261,6869.13,758925,"(B) Regional Rural Bank","2015-12-23"
"Allahabad Bank",2933040,935879,3868919,32785.06,3814012,"(A) Public Sector Banks","2015-12-30"
"Allahabad Bank",634733,151659,786392,6904.4,758925,"(B) Regional Rural Bank","2015-12-30"
"Allahabad Bank",3004855,936898,3941753,32737.25,3886846,"(A) Public Sector Banks","2016-01-06"
"Allahabad Bank",638108,152469,790577,6973.12,758925,"(B) Regional Rural Bank","2016-01-06"
"Allahabad Bank",3064899,938400,4003299,34618.72,3948335,"(A) Public Sector Banks","2016-01-13"
"Allahabad Bank",640504,153041,793545,7036.25,758925,"(B) Regional Rural Bank","2016-01-13"
"Allahabad Bank",3088245,942314,4030559,34863.14,3975652,"(A) Public Sector Banks","2016-01-20"
"Allahabad Bank",642952,153625,796577,7109.49,758925,"(B) Regional Rural Bank","2016-01-20"
"Allahabad Bank",3136117,943668,4079785,35948.03,4024878,"(A) Public Sector Banks","2016-01-27"
"Allahabad Bank",643509,153760,797269,7155.24,758965,"(B) Regional Rural Bank","2016-01-27"
"Allahabad Bank",3240219,947132,4187351,38103.45,4130245,"(A) Public Sector Banks","2016-02-10"
"Allahabad Bank",644969,154107,799076,7299.28,759127,"(B) Regional Rural Bank","2016-02-10"
"Allahabad Bank",3284748,948544,4233292,39059.48,4172368,"(A) Public Sector Banks","2016-02-17"
"Allahabad Bank",645531,154141,799672,7357.21,759186,"(B) Regional Rural Bank","2016-02-17"
"Allahabad Bank",3323590,949415,4273005,40061.91,4211101,"(A) Public Sector Banks","2016-02-24"
"Allahabad Bank",646085,154271,800356,7435.35,759255,"(B) Regional Rural Bank","2016-02-24"
"Allahabad Bank",3356832,952203,4309035,41724.69,4250864,"(A) Public Sector Banks","2016-03-02"
"Allahabad Bank",646583,154394,800977,7506.43,759343,"(B) Regional Rural Bank","2016-03-02"
"Allahabad Bank",3383994,953870,4337864,42573.26,4282957,"(A) Public Sector Banks","2016-03-09"
"Allahabad Bank",647108,154518,801626,7585.35,759582,"(B) Regional Rural Bank","2016-03-09"
"Allahabad Bank",3412810,955523,4368333,43943.91,4285998,"(A) Public Sector Banks","2016-03-16"
"Allahabad Bank",647633,154650,802283,7658.47,759893,"(B) Regional Rural Bank","2016-03-16"
"Allahabad Bank",3435038,956626,4391664,45245.68,4288576,"(A) Public Sector Banks","2016-03-23"
"Allahabad Bank",648341,154818,803159,7712.47,760314,"(B) Regional Rural Bank","2016-03-23"
"Allahabad Bank",3457311,958500,4415811,46112.33,4291755,"(A) Public Sector Banks","2016-03-30"
"Allahabad Bank",648757,154919,803676,7747.13,760743,"(B) Regional Rural Bank","2016-03-30"
"Allahabad Bank",3478911,959924,4438835,47100.83,4294817,"(A) Public Sector Banks","2016-04-06"
"Allahabad Bank",649267,155043,804310,7801.35,761377,"(B) Regional Rural Bank","2016-04-06"
"Allahabad Bank",3503114,961151,4464265,47229.75,4297674,"(A) Public Sector Banks","2016-04-13"
"Allahabad Bank",649267,155043,804310,7801.35,761377,"(B) Regional Rural Bank","2016-04-13"
"Allahabad Bank",3515661,961905,4477566,47840.9,4299558,"(A) Public Sector Banks","2016-04-20"
"Allahabad Bank",649267,155043,804310,7801.35,761377,"(B) Regional Rural Bank","2016-04-20"
"Allahabad Bank",3527460,963854,4491314,48217.04,4301466,"(A) Public Sector Banks","2016-04-27"
"Allahabad Bank",650505,155342,805847,7934.19,762914,"(B) Regional Rural Bank","2016-04-27"
"Allahabad Bank",3549887,964645,4514532,49265.69,4304035,"(A) Public Sector Banks","2016-05-04"
"Allahabad Bank",651025,155464,806489,7960.02,763223,"(B) Regional Rural Bank","2016-05-04"
"Allahabad Bank",3581392,965898,4547290,50609.16,4307476,"(A) Public Sector Banks","2016-05-11"
"Allahabad Bank",651383,155551,806934,7962.49,763302,"(B) Regional Rural Bank","2016-05-11"
"Allahabad Bank",3620686,967747,4588433,51185.43,4311807,"(A) Public Sector Banks","2016-05-18"
"Allahabad Bank",651636,155614,807250,7965.21,763354,"(B) Regional Rural Bank","2016-05-18"
"Allahabad Bank",3645826,969049,4614875,51586.1,4316188,"(A) Public Sector Banks","2016-05-25"
"Allahabad Bank",651816,155659,807475,7967.43,763395,"(B) Regional Rural Bank","2016-05-25"
"Allahabad Bank",3676036,970688,4646724,53268.99,4319075,"(A) Public Sector Banks","2016-06-01"
"Allahabad Bank",652006,155705,807711,7969.35,763434,"(B) Regional Rural Bank","2016-06-01"
"Allahabad Bank",1615063,709086,2324149,6003.87,2269242,"(A) Public Sector Banks","2015-01-21"
"Allahabad Bank",518780,109732,628512,1295.96,611507,"(B) Regional Rural Bank","2015-01-21"
"Allahabad Bank",2243622,792160,3035782,15078.88,2980875,"(A) Public Sector Banks","2015-05-27"
"Allahabad Bank",561994,122607,684601,4676.92,667596,"(B) Regional Rural Bank","2015-05-27"
"Allahabad Bank",2682111,883974,3566085,25201.22,3511178,"(A) Public Sector Banks","2015-09-30"
"Allahabad Bank",604600,142073,746673,6449.87,729220,"(B) Regional Rural Bank","2015-09-30"
"Allahabad Bank",3193144,945546,4138690,37041.99,4082818,"(A) Public Sector Banks","2016-02-03"
"Allahabad Bank",644136,153907,798043,7228.14,759036,"(B) Regional Rural Bank","2016-02-03"
"Allahabad Bank",3712161,972578,4684739,54037.34,4322484,"(A) Public Sector Banks","2016-06-08"
"Allahabad Bank",652236,155759,807995,7972.48,763492,"(B) Regional Rural Bank","2016-06-08"
"Allahabad Bank",4532736,1029561,5562297,71518.07,4417010,"(A) Public Sector Banks","2016-10-12"
"Allahabad Bank",702094,157480,859574,11445.25,766387,"(B) Regional Rural Bank","2016-10-12"
"Allahabad Bank",5317019,1169044,6486063,120848.16,5107140,"(A) Public Sector Banks","2017-02-15"
"Allahabad Bank",917284,169104,1086388,26239.35,767889,"(B) Regional Rural Bank","2017-02-15"
"Allahabad Bank",5441949,1215359,6657308,130253.11,5172636,"(A) Public Sector Banks","2017-06-21"
"Allahabad Bank",918796,169109,1087905,25795.09,768064,"(B) Regional Rural Bank","2017-06-21"
"Allahabad Bank",5642622,1401752,7044374,157841.16,5226560,"(A) Public Sector Banks","2017-10-25"
"Allahabad Bank",919875,169110,1088985,26262.64,768124,"(B) Regional Rural Bank","2017-10-25"
"Allahabad Bank",5895689,1626650,7522339,188420.02,5771485,"(A) Public Sector Banks","2018-02-28"
"Allahabad Bank",925727,169285,1095012,27630.12,781002,"(B) Regional Rural Bank","2018-02-28"
"Allahabad Bank",6339844,2012738,8352582,229432.93,6050170,"(A) Public Sector Banks","2018-07-11"
"Allahabad Bank",938979,169314,1108293,29015.95,781002,"(B) Regional Rural Bank","2018-07-11"
"Allahabad Bank",3739966,974633,4714599,54982.87,4325496,"(A) Public Sector Banks","2016-06-15"
"Allahabad Bank",652426,155804,808230,7974.32,763552,"(B) Regional Rural Bank","2016-06-15"
"Allahabad Bank",3770030,976930,4746960,55874.12,4330360,"(A) Public Sector Banks","2016-06-22"
"Allahabad Bank",652617,155850,808467,7978.21,763658,"(B) Regional Rural Bank","2016-06-22"
"Allahabad Bank",3806686,979076,4785762,56467.1,4335342,"(A) Public Sector Banks","2016-06-29"
"Allahabad Bank",652821,155876,808697,7981.32,763803,"(B) Regional Rural Bank","2016-06-29"
"Allahabad Bank",3850086,981137,4831223,57684.54,4340334,"(A) Public Sector Banks","2016-07-06"
"Allahabad Bank",652990,155923,808913,7984.38,763871,"(B) Regional Rural Bank","2016-07-06"
"Allahabad Bank",3886788,984078,4870866,58459.97,4345009,"(A) Public Sector Banks","2016-07-13"
"Allahabad Bank",653136,155942,809078,7987.36,763937,"(B) Regional Rural Bank","2016-07-13"
"Allahabad Bank",3926876,986158,4913034,59386.5,4349976,"(A) Public Sector Banks","2016-07-20"
"Allahabad Bank",653295,155963,809258,7990.15,764022,"(B) Regional Rural Bank","2016-07-20"
"Allahabad Bank",3978236,989073,4967309,60248.43,4355272,"(A) Public Sector Banks","2016-07-27"
"Allahabad Bank",653441,155982,809423,7993.25,764118,"(B) Regional Rural Bank","2016-07-27"
"Allahabad Bank",4036449,992595,5029044,61023.87,4360648,"(A) Public Sector Banks","2016-08-03"
"Allahabad Bank",653706,156137,809843,8006.24,764198,"(B) Regional Rural Bank","2016-08-03"
"Allahabad Bank",4098252,996663,5094915,61974.95,4366096,"(A) Public Sector Banks","2016-08-10"
"Allahabad Bank",654094,156262,810356,8013.18,764293,"(B) Regional Rural Bank","2016-08-10"
"Allahabad Bank",4160427,1001028,5161455,62720.53,4371498,"(A) Public Sector Banks","2016-08-17"
"Allahabad Bank",654598,156372,810970,8023.15,764475,"(B) Regional Rural Bank","2016-08-17"
"Allahabad Bank",4204949,1004275,5209224,63485.32,4376966,"(A) Public Sector Banks","2016-08-24"
"Allahabad Bank",655216,156565,811781,8048.16,764629,"(B) Regional Rural Bank","2016-08-24"
"Allahabad Bank",4265365,1008552,5273917,64280.35,4383435,"(A) Public Sector Banks","2016-08-31"
"Allahabad Bank",655848,157107,812955,8865.14,764786,"(B) Regional Rural Bank","2016-08-31"
"Allahabad Bank",4316659,1011984,5328643,65784.99,4388817,"(A) Public Sector Banks","2016-09-07"
"Allahabad Bank",656525,157153,813678,9573.25,764993,"(B) Regional Rural Bank","2016-09-07"
"Allahabad Bank",4361868,1015530,5377398,66958.65,4394427,"(A) Public Sector Banks","2016-09-14"
"Allahabad Bank",661079,157223,818302,9664.18,765119,"(B) Regional Rural Bank","2016-09-14"
"Allahabad Bank",4404910,1019453,5424363,68331.56,4400199,"(A) Public Sector Banks","2016-09-21"
"Allahabad Bank",664599,157223,821822,9805.13,765334,"(B) Regional Rural Bank","2016-09-21"
"Allahabad Bank",4450149,1022250,5472399,69736.86,4406094,"(A) Public Sector Banks","2016-09-28"
"Allahabad Bank",674847,157223,832070,10107.02,765673,"(B) Regional Rural Bank","2016-09-28"
"Allahabad Bank",4499820,1027048,5526868,70950.39,4411839,"(A) Public Sector Banks","2016-10-05"
"Allahabad Bank",699787,157223,857010,11413.35,766263,"(B) Regional Rural Bank","2016-10-05"
"Allahabad Bank",4560250,1031629,5591879,72571.98,4421089,"(A) Public Sector Banks","2016-10-19"
"Allahabad Bank",718357,162751,881108,12078.26,766779,"(B) Regional Rural Bank","2016-10-19"
"Allahabad Bank",4604943,1034806,5639749,73289.29,4427081,"(A) Public Sector Banks","2016-10-26"
"Allahabad Bank",750392,162751,913143,13101.66,767107,"(B) Regional Rural Bank","2016-10-26"
"Allahabad Bank",4627079,1036479,5663558,74136.1,4431065,"(A) Public Sector Banks","2016-11-02"
"Allahabad Bank",761537,162774,924311,13332.42,767384,"(B) Regional Rural Bank","2016-11-02"
"Allahabad Bank",4656482,1038355,5694837,75286.26,4434159,"(A) Public Sector Banks","2016-11-09"
"Allahabad Bank",785671,162774,948445,14140.45,767729,"(B) Regional Rural Bank","2016-11-09"
"Allahabad Bank",4667495,1040006,5707501,112967.89,4437115,"(A) Public Sector Banks","2016-11-16"
"Allahabad Bank",806045,167041,973086,22124.43,767782,"(B) Regional Rural Bank","2016-11-16"
"Allahabad Bank",4684787,1044367,5729154,134490.82,4439460,"(A) Public Sector Banks","2016-11-23"
"Allahabad Bank",833973,167041,1001014,26621.36,767875,"(B) Regional Rural Bank","2016-11-23"
"Allahabad Bank",4731363,1051762,5783125,138043,4444504,"(A) Public Sector Banks","2016-11-30"
"Allahabad Bank",846870,167041,1013911,27380.9,767889,"(B) Regional Rural Bank","2016-11-30"
"Allahabad Bank",4836874,1072147,5909021,137142.49,4511766,"(A) Public Sector Banks","2016-12-07"
"Allahabad Bank",859644,167400,1027044,28684.28,767889,"(B) Regional Rural Bank","2016-12-07"
"Allahabad Bank",4907528,1089042,5996570,135933.36,4635781,"(A) Public Sector Banks","2016-12-14"
"Allahabad Bank",868090,168636,1036726,28865.13,767889,"(B) Regional Rural Bank","2016-12-14"
"Allahabad Bank",4994759,1102642,6097401,133724.33,4738821,"(A) Public Sector Banks","2016-12-21"
"Allahabad Bank",880646,168636,1049282,28628.03,767889,"(B) Regional Rural Bank","2016-12-21"
"Allahabad Bank",5089664,1116680,6206344,131571.49,4829947,"(A) Public Sector Banks","2016-12-28"
"Allahabad Bank",892346,168636,1060982,28647.08,767889,"(B) Regional Rural Bank","2016-12-28"
"Allahabad Bank",5189983,1130939,6320922,129590.17,4922165,"(A) Public Sector Banks","2017-01-04"
"Allahabad Bank",910893,168771,1079664,28959.53,767889,"(B) Regional Rural Bank","2017-01-04"
"Allahabad Bank",5238284,1141191,6379475,127325.02,4989390,"(A) Public Sector Banks","2017-01-11"
"Allahabad Bank",914884,168977,1083861,28556.46,767889,"(B) Regional Rural Bank","2017-01-11"
"Allahabad Bank",5258178,1146535,6404713,125959.36,5040712,"(A) Public Sector Banks","2017-01-18"
"Allahabad Bank",915734,169047,1084781,28172,767889,"(B) Regional Rural Bank","2017-01-18"
"Allahabad Bank",5274443,1153255,6427698,123878.85,5094726,"(A) Public Sector Banks","2017-01-25"
"Allahabad Bank",916336,169047,1085383,27616.14,767889,"(B) Regional Rural Bank","2017-01-25"
"Allahabad Bank",5288763,1158071,6446834,122680.05,5098275,"(A) Public Sector Banks","2017-02-01"
"Allahabad Bank",916783,169104,1085887,27388.92,767889,"(B) Regional Rural Bank","2017-02-01"
"Allahabad Bank",5300964,1163787,6464751,120907.2,5103241,"(A) Public Sector Banks","2017-02-08"
"Allahabad Bank",917028,169104,1086132,26420.47,767889,"(B) Regional Rural Bank","2017-02-08"
"Allahabad Bank",5337493,1174402,6511895,119486.13,5111786,"(A) Public Sector Banks","2017-02-22"
"Allahabad Bank",917571,169104,1086675,25848.39,767889,"(B) Regional Rural Bank","2017-02-22"
"Allahabad Bank",5352920,1179389,6532309,119567.38,5115141,"(A) Public Sector Banks","2017-03-01"
"Allahabad Bank",917727,169104,1086831,25714.69,767889,"(B) Regional Rural Bank","2017-03-01"
"Allahabad Bank",5367374,1186929,6554303,118420.56,5119818,"(A) Public Sector Banks","2017-03-08"
"Allahabad Bank",917937,169104,1087041,25107.21,768015,"(B) Regional Rural Bank","2017-03-08"
"Allahabad Bank",5378363,1191066,6569429,118915.13,5123532,"(A) Public Sector Banks","2017-03-15"
"Allahabad Bank",917997,169104,1087101,24987.86,768021,"(B) Regional Rural Bank","2017-03-15"
"Allahabad Bank",5386310,1193222,6579532,118494.93,5127366,"(A) Public Sector Banks","2017-03-22"
"Allahabad Bank",918051,169104,1087155,24861.04,768039,"(B) Regional Rural Bank","2017-03-22"
"Allahabad Bank",5396801,1194941,6591742,119002.53,5130962,"(A) Public Sector Banks","2017-03-29"
"Allahabad Bank",918090,169109,1087199,25486.01,768047,"(B) Regional Rural Bank","2017-03-29"
"Allahabad Bank",5403660,1196207,6599867,123189.79,5134579,"(A) Public Sector Banks","2017-04-05"
"Allahabad Bank",918136,169109,1087245,27302.56,768059,"(B) Regional Rural Bank","2017-04-05"
"Allahabad Bank",5408676,1197253,6605929,132425.05,5137754,"(A) Public Sector Banks","2017-04-12"
"Allahabad Bank",918174,169109,1087283,27286.32,768064,"(B) Regional Rural Bank","2017-04-12"
"Allahabad Bank",5412813,1198977,6611790,133176.53,5140766,"(A) Public Sector Banks","2017-04-19"
"Allahabad Bank",918215,169109,1087324,27151.07,768064,"(B) Regional Rural Bank","2017-04-19"
"Allahabad Bank",5416896,1200071,6616967,124279.98,5143959,"(A) Public Sector Banks","2017-04-26"
"Allahabad Bank",918266,169109,1087375,27024.4,768064,"(B) Regional Rural Bank","2017-04-26"
"Allahabad Bank",5419396,1202308,6621704,124041.25,5147042,"(A) Public Sector Banks","2017-05-03"
"Allahabad Bank",918336,169109,1087445,26535.82,768064,"(B) Regional Rural Bank","2017-05-03"
"Allahabad Bank",5422939,1203329,6626268,125122.84,5150266,"(A) Public Sector Banks","2017-05-10"
"Allahabad Bank",918393,169109,1087502,26017.35,768064,"(B) Regional Rural Bank","2017-05-10"
"Allahabad Bank",5426082,1205378,6631460,125151.23,5153787,"(A) Public Sector Banks","2017-05-17"
"Allahabad Bank",918453,169109,1087562,25710.66,768064,"(B) Regional Rural Bank","2017-05-17"
"Allahabad Bank",5430251,1207241,6637492,125346.4,5157408,"(A) Public Sector Banks","2017-05-24"
"Allahabad Bank",918527,169109,1087636,25762.23,768064,"(B) Regional Rural Bank","2017-05-24"
"Allahabad Bank",5433409,1209288,6642697,126041.48,5161377,"(A) Public Sector Banks","2017-05-31"
"Allahabad Bank",918584,169109,1087693,26324.08,768064,"(B) Regional Rural Bank","2017-05-31"
"Allahabad Bank",5436547,1210864,6647411,128096.27,5165098,"(A) Public Sector Banks","2017-06-07"
"Allahabad Bank",918662,169109,1087771,26274.25,768064,"(B) Regional Rural Bank","2017-06-07"
"Allahabad Bank",5439313,1213176,6652489,129209.24,5168511,"(A) Public Sector Banks","2017-06-14"
"Allahabad Bank",918726,169109,1087835,25995.8,768064,"(B) Regional Rural Bank","2017-06-14"
"Allahabad Bank",5445097,1217822,6662919,130365.33,5176444,"(A) Public Sector Banks","2017-06-28"
"Allahabad Bank",918848,169109,1087957,25841.32,768064,"(B) Regional Rural Bank","2017-06-28"
"Allahabad Bank",5447961,1219760,6667721,131410.87,5180192,"(A) Public Sector Banks","2017-07-05"
"Allahabad Bank",918922,169109,1088031,25914.7,768064,"(B) Regional Rural Bank","2017-07-05"
"Allahabad Bank",5451408,1221415,6672823,133051.94,5184112,"(A) Public Sector Banks","2017-07-12"
"Allahabad Bank",918980,169109,1088089,25960.2,768114,"(B) Regional Rural Bank","2017-07-12"
"Allahabad Bank",5454377,1223835,6678212,133684.04,5188235,"(A) Public Sector Banks","2017-07-19"
"Allahabad Bank",919055,169109,1088164,25663.54,768114,"(B) Regional Rural Bank","2017-07-19"
"Allahabad Bank",5457117,1225880,6682997,133915.44,5191473,"(A) Public Sector Banks","2017-07-26"
"Allahabad Bank",919122,169109,1088231,25565.01,768114,"(B) Regional Rural Bank","2017-07-26"
"Allahabad Bank",5459856,1228139,6687995,136230.63,5194377,"(A) Public Sector Banks","2017-08-02"
"Allahabad Bank",919207,169109,1088316,25486.72,768114,"(B) Regional Rural Bank","2017-08-02"
"Allahabad Bank",5463221,1229866,6693087,138986.37,5196748,"(A) Public Sector Banks","2017-08-09"
"Allahabad Bank",919270,169109,1088379,25287.01,768114,"(B) Regional Rural Bank","2017-08-09"
"Allahabad Bank",5465883,1232190,6698073,140752.63,5199878,"(A) Public Sector Banks","2017-08-16"
"Allahabad Bank",919319,169109,1088428,25127.25,768114,"(B) Regional Rural Bank","2017-08-16"
"Allahabad Bank",5469281,1233914,6703195,141987.54,5202972,"(A) Public Sector Banks","2017-08-23"
"Allahabad Bank",919396,169109,1088505,25054.67,768114,"(B) Regional Rural Bank","2017-08-23"
"Allahabad Bank",5472165,1235967,6708132,143300.81,5205706,"(A) Public Sector Banks","2017-08-30"
"Allahabad Bank",919456,169109,1088565,25158.75,768114,"(B) Regional Rural Bank","2017-08-30"
"Allahabad Bank",5475299,1238192,6713491,146344.91,5208726,"(A) Public Sector Banks","2017-09-06"
"Allahabad Bank",919509,169110,1088619,25112.62,768124,"(B) Regional Rural Bank","2017-09-06"
"Allahabad Bank",5478101,1239671,6717772,148503.36,5211344,"(A) Public Sector Banks","2017-09-13"
"Allahabad Bank",919558,169110,1088668,24863.05,768124,"(B) Regional Rural Bank","2017-09-13"
"Allahabad Bank",5508771,1270148,6778919,151645.42,5214363,"(A) Public Sector Banks","2017-09-20"
"Allahabad Bank",919613,169110,1088723,25445.24,768124,"(B) Regional Rural Bank","2017-09-20"
"Allahabad Bank",5541523,1300896,6842419,152903.91,5216910,"(A) Public Sector Banks","2017-09-27"
"Allahabad Bank",919661,169110,1088771,25373.37,768124,"(B) Regional Rural Bank","2017-09-27"
"Allahabad Bank",5572543,1330027,6902570,155112.06,5218934,"(A) Public Sector Banks","2017-10-04"
"Allahabad Bank",919679,169110,1088789,25232.47,768124,"(B) Regional Rural Bank","2017-10-04"
"Allahabad Bank",5601890,1356365,6958255,156209.52,5221153,"(A) Public Sector Banks","2017-10-11"
"Allahabad Bank",919765,169110,1088875,26440.03,768124,"(B) Regional Rural Bank","2017-10-11"
"Allahabad Bank",5623116,1380029,7003145,156675.78,5223793,"(A) Public Sector Banks","2017-10-18"
"Allahabad Bank",919821,169110,1088931,26211.37,768124,"(B) Regional Rural Bank","2017-10-18"
"Allahabad Bank",5663131,1422356,7085487,157715.35,5229392,"(A) Public Sector Banks","2017-11-01"
"Allahabad Bank",919907,169150,1089057,25789.12,768124,"(B) Regional Rural Bank","2017-11-01"
"Allahabad Bank",5685034,1439376,7124410,160825.37,5232347,"(A) Public Sector Banks","2017-11-08"
"Allahabad Bank",919972,169159,1089131,25710.89,768124,"(B) Regional Rural Bank","2017-11-08"
"Allahabad Bank",5703653,1455882,7159535,162566.85,5235466,"(A) Public Sector Banks","2017-11-15"
"Allahabad Bank",920025,169159,1089184,25563.84,768124,"(B) Regional Rural Bank","2017-11-15"
"Allahabad Bank",5705158,1457210,7162368,163595.87,5238664,"(A) Public Sector Banks","2017-11-22"
"Allahabad Bank",920072,169159,1089231,25497.58,768124,"(B) Regional Rural Bank","2017-11-22"
"Allahabad Bank",5706794,1458647,7165441,163553.96,5241508,"(A) Public Sector Banks","2017-11-29"
"Allahabad Bank",920123,169159,1089282,25532.88,768124,"(B) Regional Rural Bank","2017-11-29"
"Allahabad Bank",5708551,1460215,7168766,166814.36,5244421,"(A) Public Sector Banks","2017-12-06"
"Allahabad Bank",920160,169159,1089319,25508.78,768124,"(B) Regional Rural Bank","2017-12-06"
"Allahabad Bank",5710340,1461806,7172146,170078.93,5246932,"(A) Public Sector Banks","2017-12-13"
"Allahabad Bank",920195,169159,1089354,25731.11,768124,"(B) Regional Rural Bank","2017-12-13"
"Allahabad Bank",5712674,1463883,7176557,171733.21,5272539,"(A) Public Sector Banks","2017-12-20"
"Allahabad Bank",920219,169159,1089378,25871.46,768124,"(B) Regional Rural Bank","2017-12-20"
"Allahabad Bank",5718035,1468605,7186640,174660.42,5295801,"(A) Public Sector Banks","2017-12-27"
"Allahabad Bank",920238,169159,1089397,26168.51,768124,"(B) Regional Rural Bank","2017-12-27"
"Allahabad Bank",5723228,1473211,7196439,177674.18,5319995,"(A) Public Sector Banks","2018-01-03"
"Allahabad Bank",923537,169280,1092817,26597.29,768124,"(B) Regional Rural Bank","2018-01-03"
"Allahabad Bank",5746898,1494144,7241042,178618.88,5353830,"(A) Public Sector Banks","2018-01-10"
"Allahabad Bank",923930,169285,1093215,26985.54,768124,"(B) Regional Rural Bank","2018-01-10"
"Allahabad Bank",5770005,1514721,7284726,179531.21,5405487,"(A) Public Sector Banks","2018-01-17"
"Allahabad Bank",924019,169285,1093304,27273.19,768124,"(B) Regional Rural Bank","2018-01-17"
"Allahabad Bank",5784601,1527671,7312272,180375.54,5431141,"(A) Public Sector Banks","2018-01-24"
"Allahabad Bank",924126,169285,1093411,27339.07,768124,"(B) Regional Rural Bank","2018-01-24"
"Allahabad Bank",5800133,1541475,7341608,182048.58,5457470,"(A) Public Sector Banks","2018-01-31"
"Allahabad Bank",924204,169285,1093489,27513.37,768124,"(B) Regional Rural Bank","2018-01-31"
"Allahabad Bank",5815973,1555574,7371547,182802.25,5487199,"(A) Public Sector Banks","2018-02-07"
"Allahabad Bank",924396,169285,1093681,27604.35,768124,"(B) Regional Rural Bank","2018-02-07"
"Allahabad Bank",5842095,1578828,7420923,184750.32,5590427,"(A) Public Sector Banks","2018-02-14"
"Allahabad Bank",924505,169285,1093790,27514.87,771243,"(B) Regional Rural Bank","2018-02-14"
"Allahabad Bank",5870226,1603944,7474170,187202.78,5699679,"(A) Public Sector Banks","2018-02-21"
"Allahabad Bank",925581,169285,1094866,27793.73,780031,"(B) Regional Rural Bank","2018-02-21"
"Allahabad Bank",5910572,1639947,7550519,193917.15,5796714,"(A) Public Sector Banks","2018-03-07"
"Allahabad Bank",925834,169285,1095119,27759.16,781002,"(B) Regional Rural Bank","2018-03-07"
"Allahabad Bank",5920174,1648509,7568683,198159.55,5813997,"(A) Public Sector Banks","2018-03-14"
"Allahabad Bank",925917,169285,1095202,28018.43,781002,"(B) Regional Rural Bank","2018-03-14"
"Allahabad Bank",5929083,1656443,7585526,201590.35,5829178,"(A) Public Sector Banks","2018-03-21"
"Allahabad Bank",925980,169285,1095265,28687.86,781002,"(B) Regional Rural Bank","2018-03-21"
"Allahabad Bank",5935492,1662178,7597670,205851.25,5842606,"(A) Public Sector Banks","2018-03-28"
"Allahabad Bank",926107,169285,1095392,29344.12,781002,"(B) Regional Rural Bank","2018-03-28"
"Allahabad Bank",5942869,1668754,7611623,213731.57,5853475,"(A) Public Sector Banks","2018-04-04"
"Allahabad Bank",926170,169285,1095455,30960.58,781002,"(B) Regional Rural Bank","2018-04-04"
"Allahabad Bank",5950999,1676002,7627001,211927.4,5869603,"(A) Public Sector Banks","2018-04-11"
"Allahabad Bank",927986,169285,1097271,30640.12,781002,"(B) Regional Rural Bank","2018-04-11"
"Allahabad Bank",5963116,1680360,7643476,215673.46,5884106,"(A) Public Sector Banks","2018-04-18"
"Allahabad Bank",929490,169314,1098804,30782.56,781002,"(B) Regional Rural Bank","2018-04-18"
"Allahabad Bank",5985698,1700240,7685938,214595.27,5919734,"(A) Public Sector Banks","2018-04-25"
"Allahabad Bank",930180,169314,1099494,30207.56,781002,"(B) Regional Rural Bank","2018-04-25"
"Allahabad Bank",6003754,1716135,7719889,213836.49,5946877,"(A) Public Sector Banks","2018-05-02"
"Allahabad Bank",930589,169314,1099903,29870.33,781002,"(B) Regional Rural Bank","2018-05-02"
"Allahabad Bank",6023893,1733896,7757789,212328.52,5975982,"(A) Public Sector Banks","2018-05-09"
"Allahabad Bank",931503,169314,1100817,29358.5,781002,"(B) Regional Rural Bank","2018-05-09"
"Allahabad Bank",6050866,1757672,7808538,214644.71,6015364,"(A) Public Sector Banks","2018-05-23"
"Allahabad Bank",932959,169314,1102273,29282.8,781002,"(B) Regional Rural Bank","2018-05-23"
"Allahabad Bank",6062710,1768093,7830803,216760.19,6033239,"(A) Public Sector Banks","2018-05-30"
"Allahabad Bank",933748,169314,1103062,29256.48,781002,"(B) Regional Rural Bank","2018-05-30"
"Allahabad Bank",6073336,1777554,7850890,221401.58,6036657,"(A) Public Sector Banks","2018-06-06"
"Allahabad Bank",934607,169314,1103921,29264.97,781002,"(B) Regional Rural Bank","2018-06-06"
"Allahabad Bank",6081321,1785089,7866410,221556.59,6039006,"(A) Public Sector Banks","2018-06-13"
"Allahabad Bank",935369,169314,1104683,29117.1,781002,"(B) Regional Rural Bank","2018-06-13"
"Allahabad Bank",6105299,1806245,7911544,224171.57,6041498,"(A) Public Sector Banks","2018-06-20"
"Allahabad Bank",936126,169314,1105440,28997.26,781002,"(B) Regional Rural Bank","2018-06-20"
"Allahabad Bank",6188697,1879762,8068459,225549.46,6044017,"(A) Public Sector Banks","2018-06-27"
"Allahabad Bank",936921,169314,1106235,28946.99,781002,"(B) Regional Rural Bank","2018-06-27"
"Allahabad Bank",6260678,1943216,8203894,228906.36,6044017,"(A) Public Sector Banks","2018-07-04"
"Allahabad Bank",937721,169314,1107035,29009.82,781002,"(B) Regional Rural Bank","2018-07-04"
"Allahabad Bank",6423356,2086259,8509615,233111.35,6051965,"(A) Public Sector Banks","2018-07-18"
"Allahabad Bank",939774,169314,1109088,29193.73,781002,"(B) Regional Rural Bank","2018-07-18"
"Allahabad Bank",6579305,2223701,8803006,238682.39,6055830,"(A) Public Sector Banks","2018-08-01"
"Allahabad Bank",943159,169314,1112473,29610.19,781002,"(B) Regional Rural Bank","2018-08-01"
"Allahabad Bank",6629034,2267709,8896743,243523.37,6057955,"(A) Public Sector Banks","2018-08-08"
"Allahabad Bank",945420,169314,1114734,30289.3,781002,"(B) Regional Rural Bank","2018-08-08"
"Allahabad Bank",6681935,2314544,8996479,245410.09,6060549,"(A) Public Sector Banks","2018-08-15"
"Allahabad Bank",946979,169314,1116293,30190.97,781002,"(B) Regional Rural Bank","2018-08-15"
"Allahabad Bank",6728024,2355528,9083552,247634.73,6063430,"(A) Public Sector Banks","2018-08-22"
"Allahabad Bank",948776,169314,1118090,30358.13,781002,"(B) Regional Rural Bank","2018-08-22"
"Allahabad Bank",6782759,2403960,9186719,250144.62,6066228,"(A) Public Sector Banks","2018-08-29"
"Allahabad Bank",952445,169314,1121759,30758.68,781002,"(B) Regional Rural Bank","2018-08-29"
"Allahabad Bank",6812973,2430778,9243751,254113.59,6068620,"(A) Public Sector Banks","2018-09-05"
"Allahabad Bank",957016,169314,1126330,30489.62,781002,"(B) Regional Rural Bank","2018-09-05"
"Allahabad Bank",6855118,2468570,9323688,255157.33,6073326,"(A) Public Sector Banks","2018-09-12"
"Allahabad Bank",962435,169314,1131749,30372.37,781002,"(B) Regional Rural Bank","2018-09-12"
"Allahabad Bank",6907454,2514987,9422441,259611.72,6073326,"(A) Public Sector Banks","2018-09-19"
"Allahabad Bank",967716,169314,1137030,30342.97,781002,"(B) Regional Rural Bank","2018-09-19"
"Allahabad Bank",6941514,2545073,9486587,261424.46,6074875,"(A) Public Sector Banks","2018-09-26"
"Allahabad Bank",971028,169314,1140342,30191.76,781002,"(B) Regional Rural Bank","2018-09-26"
"Allahabad Bank",6977356,2577240,9554596,262772.69,6074875,"(A) Public Sector Banks","2018-10-03"
"Allahabad Bank",975601,169314,1144915,30413.72,781002,"(B) Regional Rural Bank","2018-10-03"
"Allahabad Bank",7013477,2602774,9616251,267771.41,6074994,"(A) Public Sector Banks","2018-10-10"
"Allahabad Bank",979475,169314,1148789,30752.9,781002,"(B) Regional Rural Bank","2018-10-10"
"Allahabad Bank",7038485,2624647,9663132,267785.21,6087595,"(A) Public Sector Banks","2018-10-17"
"Allahabad Bank",979475,169314,1148789,30752.9,781002,"(B) Regional Rural Bank","2018-10-17"
"Allahabad Bank",7071381,2653244,9724625,270505.04,6090118,"(A) Public Sector Banks","2018-10-24"
"Allahabad Bank",987058,169314,1156372,30573.36,781002,"(B) Regional Rural Bank","2018-10-24"
"Allahabad Bank",7089834,2669633,9759467,268726.28,6092958,"(A) Public Sector Banks","2018-10-31"
"Allahabad Bank",991630,169314,1160944,30411.08,781002,"(B) Regional Rural Bank","2018-10-31"
"Allahabad Bank",7109779,2681709,9791488,271908.79,6094172,"(A) Public Sector Banks","2018-11-07"
"Allahabad Bank",994839,169314,1164153,30238.31,781002,"(B) Regional Rural Bank","2018-11-07"
"Allahabad Bank",7125971,2686088,9812059,272953.84,6094397,"(A) Public Sector Banks","2018-11-14"
"Allahabad Bank",998662,169314,1167976,30130.22,781002,"(B) Regional Rural Bank","2018-11-14"
"Allahabad Bank",7140294,2694525,9834819,273697.7,6094704,"(A) Public Sector Banks","2018-11-21"
"Allahabad Bank",1011937,169314,1181251,30052.18,781002,"(B) Regional Rural Bank","2018-11-21"
"Allahabad Bank",7143340,2696242,9839582,274617.96,6094880,"(A) Public Sector Banks","2018-11-28"
"Allahabad Bank",1019010,169314,1188324,29976.81,781002,"(B) Regional Rural Bank","2018-11-28"
"Allahabad Bank",7153951,2700025,9853976,281504.52,6096873,"(A) Public Sector Banks","2018-12-05"
"Allahabad Bank",1026274,169314,1195588,30477.89,781002,"(B) Regional Rural Bank","2018-12-05"
"Allahabad Bank",7180282,2716122,9896404,284107.47,6097027,"(A) Public Sector Banks","2018-12-12"
"Allahabad Bank",1029684,169314,1198998,30588.46,781002,"(B) Regional Rural Bank","2018-12-12"
"Allahabad Bank",7198116,2729562,9927678,289008.65,6097193,"(A) Public Sector Banks","2018-12-19"
"Allahabad Bank",1031099,169314,1200413,30641.46,781002,"(B) Regional Rural Bank","2018-12-19"
"Allahabad Bank",7217984,2736227,9954211,292922.68,6099478,"(A) Public Sector Banks","2018-12-26"
"Allahabad Bank",1032532,169314,1201846,31249.58,781002,"(B) Regional Rural Bank","2018-12-26"
"Allahabad Bank",7235999,2749203,9985202,294738.75,6105129,"(A) Public Sector Banks","2019-01-02"
"Allahabad Bank",1035309,169314,1204623,32122.27,781002,"(B) Regional Rural Bank","2019-01-02"
"Allahabad Bank",7298138,2776297,10074435,301789.86,6112190,"(A) Public Sector Banks","2019-01-16"
"Allahabad Bank",1097078,169314,1266392,32796.91,781002,"(B) Regional Rural Bank","2019-01-16"
"Allahabad Bank",7331342,2790493,10121835,306549.89,6114121,"(A) Public Sector Banks","2019-01-23"
"Allahabad Bank",1171339,169314,1340653,33417.17,781002,"(B) Regional Rural Bank","2019-01-23"
