Bank Name / Type,Number of Beneficiaries at rural/semiurban centre bank branches,Number of Beneficiaries at urban metro centre bank branches,Number of Total Beneficiaries,Deposits in Accounts(In lac),Number of Rupay Debit Cards issued to beneficiaries,level,date
"Bank of Baroda",958981,1617242,2576223,1366.41,1973850,"(A) Public Sector Banks","2014-09-24"
"Bank of Baroda",1129334,1835576,2964910,810.7,2307438,"(A) Public Sector Banks","2014-10-08"
"Bank of Baroda",1296704,2007609,3304313,792.41,2684634,"(A) Public Sector Banks","2014-10-15"
"Bank of Baroda",1377920,2102186,3480106,554.4,2812340,"(A) Public Sector Banks","2014-10-22"
"Bank of Baroda",1440998,2173483,3614481,20506.68,3029850,"(A) Public Sector Banks","2014-10-29"
"Bank of Baroda",724876,213656,938532,3722.4,264010,"(B) Regional Rural Bank","2014-10-29"
"Bank of Baroda",1520802,2259269,3780071,23590.93,3129818,"(A) Public Sector Banks","2014-11-05"
"Bank of Baroda",764328,229602,993930,4252.4,305996,"(B) Regional Rural Bank","2014-11-05"
"Bank of Baroda",1601907,2349016,3950923,25706.24,3233154,"(A) Public Sector Banks","2014-11-12"
"Bank of Baroda",809538,240640,1050178,4577.64,368250,"(B) Regional Rural Bank","2014-11-12"
"Bank of Baroda",1694345,2449102,4143447,28873.47,3483598,"(A) Public Sector Banks","2014-11-19"
"Bank of Baroda",861500,257267,1118767,5102.6,435226,"(B) Regional Rural Bank","2014-11-19"
"Bank of Baroda",1801389,2583405,4384794,31731,3804681,"(A) Public Sector Banks","2014-11-26"
"Bank of Baroda",916435,274997,1191432,5761.45,501200,"(B) Regional Rural Bank","2014-11-26"
"Bank of Baroda",1884960,2687923,4572883,34402.23,3983481,"(A) Public Sector Banks","2014-12-03"
"Bank of Baroda",965135,293466,1258601,6242.28,552391,"(B) Regional Rural Bank","2014-12-03"
"Bank of Baroda",1984684,2816138,4800822,37738.06,4619973,"(A) Public Sector Banks","2014-12-10"
"Bank of Baroda",1016120,310483,1326603,6870.36,845566,"(B) Regional Rural Bank","2014-12-10"
"Bank of Baroda",2124990,2996123,5121113,41194.15,5014279,"(A) Public Sector Banks","2014-12-17"
"Bank of Baroda",1184115,359974,1544089,8110.43,1225515,"(B) Regional Rural Bank","2014-12-17"
"Bank of Baroda",2247746,3175365,5423111,45034.39,5161747,"(A) Public Sector Banks","2014-12-24"
"Bank of Baroda",1256203,384633,1640836,9259.23,1287324,"(B) Regional Rural Bank","2014-12-24"
"Bank of Baroda",2332069,3298382,5630451,53740.86,5441151,"(A) Public Sector Banks","2014-12-31"
"Bank of Baroda",1293759,397550,1691309,10640.76,1592352,"(B) Regional Rural Bank","2014-12-31"
"Bank of Baroda",2420289,3427031,5847320,52649.42,5614776,"(A) Public Sector Banks","2015-01-07"
"Bank of Baroda",1334600,408958,1743558,10511.9,1622968,"(B) Regional Rural Bank","2015-01-07"
"Bank of Baroda",2523830,3568889,6092719,56129.44,5966028,"(A) Public Sector Banks","2015-01-14"
"Bank of Baroda",1375546,424098,1799644,11059.77,1655330,"(B) Regional Rural Bank","2015-01-14"
"Bank of Baroda",2709186,3833337,6542523,62756.6,6358589,"(A) Public Sector Banks","2015-01-28"
"Bank of Baroda",1444813,445499,1890312,12021.37,1710442,"(B) Regional Rural Bank","2015-01-28"
"Bank of Baroda",2800258,3951883,6752141,66530.78,6538583,"(A) Public Sector Banks","2015-02-04"
"Bank of Baroda",1476333,454856,1931189,12726.29,1731477,"(B) Regional Rural Bank","2015-02-04"
"Bank of Baroda",2877356,4057259,6934615,71277.99,6799482,"(A) Public Sector Banks","2015-02-11"
"Bank of Baroda",1507069,463498,1970567,13466.24,1752270,"(B) Regional Rural Bank","2015-02-11"
"Bank of Baroda",2940742,4142098,7082840,74704.78,6910188,"(A) Public Sector Banks","2015-02-18"
"Bank of Baroda",1539876,472248,2012124,14398.04,1893856,"(B) Regional Rural Bank","2015-02-18"
"Bank of Baroda",3010893,4226111,7237004,78682.46,7050755,"(A) Public Sector Banks","2015-02-25"
"Bank of Baroda",1576477,482261,2058738,14909.82,1916041,"(B) Regional Rural Bank","2015-02-25"
"Bank of Baroda",3081946,4312142,7394088,83224.35,7179337,"(A) Public Sector Banks","2015-03-04"
"Bank of Baroda",1609730,490315,2100045,15799.47,1937210,"(B) Regional Rural Bank","2015-03-04"
"Bank of Baroda",3131244,4373489,7504733,87237.82,7271293,"(A) Public Sector Banks","2015-03-11"
"Bank of Baroda",1637286,496583,2133869,16642.06,1951687,"(B) Regional Rural Bank","2015-03-11"
"Bank of Baroda",3206967,4464690,7671657,92514.88,7506209,"(A) Public Sector Banks","2015-03-18"
"Bank of Baroda",1688574,510517,2199091,17808.4,2068860,"(B) Regional Rural Bank","2015-03-18"
"Bank of Baroda",3293581,4565277,7858858,97500.27,7661877,"(A) Public Sector Banks","2015-03-25"
"Bank of Baroda",1744046,523844,2267890,19233.98,2093923,"(B) Regional Rural Bank","2015-03-25"
"Bank of Baroda",3341594,4625317,7966911,110091.06,7742217,"(A) Public Sector Banks","2015-04-01"
"Bank of Baroda",1770829,531169,2301998,22440.53,2105583,"(B) Regional Rural Bank","2015-04-01"
"Bank of Baroda",3374999,4660811,8035810,105650.42,7811349,"(A) Public Sector Banks","2015-04-08"
"Bank of Baroda",1796496,537857,2334353,22276.16,2117893,"(B) Regional Rural Bank","2015-04-08"
"Bank of Baroda",3433520,4721606,8155126,106930.79,7913220,"(A) Public Sector Banks","2015-04-15"
"Bank of Baroda",1837091,547954,2385045,22017.22,2133794,"(B) Regional Rural Bank","2015-04-15"
"Bank of Baroda",3493545,4783844,8277389,109019.02,8016689,"(A) Public Sector Banks","2015-04-22"
"Bank of Baroda",1877456,561081,2438537,22226.94,2150314,"(B) Regional Rural Bank","2015-04-22"
"Bank of Baroda",3546089,4840377,8386466,110909.74,8110705,"(A) Public Sector Banks","2015-04-29"
"Bank of Baroda",1905803,570107,2475910,22643.02,2162914,"(B) Regional Rural Bank","2015-04-29"
"Bank of Baroda",3577593,4874278,8451871,113409.65,8164282,"(A) Public Sector Banks","2015-05-06"
"Bank of Baroda",1935584,577362,2512946,23095.94,2178505,"(B) Regional Rural Bank","2015-05-06"
"Bank of Baroda",3619854,4920704,8540558,118343.27,8232986,"(A) Public Sector Banks","2015-05-13"
"Bank of Baroda",1969197,585614,2554811,23965.08,2192788,"(B) Regional Rural Bank","2015-05-13"
"Bank of Baroda",3666674,4971134,8637808,121406.04,8310310,"(A) Public Sector Banks","2015-05-20"
"Bank of Baroda",2001568,594265,2595833,24620.26,2206903,"(B) Regional Rural Bank","2015-05-20"
"Bank of Baroda",3761677,5073404,8835081,126725.24,8584535,"(A) Public Sector Banks","2015-06-03"
"Bank of Baroda",2056099,607767,2663866,26392.49,2501829,"(B) Regional Rural Bank","2015-06-03"
"Bank of Baroda",3807547,5117427,8924974,129997.3,8657851,"(A) Public Sector Banks","2015-06-10"
"Bank of Baroda",2083927,613076,2697003,27325.76,2510643,"(B) Regional Rural Bank","2015-06-10"
"Bank of Baroda",3856977,5163531,9020508,133431.6,8735271,"(A) Public Sector Banks","2015-06-17"
"Bank of Baroda",2116357,623191,2739548,28067.22,2519314,"(B) Regional Rural Bank","2015-06-17"
"Bank of Baroda",3903401,5212708,9116109,136388.22,8811374,"(A) Public Sector Banks","2015-06-24"
"Bank of Baroda",2148792,634316,2783108,29279.76,2527906,"(B) Regional Rural Bank","2015-06-24"
"Bank of Baroda",3946759,5261433,9208192,141326.01,8880002,"(A) Public Sector Banks","2015-07-01"
"Bank of Baroda",2172918,639036,2811954,30386.5,2534482,"(B) Regional Rural Bank","2015-07-01"
"Bank of Baroda",3995434,5313246,9308680,145354.31,8950987,"(A) Public Sector Banks","2015-07-08"
"Bank of Baroda",2199124,644651,2843775,32223.15,2540652,"(B) Regional Rural Bank","2015-07-08"
"Bank of Baroda",4046415,5368923,9415338,147405.52,9023179,"(A) Public Sector Banks","2015-07-15"
"Bank of Baroda",2231310,651254,2882564,33240.99,2546682,"(B) Regional Rural Bank","2015-07-15"
"Bank of Baroda",4097126,5421516,9518642,148804.72,9092352,"(A) Public Sector Banks","2015-07-22"
"Bank of Baroda",2261837,659904,2921741,33897.16,2552698,"(B) Regional Rural Bank","2015-07-22"
"Bank of Baroda",4160066,5487906,9647972,150117.21,9184655,"(A) Public Sector Banks","2015-07-29"
"Bank of Baroda",2306365,670451,2976816,34750.96,2560001,"(B) Regional Rural Bank","2015-07-29"
"Bank of Baroda",4215100,5547572,9762672,153070.27,9264072,"(A) Public Sector Banks","2015-08-05"
"Bank of Baroda",2353514,681064,3034578,35324.35,2872579,"(B) Regional Rural Bank","2015-08-05"
"Bank of Baroda",4274585,5606675,9881260,155042.17,9561829,"(A) Public Sector Banks","2015-08-12"
"Bank of Baroda",2401358,691439,3092797,36615.26,2879605,"(B) Regional Rural Bank","2015-08-12"
"Bank of Baroda",4327673,5661375,9989048,156112.55,9637743,"(A) Public Sector Banks","2015-08-19"
"Bank of Baroda",2439786,700677,3140463,37463.06,2885186,"(B) Regional Rural Bank","2015-08-19"
"Bank of Baroda",4389981,5730002,10119983,158606.48,9730789,"(A) Public Sector Banks","2015-08-26"
"Bank of Baroda",2483561,712298,3195859,38367.66,2891590,"(B) Regional Rural Bank","2015-08-26"
"Bank of Baroda",4425831,5779437,10205268,159826.95,9791491,"(A) Public Sector Banks","2015-09-02"
"Bank of Baroda",2514009,719529,3233538,39065.83,2896290,"(B) Regional Rural Bank","2015-09-02"
"Bank of Baroda",4472900,5834301,10307201,164316.49,9867887,"(A) Public Sector Banks","2015-09-09"
"Bank of Baroda",2553444,728881,3282325,39951.6,2901154,"(B) Regional Rural Bank","2015-09-09"
"Bank of Baroda",4523088,5893103,10416191,168126.38,9938365,"(A) Public Sector Banks","2015-09-16"
"Bank of Baroda",2584234,736741,3320975,40878.24,2904894,"(B) Regional Rural Bank","2015-09-16"
"Bank of Baroda",4563614,5942080,10505694,170919.75,10014231,"(A) Public Sector Banks","2015-09-23"
"Bank of Baroda",2619397,745652,3365049,41931.16,2909039,"(B) Regional Rural Bank","2015-09-23"
"Bank of Baroda",4631913,6015614,10647527,177142.09,10121113,"(A) Public Sector Banks","2015-10-07"
"Bank of Baroda",2664868,757538,3422406,43689.42,2914664,"(B) Regional Rural Bank","2015-10-07"
"Bank of Baroda",4664161,6056316,10720477,180169.64,10176141,"(A) Public Sector Banks","2015-10-14"
"Bank of Baroda",2686385,763874,3450259,44416.57,2915674,"(B) Regional Rural Bank","2015-10-14"
"Bank of Baroda",4696584,6094102,10790686,182092.93,10228841,"(A) Public Sector Banks","2015-10-21"
"Bank of Baroda",2708791,771109,3479900,45265.28,2916397,"(B) Regional Rural Bank","2015-10-21"
"Bank of Baroda",4721665,6123364,10845029,181928.19,10267258,"(A) Public Sector Banks","2015-10-28"
"Bank of Baroda",2717854,774647,3492501,45502.97,2916636,"(B) Regional Rural Bank","2015-10-28"
"Bank of Baroda",4749821,6160566,10910387,185130.47,10314145,"(A) Public Sector Banks","2015-11-04"
"Bank of Baroda",2727260,778324,3505584,46073.32,2913514,"(B) Regional Rural Bank","2015-11-04"
"Bank of Baroda",4768728,6192638,10961366,191982.83,10543022,"(A) Public Sector Banks","2015-11-11"
"Bank of Baroda",2739320,781152,3520472,47203.62,2909839,"(B) Regional Rural Bank","2015-11-11"
"Bank of Baroda",4783054,6210796,10993850,192467.09,10566549,"(A) Public Sector Banks","2015-11-18"
"Bank of Baroda",2746198,782458,3528656,47233.38,2908269,"(B) Regional Rural Bank","2015-11-18"
"Bank of Baroda",4806035,6241947,11047982,191727.85,10602076,"(A) Public Sector Banks","2015-11-25"
"Bank of Baroda",2745507,781096,3526603,47603.61,3196202,"(B) Regional Rural Bank","2015-11-25"
"Bank of Baroda",4821053,6262938,11083991,193331.06,10633082,"(A) Public Sector Banks","2015-12-02"
"Bank of Baroda",2752256,779454,3531710,48080.9,3194056,"(B) Regional Rural Bank","2015-12-02"
"Bank of Baroda",4842233,6291757,11133990,194023.88,10670718,"(A) Public Sector Banks","2015-12-09"
"Bank of Baroda",2765494,781379,3546873,48960.75,3192967,"(B) Regional Rural Bank","2015-12-09"
"Bank of Baroda",4874870,6334775,11209645,193091.51,10730475,"(A) Public Sector Banks","2015-12-16"
"Bank of Baroda",2774690,784696,3559386,50024.57,3365528,"(B) Regional Rural Bank","2015-12-16"
"Bank of Baroda",4900622,6368381,11269003,195447.68,10777640,"(A) Public Sector Banks","2015-12-23"
"Bank of Baroda",2788538,788480,3577018,50999.75,3366129,"(B) Regional Rural Bank","2015-12-23"
"Bank of Baroda",4952825,6431542,11384367,197520.93,10879822,"(A) Public Sector Banks","2015-12-30"
"Bank of Baroda",2804692,792071,3596763,51671.27,3366782,"(B) Regional Rural Bank","2015-12-30"
"Bank of Baroda",4993054,6480931,11473985,200974.87,10956104,"(A) Public Sector Banks","2016-01-06"
"Bank of Baroda",2824569,796269,3620838,53292.04,3368217,"(B) Regional Rural Bank","2016-01-06"
"Bank of Baroda",5045898,6543525,11589423,205646.6,11058705,"(A) Public Sector Banks","2016-01-13"
"Bank of Baroda",2846903,801111,3648014,54547.57,3370051,"(B) Regional Rural Bank","2016-01-13"
"Bank of Baroda",5092889,6597869,11690758,208414.68,11147326,"(A) Public Sector Banks","2016-01-20"
"Bank of Baroda",2871947,806181,3678128,55680.01,3374169,"(B) Regional Rural Bank","2016-01-20"
"Bank of Baroda",5133801,6644154,11777955,208374.78,11225574,"(A) Public Sector Banks","2016-01-27"
"Bank of Baroda",2888555,809191,3697746,56080.12,3376135,"(B) Regional Rural Bank","2016-01-27"
"Bank of Baroda",5229249,6750155,11979404,218142.57,11402469,"(A) Public Sector Banks","2016-02-10"
"Bank of Baroda",2950056,823247,3773303,58031.17,3393860,"(B) Regional Rural Bank","2016-02-10"
"Bank of Baroda",5271209,6796037,12067246,221784.49,11480455,"(A) Public Sector Banks","2016-02-17"
"Bank of Baroda",2970803,827150,3797953,58974.81,3397407,"(B) Regional Rural Bank","2016-02-17"
"Bank of Baroda",5318747,6850242,12168989,225464.31,11571577,"(A) Public Sector Banks","2016-02-24"
"Bank of Baroda",2996867,833719,3830586,61035.63,3400286,"(B) Regional Rural Bank","2016-02-24"
"Bank of Baroda",5355761,6894067,12249828,228892.92,11643314,"(A) Public Sector Banks","2016-03-02"
"Bank of Baroda",3017649,839002,3856651,61145.4,3402671,"(B) Regional Rural Bank","2016-03-02"
"Bank of Baroda",5395874,6940306,12336180,232308.23,11722316,"(A) Public Sector Banks","2016-03-09"
"Bank of Baroda",3043274,844528,3887802,62188.86,3403931,"(B) Regional Rural Bank","2016-03-09"
"Bank of Baroda",5430567,6982060,12412627,236145.19,11789321,"(A) Public Sector Banks","2016-03-16"
"Bank of Baroda",3065474,849255,3914729,63405.41,3404985,"(B) Regional Rural Bank","2016-03-16"
"Bank of Baroda",5460231,7017332,12477563,242171.23,11844937,"(A) Public Sector Banks","2016-03-23"
"Bank of Baroda",3087799,854978,3942777,67874.8,3406305,"(B) Regional Rural Bank","2016-03-23"
"Bank of Baroda",5479615,7040578,12520193,245142.64,11882757,"(A) Public Sector Banks","2016-03-30"
"Bank of Baroda",3098759,857575,3956334,69830.26,3406795,"(B) Regional Rural Bank","2016-03-30"
"Bank of Baroda",5500894,7065677,12566571,246210.51,11923788,"(A) Public Sector Banks","2016-04-06"
"Bank of Baroda",3114666,861179,3975845,69549.07,3407562,"(B) Regional Rural Bank","2016-04-06"
"Bank of Baroda",5520003,7089602,12609605,248771.84,11958676,"(A) Public Sector Banks","2016-04-13"
"Bank of Baroda",3128023,864488,3992511,69524.15,3408554,"(B) Regional Rural Bank","2016-04-13"
"Bank of Baroda",5525406,7096475,12621881,250241.01,11969939,"(A) Public Sector Banks","2016-04-20"
"Bank of Baroda",3134662,866168,4000830,68852.53,3409042,"(B) Regional Rural Bank","2016-04-20"
"Bank of Baroda",5562332,7143636,12705968,249933.2,12039986,"(A) Public Sector Banks","2016-04-27"
"Bank of Baroda",3148137,869469,4017606,68576.68,3412179,"(B) Regional Rural Bank","2016-04-27"
"Bank of Baroda",5591150,7178573,12769723,252735.57,12092527,"(A) Public Sector Banks","2016-05-04"
"Bank of Baroda",3167265,873586,4040851,69961.65,3426313,"(B) Regional Rural Bank","2016-05-04"
"Bank of Baroda",5629521,7224546,12854067,257261.06,12163984,"(A) Public Sector Banks","2016-05-11"
"Bank of Baroda",3167265,873586,4040851,69961.65,3426313,"(B) Regional Rural Bank","2016-05-11"
"Bank of Baroda",5667153,7265710,12932863,258946.18,12232221,"(A) Public Sector Banks","2016-05-18"
"Bank of Baroda",3210518,881380,4091898,71163.36,3455496,"(B) Regional Rural Bank","2016-05-18"
"Bank of Baroda",5698401,7296706,12995107,261376.82,12285322,"(A) Public Sector Banks","2016-05-25"
"Bank of Baroda",3230285,884745,4115030,72375.48,3467473,"(B) Regional Rural Bank","2016-05-25"
"Bank of Baroda",5734190,7337320,13071510,263587.31,12352115,"(A) Public Sector Banks","2016-06-01"
"Bank of Baroda",3248817,888692,4137509,73621.97,3479290,"(B) Regional Rural Bank","2016-06-01"
"Bank of Baroda",2621411,3712184,6333595,60225.42,6173617,"(A) Public Sector Banks","2015-01-21"
"Bank of Baroda",1414592,435995,1850587,11464.1,1684920,"(B) Regional Rural Bank","2015-01-21"
"Bank of Baroda",3717742,5025453,8743195,123855.99,8535963,"(A) Public Sector Banks","2015-05-27"
"Bank of Baroda",2024330,600563,2624893,25221.94,2491952,"(B) Regional Rural Bank","2015-05-27"
"Bank of Baroda",4596265,5975198,10571463,180403.42,10063371,"(A) Public Sector Banks","2015-09-30"
"Bank of Baroda",2639946,750384,3390330,43870.92,2911482,"(B) Regional Rural Bank","2015-09-30"
"Bank of Baroda",5179476,6696769,11876245,212772.09,11311076,"(A) Public Sector Banks","2016-02-03"
"Bank of Baroda",2918174,815684,3733858,56906.26,3382013,"(B) Regional Rural Bank","2016-02-03"
"Bank of Baroda",5770554,7379654,13150208,266650.86,12420873,"(A) Public Sector Banks","2016-06-08"
"Bank of Baroda",3267622,893029,4160651,74392.49,3491794,"(B) Regional Rural Bank","2016-06-08"
"Bank of Baroda",6872276,8775556,15647832,315315.07,14525315,"(A) Public Sector Banks","2016-10-12"
"Bank of Baroda",3592808,998634,4591442,83552.2,3736209,"(B) Regional Rural Bank","2016-10-12"
"Bank of Baroda",8059959,10989826,19049785,497599.77,17975174,"(A) Public Sector Banks","2017-02-15"
"Bank of Baroda",4117172,1189186,5306358,139944.42,4696609,"(B) Regional Rural Bank","2017-02-15"
"Bank of Baroda",7946283,12658271,20604554,483154.87,19247669,"(A) Public Sector Banks","2017-06-21"
"Bank of Baroda",4065906,1155531,5221437,129461.52,4518835,"(B) Regional Rural Bank","2017-06-21"
"Bank of Baroda",8439510,13497404,21936914,533743.34,20041164,"(A) Public Sector Banks","2017-10-25"
"Bank of Baroda",4529213,1259742,5788955,140713.98,4823964,"(B) Regional Rural Bank","2017-10-25"
"Bank of Baroda",8983967,14569403,23553370,610395,21816351,"(A) Public Sector Banks","2018-02-28"
"Bank of Baroda",4675659,1298523,5974182,159202.97,4868853,"(B) Regional Rural Bank","2018-02-28"
"Bank of Baroda",9630997,15891543,25522540,697920.2,23546652,"(A) Public Sector Banks","2018-07-11"
"Bank of Baroda",4939016,1374426,6313442,180522.88,5030717,"(B) Regional Rural Bank","2018-07-11"
"Bank of Baroda",5806640,7423065,13229705,269845.07,12489979,"(A) Public Sector Banks","2016-06-15"
"Bank of Baroda",3284686,896571,4181257,75583.38,3502575,"(B) Regional Rural Bank","2016-06-15"
"Bank of Baroda",5845594,7470860,13316454,270972.16,12558426,"(A) Public Sector Banks","2016-06-22"
"Bank of Baroda",3301263,900168,4201431,75795.31,3509790,"(B) Regional Rural Bank","2016-06-22"
"Bank of Baroda",5897095,7538204,13435299,271490.49,12660677,"(A) Public Sector Banks","2016-06-29"
"Bank of Baroda",3319354,904184,4223538,75670.04,3521039,"(B) Regional Rural Bank","2016-06-29"
"Bank of Baroda",5934388,7586555,13520943,278088.43,12730911,"(A) Public Sector Banks","2016-07-06"
"Bank of Baroda",3338395,908551,4246946,80337.72,3531055,"(B) Regional Rural Bank","2016-07-06"
"Bank of Baroda",5985583,7646368,13631951,283040.91,12824836,"(A) Public Sector Banks","2016-07-13"
"Bank of Baroda",3355508,912423,4267931,81451.46,3539998,"(B) Regional Rural Bank","2016-07-13"
"Bank of Baroda",6039376,7710165,13749541,285629.54,12917601,"(A) Public Sector Banks","2016-07-20"
"Bank of Baroda",3378683,918024,4296707,81648.29,3552401,"(B) Regional Rural Bank","2016-07-20"
"Bank of Baroda",6120477,7806540,13927017,286874.21,13064611,"(A) Public Sector Banks","2016-07-27"
"Bank of Baroda",3415562,926523,4342085,81766.48,3571471,"(B) Regional Rural Bank","2016-07-27"
"Bank of Baroda",6198827,7898123,14096950,288405.41,13210245,"(A) Public Sector Banks","2016-08-03"
"Bank of Baroda",3461701,936083,4397784,81562.46,3594742,"(B) Regional Rural Bank","2016-08-03"
"Bank of Baroda",6273180,7988269,14261449,292032.56,13351338,"(A) Public Sector Banks","2016-08-10"
"Bank of Baroda",3504201,945243,4449444,82361.29,3619123,"(B) Regional Rural Bank","2016-08-10"
"Bank of Baroda",6361424,8096977,14458401,292249.01,13486582,"(A) Public Sector Banks","2016-08-17"
"Bank of Baroda",3517320,947991,4465311,81692.63,3627031,"(B) Regional Rural Bank","2016-08-17"
"Bank of Baroda",6430485,8186692,14617177,293832.77,13625678,"(A) Public Sector Banks","2016-08-24"
"Bank of Baroda",3562928,956298,4519226,81950.23,3660578,"(B) Regional Rural Bank","2016-08-24"
"Bank of Baroda",6499764,8273974,14773738,294238.01,13763551,"(A) Public Sector Banks","2016-08-31"
"Bank of Baroda",3601161,963366,4564527,82070.88,3687565,"(B) Regional Rural Bank","2016-08-31"
"Bank of Baroda",6566196,8363722,14929918,298322.57,13899548,"(A) Public Sector Banks","2016-09-07"
"Bank of Baroda",3628997,969082,4598079,83664.33,3705949,"(B) Regional Rural Bank","2016-09-07"
"Bank of Baroda",6638804,8464535,15103339,304126.28,14052740,"(A) Public Sector Banks","2016-09-14"
"Bank of Baroda",3653400,975197,4628597,85946.91,3725165,"(B) Regional Rural Bank","2016-09-14"
"Bank of Baroda",6697475,8550601,15248076,306321.63,14174350,"(A) Public Sector Banks","2016-09-21"
"Bank of Baroda",3675952,979961,4655913,85867.91,3741568,"(B) Regional Rural Bank","2016-09-21"
"Bank of Baroda",6766884,8642671,15409555,307466.9,14314918,"(A) Public Sector Banks","2016-09-28"
"Bank of Baroda",3701156,984780,4685936,86099.48,3760046,"(B) Regional Rural Bank","2016-09-28"
"Bank of Baroda",6840828,8735378,15576206,310567.34,14462342,"(A) Public Sector Banks","2016-10-05"
"Bank of Baroda",3723526,988992,4712518,87321.39,3777374,"(B) Regional Rural Bank","2016-10-05"
"Bank of Baroda",6925100,8848717,15773817,319327.98,14635263,"(A) Public Sector Banks","2016-10-19"
"Bank of Baroda",3742508,993249,4735757,89089.1,3790145,"(B) Regional Rural Bank","2016-10-19"
"Bank of Baroda",6975505,8921977,15897482,320832.31,14744046,"(A) Public Sector Banks","2016-10-26"
"Bank of Baroda",3753863,995627,4749490,89144.36,3798527,"(B) Regional Rural Bank","2016-10-26"
"Bank of Baroda",6997374,8954760,15952134,323888.96,14792267,"(A) Public Sector Banks","2016-11-02"
"Bank of Baroda",3861882,1000869,4862751,94221.8,3889138,"(B) Regional Rural Bank","2016-11-02"
"Bank of Baroda",7018762,8984831,16003593,326880.93,14835544,"(A) Public Sector Banks","2016-11-09"
"Bank of Baroda",3770608,999078,4769686,90317.34,3811001,"(B) Regional Rural Bank","2016-11-09"
"Bank of Baroda",7046274,9039530,16085804,513788.56,14909637,"(A) Public Sector Banks","2016-11-16"
"Bank of Baroda",3879358,1004570,4883928,152875.96,3902662,"(B) Regional Rural Bank","2016-11-16"
"Bank of Baroda",7086369,9140120,16226489,567955.86,15050043,"(A) Public Sector Banks","2016-11-23"
"Bank of Baroda",3791944,1005413,4797357,158510.31,3828553,"(B) Regional Rural Bank","2016-11-23"
"Bank of Baroda",7149269,9288261,16437530,573514.26,15241167,"(A) Public Sector Banks","2016-11-30"
"Bank of Baroda",3818909,1012955,4831864,159304.19,3848767,"(B) Regional Rural Bank","2016-11-30"
"Bank of Baroda",7243421,9489856,16733277,568636.48,15505653,"(A) Public Sector Banks","2016-12-07"
"Bank of Baroda",3855936,1025797,4881733,158774.86,3879949,"(B) Regional Rural Bank","2016-12-07"
"Bank of Baroda",7335584,9693921,17029505,566224.64,15773936,"(A) Public Sector Banks","2016-12-14"
"Bank of Baroda",3894898,1037134,4932032,159493.16,3912660,"(B) Regional Rural Bank","2016-12-14"
"Bank of Baroda",7479014,9987126,17466140,558844.03,16174293,"(A) Public Sector Banks","2016-12-21"
"Bank of Baroda",3943183,1049839,4993022,158292.44,3955172,"(B) Regional Rural Bank","2016-12-21"
"Bank of Baroda",7624996,10277163,17902159,553919.33,16922665,"(A) Public Sector Banks","2016-12-28"
"Bank of Baroda",3989002,1061699,5050701,157565.46,3995604,"(B) Regional Rural Bank","2016-12-28"
"Bank of Baroda",7783545,10567128,18350673,537818.37,17338032,"(A) Public Sector Banks","2017-01-04"
"Bank of Baroda",4032338,1071835,5104173,156109.05,4575378,"(B) Regional Rural Bank","2017-01-04"
"Bank of Baroda",7917827,10795049,18712876,532312.55,17672377,"(A) Public Sector Banks","2017-01-11"
"Bank of Baroda",4071797,1081659,5153456,153278.58,4608151,"(B) Regional Rural Bank","2017-01-11"
"Bank of Baroda",7977911,10890955,18868866,525805.28,17814480,"(A) Public Sector Banks","2017-01-18"
"Bank of Baroda",4097826,1088026,5185852,149923.55,4627667,"(B) Regional Rural Bank","2017-01-18"
"Bank of Baroda",8054012,11010776,19064788,518751.72,17991971,"(A) Public Sector Banks","2017-01-25"
"Bank of Baroda",4128616,1095737,5224353,146991.28,4650202,"(B) Regional Rural Bank","2017-01-25"
"Bank of Baroda",8118204,11110869,19229073,511315.77,18141961,"(A) Public Sector Banks","2017-02-01"
"Bank of Baroda",4150689,1101932,5252621,144711.97,4666230,"(B) Regional Rural Bank","2017-02-01"
"Bank of Baroda",8202133,11251032,19453165,498726.59,18344857,"(A) Public Sector Banks","2017-02-08"
"Bank of Baroda",4097026,1184452,5281478,141997.3,4682890,"(B) Regional Rural Bank","2017-02-08"
"Bank of Baroda",7481059,11730666,19211725,490880.71,18111613,"(A) Public Sector Banks","2017-02-22"
"Bank of Baroda",4124450,1191222,5315672,136428.71,4696563,"(B) Regional Rural Bank","2017-02-22"
"Bank of Baroda",7510143,11786080,19296223,482511.69,18183733,"(A) Public Sector Banks","2017-03-01"
"Bank of Baroda",4104575,1181080,5285655,133110.32,4662639,"(B) Regional Rural Bank","2017-03-01"
"Bank of Baroda",7528949,11839975,19368924,476642.08,18242429,"(A) Public Sector Banks","2017-03-08"
"Bank of Baroda",4084094,1175141,5259235,131568.06,4633243,"(B) Regional Rural Bank","2017-03-08"
"Bank of Baroda",7540691,11872321,19413012,477495.39,18278127,"(A) Public Sector Banks","2017-03-15"
"Bank of Baroda",4060140,1166718,5226858,133174.33,4599390,"(B) Regional Rural Bank","2017-03-15"
"Bank of Baroda",7576616,11941274,19517890,470595.95,18370529,"(A) Public Sector Banks","2017-03-22"
"Bank of Baroda",4043882,1157519,5201401,132150.38,4568660,"(B) Regional Rural Bank","2017-03-22"
"Bank of Baroda",7612686,12003910,19616596,468449.6,18456950,"(A) Public Sector Banks","2017-03-29"
"Bank of Baroda",4044147,1157483,5201630,131930.74,4562719,"(B) Regional Rural Bank","2017-03-29"
"Bank of Baroda",7640352,12061766,19702118,477649.55,18521282,"(A) Public Sector Banks","2017-04-05"
"Bank of Baroda",4050229,1158230,5208459,136492.88,4564768,"(B) Regional Rural Bank","2017-04-05"
"Bank of Baroda",7668187,12115656,19783843,479684.85,18592582,"(A) Public Sector Banks","2017-04-12"
"Bank of Baroda",4059457,1160323,5219780,133866.65,4570494,"(B) Regional Rural Bank","2017-04-12"
"Bank of Baroda",7694477,12167708,19862185,481062.15,18661191,"(A) Public Sector Banks","2017-04-19"
"Bank of Baroda",4068441,1162856,5231297,134623.7,4576487,"(B) Regional Rural Bank","2017-04-19"
"Bank of Baroda",7725148,12227980,19953128,479713.11,18742016,"(A) Public Sector Banks","2017-04-26"
"Bank of Baroda",4078969,1165441,5244410,134334.91,4583353,"(B) Regional Rural Bank","2017-04-26"
"Bank of Baroda",7749039,12275468,20024507,476453.22,18805461,"(A) Public Sector Banks","2017-05-03"
"Bank of Baroda",4088793,1168114,5256907,132946.13,4589899,"(B) Regional Rural Bank","2017-05-03"
"Bank of Baroda",7749039,12275468,20024507,476453.22,18805461,"(A) Public Sector Banks","2017-05-10"
"Bank of Baroda",4093012,1169622,5262634,133583.63,4592621,"(B) Regional Rural Bank","2017-05-10"
"Bank of Baroda",7801855,12391181,20193036,482701.83,18956829,"(A) Public Sector Banks","2017-05-17"
"Bank of Baroda",4098517,1171983,5270500,131206.2,4594279,"(B) Regional Rural Bank","2017-05-17"
"Bank of Baroda",7831685,12459024,20290709,479770.79,19042846,"(A) Public Sector Banks","2017-05-24"
"Bank of Baroda",4097694,1171858,5269552,130721.02,4587064,"(B) Regional Rural Bank","2017-05-24"
"Bank of Baroda",7853758,12507803,20361561,478291.17,19104236,"(A) Public Sector Banks","2017-05-31"
"Bank of Baroda",4040654,1151827,5192481,130551.46,4512405,"(B) Regional Rural Bank","2017-05-31"
"Bank of Baroda",7879623,12550989,20430612,481216.3,19163293,"(A) Public Sector Banks","2017-06-07"
"Bank of Baroda",4042116,1150116,5192232,130614.16,4505600,"(B) Regional Rural Bank","2017-06-07"
"Bank of Baroda",7907541,12596591,20504132,484445.91,19161054,"(A) Public Sector Banks","2017-06-14"
"Bank of Baroda",4053185,1152352,5205537,131390.96,4511843,"(B) Regional Rural Bank","2017-06-14"
"Bank of Baroda",7983945,12720040,20703985,480461.63,19333931,"(A) Public Sector Banks","2017-06-28"
"Bank of Baroda",4077705,1158097,5235802,128472.84,4524615,"(B) Regional Rural Bank","2017-06-28"
"Bank of Baroda",8026780,12791908,20818688,481085.77,19432821,"(A) Public Sector Banks","2017-07-05"
"Bank of Baroda",4091791,1161938,5253729,129149.34,4530403,"(B) Regional Rural Bank","2017-07-05"
"Bank of Baroda",8054892,12849288,20904180,493259.14,19505194,"(A) Public Sector Banks","2017-07-12"
"Bank of Baroda",4108102,1165240,5273342,131257.79,4536298,"(B) Regional Rural Bank","2017-07-12"
"Bank of Baroda",8104169,12936370,21040539,494477.01,19622137,"(A) Public Sector Banks","2017-07-19"
"Bank of Baroda",4131449,1171310,5302759,130111.53,4550368,"(B) Regional Rural Bank","2017-07-19"
"Bank of Baroda",8155042,13026871,21181913,495817.6,19745755,"(A) Public Sector Banks","2017-07-26"
"Bank of Baroda",4156991,1177540,5334531,130422.67,4566073,"(B) Regional Rural Bank","2017-07-26"
"Bank of Baroda",8209517,13120168,21329685,498588.91,19876567,"(A) Public Sector Banks","2017-08-02"
"Bank of Baroda",4187924,1185808,5373732,130844.62,4585280,"(B) Regional Rural Bank","2017-08-02"
"Bank of Baroda",8239112,13166546,21405658,504651.06,19944674,"(A) Public Sector Banks","2017-08-09"
"Bank of Baroda",4217291,1191872,5409163,131145.25,4605362,"(B) Regional Rural Bank","2017-08-09"
"Bank of Baroda",8239112,13166546,21405658,504651.06,19944674,"(A) Public Sector Banks","2017-08-16"
"Bank of Baroda",4217291,1191872,5409163,131145.25,4605362,"(B) Regional Rural Bank","2017-08-16"
"Bank of Baroda",8237685,13165300,21402985,509873.41,20046438,"(A) Public Sector Banks","2017-08-23"
"Bank of Baroda",4292241,1206592,5498833,130415.28,4659326,"(B) Regional Rural Bank","2017-08-23"
"Bank of Baroda",8238306,13166179,21404485,507858.55,20045680,"(A) Public Sector Banks","2017-08-30"
"Bank of Baroda",4333504,1215614,5549118,130566.11,4690106,"(B) Regional Rural Bank","2017-08-30"
"Bank of Baroda",8239039,13167156,21406195,510549.17,20045321,"(A) Public Sector Banks","2017-09-06"
"Bank of Baroda",4371256,1222779,5594035,132436.7,4718311,"(B) Regional Rural Bank","2017-09-06"
"Bank of Baroda",8243232,13173423,21416655,515684.44,20044612,"(A) Public Sector Banks","2017-09-13"
"Bank of Baroda",4411848,1231973,5643821,134040.09,4748456,"(B) Regional Rural Bank","2017-09-13"
"Bank of Baroda",8275622,13226309,21501931,519793.8,20043664,"(A) Public Sector Banks","2017-09-20"
"Bank of Baroda",4447649,1240545,5688194,136624.65,4772678,"(B) Regional Rural Bank","2017-09-20"
"Bank of Baroda",8338428,13318602,21657030,519879.29,20042942,"(A) Public Sector Banks","2017-09-27"
"Bank of Baroda",4479335,1247990,5727325,137480.93,4792417,"(B) Regional Rural Bank","2017-09-27"
"Bank of Baroda",8370329,13367500,21737829,527010.25,20042128,"(A) Public Sector Banks","2017-10-04"
"Bank of Baroda",4492954,1251642,5744596,139964.47,4800815,"(B) Regional Rural Bank","2017-10-04"
"Bank of Baroda",8395982,13415006,21810988,533499.06,20041612,"(A) Public Sector Banks","2017-10-11"
"Bank of Baroda",4507741,1255889,5763630,141857.89,4810760,"(B) Regional Rural Bank","2017-10-11"
"Bank of Baroda",8419303,13460013,21879316,538375.64,20041335,"(A) Public Sector Banks","2017-10-18"
"Bank of Baroda",4520332,1258017,5778349,141705.59,4819116,"(B) Regional Rural Bank","2017-10-18"
"Bank of Baroda",8467978,13551575,22019553,532972.85,20040417,"(A) Public Sector Banks","2017-11-01"
"Bank of Baroda",4542030,1263735,5805765,141345.42,4830982,"(B) Regional Rural Bank","2017-11-01"
"Bank of Baroda",8494251,13607197,22101448,538414.79,20038193,"(A) Public Sector Banks","2017-11-08"
"Bank of Baroda",4553553,1267710,5821263,143468.81,4837436,"(B) Regional Rural Bank","2017-11-08"
"Bank of Baroda",8494551,13607197,22101748,544028.47,20131559,"(A) Public Sector Banks","2017-11-15"
"Bank of Baroda",4553653,1267710,5821363,145719.22,4837254,"(B) Regional Rural Bank","2017-11-15"
"Bank of Baroda",8495151,13607197,22102348,542168.08,20497021,"(A) Public Sector Banks","2017-11-22"
"Bank of Baroda",4554153,1267710,5821863,145197.7,4839435,"(B) Regional Rural Bank","2017-11-22"
"Bank of Baroda",8495851,13607197,22103048,543153.67,20567912,"(A) Public Sector Banks","2017-11-29"
"Bank of Baroda",4554553,1267710,5822263,145543.52,4843593,"(B) Regional Rural Bank","2017-11-29"
"Bank of Baroda",8497851,13607197,22105048,549329.93,20635974,"(A) Public Sector Banks","2017-12-06"
"Bank of Baroda",4556553,1267710,5824263,148231.57,4843893,"(B) Regional Rural Bank","2017-12-06"
"Bank of Baroda",8516851,13607197,22124048,558394.02,20707112,"(A) Public Sector Banks","2017-12-13"
"Bank of Baroda",4557853,1267710,5825563,149745.61,4841058,"(B) Regional Rural Bank","2017-12-13"
"Bank of Baroda",8517851,13607197,22125048,561437.06,20959180,"(A) Public Sector Banks","2017-12-20"
"Bank of Baroda",4562853,1267710,5830563,149977.3,4832511,"(B) Regional Rural Bank","2017-12-20"
"Bank of Baroda",8590957,13644197,22235154,563703.7,21042834,"(A) Public Sector Banks","2017-12-27"
"Bank of Baroda",4575853,1267710,5843563,150803.38,4825850,"(B) Regional Rural Bank","2017-12-27"
"Bank of Baroda",8631957,13698197,22330154,572354.97,21110804,"(A) Public Sector Banks","2018-01-03"
"Bank of Baroda",4593151,1273156,5866307,153941.28,4825183,"(B) Regional Rural Bank","2018-01-03"
"Bank of Baroda",8706243,14084976,22791219,584579.93,21196007,"(A) Public Sector Banks","2018-01-10"
"Bank of Baroda",4601981,1276413,5878394,154201.84,4829008,"(B) Regional Rural Bank","2018-01-10"
"Bank of Baroda",8778777,14165321,22944098,589924.68,21276640,"(A) Public Sector Banks","2018-01-17"
"Bank of Baroda",4612208,1278548,5890756,155645.86,4832471,"(B) Regional Rural Bank","2018-01-17"
"Bank of Baroda",8821152,14236117,23057269,590473.68,21376317,"(A) Public Sector Banks","2018-01-24"
"Bank of Baroda",4623067,1281606,5904673,155393.44,4837996,"(B) Regional Rural Bank","2018-01-24"
"Bank of Baroda",8853458,14298732,23152190,593808.9,21460426,"(A) Public Sector Banks","2018-01-31"
"Bank of Baroda",4635263,1285616,5920879,158581.06,4846134,"(B) Regional Rural Bank","2018-01-31"
"Bank of Baroda",8889773,14373189,23262962,601940.35,21558472,"(A) Public Sector Banks","2018-02-07"
"Bank of Baroda",4647146,1288774,5935920,159293.41,4853469,"(B) Regional Rural Bank","2018-02-07"
"Bank of Baroda",8922242,14439447,23361689,607054.59,21646718,"(A) Public Sector Banks","2018-02-14"
"Bank of Baroda",4656329,1291136,5947465,159006.57,4858594,"(B) Regional Rural Bank","2018-02-14"
"Bank of Baroda",8952750,14505660,23458410,606449.24,21732272,"(A) Public Sector Banks","2018-02-21"
"Bank of Baroda",4666261,1295104,5961365,158495.38,4864361,"(B) Regional Rural Bank","2018-02-21"
"Bank of Baroda",9003713,14607747,23611460,614228.28,21868397,"(A) Public Sector Banks","2018-03-07"
"Bank of Baroda",4683326,1300561,5983887,160630.98,4872768,"(B) Regional Rural Bank","2018-03-07"
"Bank of Baroda",9035763,14674805,23710568,623108.29,21957982,"(A) Public Sector Banks","2018-03-14"
"Bank of Baroda",4696884,1303852,6000736,163026.6,4879665,"(B) Regional Rural Bank","2018-03-14"
"Bank of Baroda",9070647,14747533,23818180,630035.51,22053588,"(A) Public Sector Banks","2018-03-21"
"Bank of Baroda",4709551,1306712,6016263,165562.37,4886699,"(B) Regional Rural Bank","2018-03-21"
"Bank of Baroda",9103789,14819142,23922931,648435.49,22145057,"(A) Public Sector Banks","2018-03-28"
"Bank of Baroda",4713556,1307484,6021040,173784.71,4888597,"(B) Regional Rural Bank","2018-03-28"
"Bank of Baroda",9115810,14845706,23961516,656260.12,22177996,"(A) Public Sector Banks","2018-04-04"
"Bank of Baroda",4722517,1310225,6032742,178102.64,4894518,"(B) Regional Rural Bank","2018-04-04"
"Bank of Baroda",9147747,14919713,24067460,656477.58,22266958,"(A) Public Sector Banks","2018-04-11"
"Bank of Baroda",4735580,1313856,6049436,174853.68,4903487,"(B) Regional Rural Bank","2018-04-11"
"Bank of Baroda",9174886,14982120,24157006,665865.86,22342285,"(A) Public Sector Banks","2018-04-18"
"Bank of Baroda",4747336,1317306,6064642,178356.14,4911466,"(B) Regional Rural Bank","2018-04-18"
"Bank of Baroda",9205746,15047330,24253076,659098.82,22426360,"(A) Public Sector Banks","2018-04-25"
"Bank of Baroda",4760019,1320859,6080878,175776.77,4920318,"(B) Regional Rural Bank","2018-04-25"
"Bank of Baroda",9235029,15102764,24337793,655434.93,22502382,"(A) Public Sector Banks","2018-05-02"
"Bank of Baroda",4772656,1324533,6097189,174936.87,4929058,"(B) Regional Rural Bank","2018-05-02"
"Bank of Baroda",9270739,15176223,24446962,658948.06,22600659,"(A) Public Sector Banks","2018-05-09"
"Bank of Baroda",4788785,1329271,6118056,174487.7,4940553,"(B) Regional Rural Bank","2018-05-09"
"Bank of Baroda",9344898,15329503,24674401,663118.54,22805502,"(A) Public Sector Banks","2018-05-23"
"Bank of Baroda",4817302,1336138,6153440,173463.04,4958152,"(B) Regional Rural Bank","2018-05-23"
"Bank of Baroda",9384256,15412489,24796745,665934.28,22914951,"(A) Public Sector Banks","2018-05-30"
"Bank of Baroda",4832724,1340586,6173310,173594.7,4968316,"(B) Regional Rural Bank","2018-05-30"
"Bank of Baroda",9421528,15489175,24910703,675369.01,23015882,"(A) Public Sector Banks","2018-06-06"
"Bank of Baroda",4845681,1344860,6190541,175974.41,4976408,"(B) Regional Rural Bank","2018-06-06"
"Bank of Baroda",9452837,15552630,25005467,682414.54,23098599,"(A) Public Sector Banks","2018-06-13"
"Bank of Baroda",4858542,1349324,6207866,176031.9,4984373,"(B) Regional Rural Bank","2018-06-13"
"Bank of Baroda",9487881,15625309,25113190,680102.54,23190507,"(A) Public Sector Banks","2018-06-20"
"Bank of Baroda",4873276,1354016,6227292,176951.79,4993539,"(B) Regional Rural Bank","2018-06-20"
"Bank of Baroda",9521702,15690566,25212268,677769.11,23276943,"(A) Public Sector Banks","2018-06-27"
"Bank of Baroda",4890432,1359198,6249630,175956.15,5003339,"(B) Regional Rural Bank","2018-06-27"
"Bank of Baroda",9572423,15784570,25356993,686427.11,23401997,"(A) Public Sector Banks","2018-07-04"
"Bank of Baroda",4911678,1365876,6277554,179701.38,5014959,"(B) Regional Rural Bank","2018-07-04"
"Bank of Baroda",9689368,16000993,25690361,704356.24,23694408,"(A) Public Sector Banks","2018-07-18"
"Bank of Baroda",4963222,1382139,6345361,182158.15,5045005,"(B) Regional Rural Bank","2018-07-18"
"Bank of Baroda",9800083,16213252,26013335,716559.26,23980093,"(A) Public Sector Banks","2018-08-01"
"Bank of Baroda",5027814,1400205,6428019,186415.19,5088024,"(B) Regional Rural Bank","2018-08-01"
"Bank of Baroda",9869357,16335089,26204446,727338.99,24161992,"(A) Public Sector Banks","2018-08-08"
"Bank of Baroda",5074762,1412296,6487058,188804.57,5121943,"(B) Regional Rural Bank","2018-08-08"
"Bank of Baroda",9927143,16438552,26365695,733252.36,24295590,"(A) Public Sector Banks","2018-08-15"
"Bank of Baroda",5110230,1421034,6531264,189159.86,5148873,"(B) Regional Rural Bank","2018-08-15"
"Bank of Baroda",9984252,16537112,26521364,728710.5,24435095,"(A) Public Sector Banks","2018-08-22"
"Bank of Baroda",5151293,1430326,6581619,188464.46,5179966,"(B) Regional Rural Bank","2018-08-22"
"Bank of Baroda",10043851,16635261,26679112,730411.43,24580257,"(A) Public Sector Banks","2018-08-29"
"Bank of Baroda",5203232,1442151,6645383,188948.91,5218355,"(B) Regional Rural Bank","2018-08-29"
"Bank of Baroda",10102341,16739856,26842197,733885.12,24733660,"(A) Public Sector Banks","2018-09-05"
"Bank of Baroda",5240056,1453333,6693389,190549.61,5242872,"(B) Regional Rural Bank","2018-09-05"
"Bank of Baroda",10162796,16854405,27017201,745450.43,24888354,"(A) Public Sector Banks","2018-09-12"
"Bank of Baroda",5285984,1468945,6754929,193077.47,5271183,"(B) Regional Rural Bank","2018-09-12"
"Bank of Baroda",10199872,16927543,27127415,749178.39,24987108,"(A) Public Sector Banks","2018-09-19"
"Bank of Baroda",5308966,1476537,6785503,195897.41,5285051,"(B) Regional Rural Bank","2018-09-19"
"Bank of Baroda",10243727,17015954,27259681,749378.17,25112051,"(A) Public Sector Banks","2018-09-26"
"Bank of Baroda",5332535,1484551,6817086,196692.69,5300493,"(B) Regional Rural Bank","2018-09-26"
"Bank of Baroda",10292238,17118816,27411054,754418.05,25252292,"(A) Public Sector Banks","2018-10-03"
"Bank of Baroda",5357882,1493516,6851398,198896.52,5317546,"(B) Regional Rural Bank","2018-10-03"
"Bank of Baroda",10336878,17214724,27551602,766763.94,25374634,"(A) Public Sector Banks","2018-10-10"
"Bank of Baroda",5376155,1500951,6877106,201892.62,5328273,"(B) Regional Rural Bank","2018-10-10"
"Bank of Baroda",10369486,17287125,27656611,771396.51,25469916,"(A) Public Sector Banks","2018-10-17"
"Bank of Baroda",5393120,1507193,6900313,201873.17,5340394,"(B) Regional Rural Bank","2018-10-17"
"Bank of Baroda",10391551,17335869,27727420,766592.79,25535020,"(A) Public Sector Banks","2018-10-24"
"Bank of Baroda",5405026,1511484,6916510,200585.42,5348425,"(B) Regional Rural Bank","2018-10-24"
"Bank of Baroda",10419635,17397031,27816666,767464.26,25616447,"(A) Public Sector Banks","2018-10-31"
"Bank of Baroda",5418327,1515725,6934052,199739.3,5358308,"(B) Regional Rural Bank","2018-10-31"
"Bank of Baroda",10432952,17426382,27859334,780440.24,25655491,"(A) Public Sector Banks","2018-11-07"
"Bank of Baroda",5428303,1518323,6946626,201520.97,5366120,"(B) Regional Rural Bank","2018-11-07"
"Bank of Baroda",10461805,17485397,27947202,784549.44,25738858,"(A) Public Sector Banks","2018-11-14"
"Bank of Baroda",5438155,1521260,6959415,200189.21,5373637,"(B) Regional Rural Bank","2018-11-14"
"Bank of Baroda",10476814,17516035,27992849,781756.13,25814687,"(A) Public Sector Banks","2018-11-21"
"Bank of Baroda",5452491,1525385,6977876,201263.67,5385271,"(B) Regional Rural Bank","2018-11-21"
"Bank of Baroda",10494250,17554862,28049112,782764.44,25900473,"(A) Public Sector Banks","2018-11-28"
"Bank of Baroda",5465951,1529655,6995606,200965.81,5396249,"(B) Regional Rural Bank","2018-11-28"
"Bank of Baroda",10520754,17608031,28128785,789895.8,25975327,"(A) Public Sector Banks","2018-12-05"
"Bank of Baroda",5480162,1533776,7013938,204548.25,5408148,"(B) Regional Rural Bank","2018-12-05"
"Bank of Baroda",10579718,17733215,28312933,802382.92,26070532,"(A) Public Sector Banks","2018-12-12"
"Bank of Baroda",5491033,1536794,7027827,205284.52,5417487,"(B) Regional Rural Bank","2018-12-12"
"Bank of Baroda",10610981,17798253,28409234,806213.96,26157599,"(A) Public Sector Banks","2018-12-19"
"Bank of Baroda",5504811,1540531,7045342,207218.17,5427644,"(B) Regional Rural Bank","2018-12-19"
"Bank of Baroda",10640931,17861954,28502885,809757.31,26241953,"(A) Public Sector Banks","2018-12-26"
"Bank of Baroda",5516066,1543686,7059752,208936.64,5435164,"(B) Regional Rural Bank","2018-12-26"
"Bank of Baroda",10667448,17918707,28586155,814663.42,26316128,"(A) Public Sector Banks","2019-01-02"
"Bank of Baroda",5530904,1548632,7079536,213256.59,5446456,"(B) Regional Rural Bank","2019-01-02"
"Bank of Baroda",10734806,18070730,28805536,830438.86,26511253,"(A) Public Sector Banks","2019-01-16"
"Bank of Baroda",5563414,1557891,7121305,214653.74,5469505,"(B) Regional Rural Bank","2019-01-16"
"Bank of Baroda",10771497,18151882,28923379,834426.5,26615963,"(A) Public Sector Banks","2019-01-23"
"Bank of Baroda",5575728,1559898,7135626,216347.31,5476490,"(B) Regional Rural Bank","2019-01-23"
