Bank Name / Type,Number of Beneficiaries at rural/semiurban centre bank branches,Number of Beneficiaries at urban metro centre bank branches,Number of Total Beneficiaries,Deposits in Accounts(In lac),Number of Rupay Debit Cards issued to beneficiaries,level,date
"Bank of India",1004197,1521534,2525731,740.14,1407469,"(A) Public Sector Banks","2014-10-08"
"Bank of India",1072906,1625680,2698586,754.57,1719413,"(A) Public Sector Banks","2014-10-15"
"Bank of India",1170301,1752362,2922663,837.28,2038729,"(A) Public Sector Banks","2014-10-22"
"Bank of India",1225201,1811651,3036852,7683.45,2164745,"(A) Public Sector Banks","2014-10-29"
"Bank of India",751934,165596,917530,732.85,41630,"(B) Regional Rural Bank","2014-10-29"
"Bank of India",1292467,1905860,3198327,8362.33,2317061,"(A) Public Sector Banks","2014-11-05"
"Bank of India",773975,172130,946105,910.06,41650,"(B) Regional Rural Bank","2014-11-05"
"Bank of India",1337139,1962553,3299692,10284.91,2427891,"(A) Public Sector Banks","2014-11-12"
"Bank of India",788795,176889,965684,1060.03,41630,"(B) Regional Rural Bank","2014-11-12"
"Bank of India",1418011,2072931,3490942,12258.28,2631741,"(A) Public Sector Banks","2014-11-19"
"Bank of India",830608,189457,1020065,1110.38,41650,"(B) Regional Rural Bank","2014-11-19"
"Bank of India",1504009,2184650,3688659,13791.92,2826915,"(A) Public Sector Banks","2014-11-26"
"Bank of India",882035,206613,1088648,1143.94,41650,"(B) Regional Rural Bank","2014-11-26"
"Bank of India",1585643,2288892,3874535,15016.34,3013723,"(A) Public Sector Banks","2014-12-03"
"Bank of India",932209,225314,1157523,1208.11,41630,"(B) Regional Rural Bank","2014-12-03"
"Bank of India",1672329,2411114,4083443,16281.41,3335254,"(A) Public Sector Banks","2014-12-10"
"Bank of India",976280,244575,1220855,1266.15,241155,"(B) Regional Rural Bank","2014-12-10"
"Bank of India",1766648,2562282,4328930,18130.18,3663682,"(A) Public Sector Banks","2014-12-17"
"Bank of India",1046339,266007,1312346,1336.68,427793,"(B) Regional Rural Bank","2014-12-17"
"Bank of India",1862978,2708425,4571403,19632.47,4334569,"(A) Public Sector Banks","2014-12-24"
"Bank of India",1099961,283465,1383426,1417.09,707351,"(B) Regional Rural Bank","2014-12-24"
"Bank of India",1942951,2827989,4770940,21070.6,4742617,"(A) Public Sector Banks","2014-12-31"
"Bank of India",1131825,297516,1429341,1494.57,1034065,"(B) Regional Rural Bank","2014-12-31"
"Bank of India",2026906,2951039,4977945,22163.83,4868395,"(A) Public Sector Banks","2015-01-07"
"Bank of India",1176053,317593,1493646,1603.05,1396203,"(B) Regional Rural Bank","2015-01-07"
"Bank of India",2121116,3075295,5196411,23904.73,5049531,"(A) Public Sector Banks","2015-01-14"
"Bank of India",1213258,334493,1547751,1657.53,1512227,"(B) Regional Rural Bank","2015-01-14"
"Bank of India",2336553,3330407,5666960,26615.99,5494561,"(A) Public Sector Banks","2015-01-28"
"Bank of India",1306020,368960,1674980,1784,1628697,"(B) Regional Rural Bank","2015-01-28"
"Bank of India",2422674,3443310,5865984,28450.97,5695671,"(A) Public Sector Banks","2015-02-04"
"Bank of India",1340231,380131,1720362,1847.91,1662612,"(B) Regional Rural Bank","2015-02-04"
"Bank of India",2511271,3554797,6066068,30788.85,5884138,"(A) Public Sector Banks","2015-02-11"
"Bank of India",1369252,391914,1761166,1912.63,1710223,"(B) Regional Rural Bank","2015-02-11"
"Bank of India",2588432,3648985,6237417,32923.75,6050894,"(A) Public Sector Banks","2015-02-18"
"Bank of India",1389205,398029,1787234,1997.74,1749413,"(B) Regional Rural Bank","2015-02-18"
"Bank of India",2641480,3712841,6354321,34398.36,6187053,"(A) Public Sector Banks","2015-02-25"
"Bank of India",1406118,403067,1809185,2034.7,1761403,"(B) Regional Rural Bank","2015-02-25"
"Bank of India",2706327,3796898,6503225,36357.57,6331915,"(A) Public Sector Banks","2015-03-04"
"Bank of India",1433929,459733,1893662,2234.69,1838713,"(B) Regional Rural Bank","2015-03-04"
"Bank of India",2746211,3851482,6597693,39318.29,6435154,"(A) Public Sector Banks","2015-03-11"
"Bank of India",1458525,478894,1937419,2339.29,1873256,"(B) Regional Rural Bank","2015-03-11"
"Bank of India",2796268,3912468,6708736,41186.57,6534603,"(A) Public Sector Banks","2015-03-18"
"Bank of India",1486421,519078,2005499,2571.18,1932713,"(B) Regional Rural Bank","2015-03-18"
"Bank of India",2833118,3961318,6794436,42788.82,6626103,"(A) Public Sector Banks","2015-03-25"
"Bank of India",1525870,534287,2060157,2972.52,1990703,"(B) Regional Rural Bank","2015-03-25"
"Bank of India",2873084,4010871,6883955,44605.38,6708921,"(A) Public Sector Banks","2015-04-01"
"Bank of India",1544185,542067,2086252,3440.39,2034853,"(B) Regional Rural Bank","2015-04-01"
"Bank of India",2898219,4048860,6947079,45863.41,6789072,"(A) Public Sector Banks","2015-04-08"
"Bank of India",1563077,546803,2109880,3744.55,2058219,"(B) Regional Rural Bank","2015-04-08"
"Bank of India",2898219,4048860,6947079,45863.41,6789072,"(A) Public Sector Banks","2015-04-15"
"Bank of India",1588276,549836,2138112,4220.31,2088481,"(B) Regional Rural Bank","2015-04-15"
"Bank of India",2979810,4132180,7111990,48215.79,6956812,"(A) Public Sector Banks","2015-04-22"
"Bank of India",1624012,556284,2180296,4502.24,2129132,"(B) Regional Rural Bank","2015-04-22"
"Bank of India",3011172,4164374,7175546,49197.74,7024714,"(A) Public Sector Banks","2015-04-29"
"Bank of India",1650380,561644,2212024,4727.57,2159654,"(B) Regional Rural Bank","2015-04-29"
"Bank of India",3030033,4182468,7212501,49533.96,7074302,"(A) Public Sector Banks","2015-05-06"
"Bank of India",1663741,564820,2228561,4868.89,2159654,"(B) Regional Rural Bank","2015-05-06"
"Bank of India",3063855,4216121,7279976,51944.85,7133819,"(A) Public Sector Banks","2015-05-13"
"Bank of India",1683874,569513,2253387,5061.31,2179402,"(B) Regional Rural Bank","2015-05-13"
"Bank of India",3093788,4250641,7344429,53402.6,7183533,"(A) Public Sector Banks","2015-05-20"
"Bank of India",1703478,575585,2279063,5234.88,2209711,"(B) Regional Rural Bank","2015-05-20"
"Bank of India",3148114,4317148,7465262,56093.1,7302722,"(A) Public Sector Banks","2015-06-03"
"Bank of India",1735329,584627,2319956,5661.23,2250586,"(B) Regional Rural Bank","2015-06-03"
"Bank of India",3174468,4344989,7519457,57565.24,7351663,"(A) Public Sector Banks","2015-06-10"
"Bank of India",1754069,589286,2343355,5827.64,2266801,"(B) Regional Rural Bank","2015-06-10"
"Bank of India",3199781,4374953,7574734,58678.47,7409331,"(A) Public Sector Banks","2015-06-17"
"Bank of India",1768339,594142,2362481,6020.75,2282447,"(B) Regional Rural Bank","2015-06-17"
"Bank of India",3232708,4408455,7641163,59774.79,7465884,"(A) Public Sector Banks","2015-06-24"
"Bank of India",1781089,597705,2378794,6169.56,2298441,"(B) Regional Rural Bank","2015-06-24"
"Bank of India",3272656,4448219,7720875,61152.56,7533522,"(A) Public Sector Banks","2015-07-01"
"Bank of India",1791345,600597,2391942,6353.97,2311738,"(B) Regional Rural Bank","2015-07-01"
"Bank of India",3278679,4452002,7730681,61724.23,7555783,"(A) Public Sector Banks","2015-07-08"
"Bank of India",1811543,606806,2418349,6542.06,2318306,"(B) Regional Rural Bank","2015-07-08"
"Bank of India",3414862,4623880,8038742,64992.11,7789793,"(A) Public Sector Banks","2015-07-15"
"Bank of India",1830915,612828,2443743,6661.06,2343219,"(B) Regional Rural Bank","2015-07-15"
"Bank of India",3481942,4689203,8171145,66134.06,7911035,"(A) Public Sector Banks","2015-07-22"
"Bank of India",1846453,617716,2464169,6814.06,2371631,"(B) Regional Rural Bank","2015-07-22"
"Bank of India",3544813,4746389,8291202,67306.38,7989711,"(A) Public Sector Banks","2015-07-29"
"Bank of India",1863210,623137,2486347,6997.81,2387718,"(B) Regional Rural Bank","2015-07-29"
"Bank of India",3581064,4785820,8366884,68333.71,8046458,"(A) Public Sector Banks","2015-08-05"
"Bank of India",1878768,627487,2506255,7180.5,2396310,"(B) Regional Rural Bank","2015-08-05"
"Bank of India",3689590,4896550,8586140,72189.88,8222912,"(A) Public Sector Banks","2015-08-12"
"Bank of India",1897372,633340,2530712,7285.71,2409498,"(B) Regional Rural Bank","2015-08-12"
"Bank of India",3761261,4961360,8722621,73655.39,8328176,"(A) Public Sector Banks","2015-08-19"
"Bank of India",1917037,637625,2554662,7350.05,2425080,"(B) Regional Rural Bank","2015-08-19"
"Bank of India",3829157,5013959,8843116,74899.95,8408080,"(A) Public Sector Banks","2015-08-26"
"Bank of India",1925678,640136,2565814,7367.39,2425080,"(B) Regional Rural Bank","2015-08-26"
"Bank of India",3857700,5025754,8883454,75038.45,8464679,"(A) Public Sector Banks","2015-09-02"
"Bank of India",1963527,652322,2615849,7466.23,2425082,"(B) Regional Rural Bank","2015-09-02"
"Bank of India",3900010,5063049,8963059,76445.96,8464679,"(A) Public Sector Banks","2015-09-09"
"Bank of India",1979984,657134,2637118,7938.18,2425080,"(B) Regional Rural Bank","2015-09-09"
"Bank of India",3954913,5107627,9062540,78005.4,8470857,"(A) Public Sector Banks","2015-09-16"
"Bank of India",2009492,662107,2671599,8554.17,2425080,"(B) Regional Rural Bank","2015-09-16"
"Bank of India",4008747,5153598,9162345,79432.1,8599103,"(A) Public Sector Banks","2015-09-23"
"Bank of India",2024019,666667,2690686,8948.3,2425080,"(B) Regional Rural Bank","2015-09-23"
"Bank of India",4075868,5218468,9294336,82505.43,8681010,"(A) Public Sector Banks","2015-10-07"
"Bank of India",2047263,673019,2720282,10132.38,2425080,"(B) Regional Rural Bank","2015-10-07"
"Bank of India",4119441,5256469,9375910,84374.52,8728057,"(A) Public Sector Banks","2015-10-14"
"Bank of India",2058902,676250,2735152,10309.9,2425080,"(B) Regional Rural Bank","2015-10-14"
"Bank of India",4156361,5288341,9444702,85761.84,8837271,"(A) Public Sector Banks","2015-10-21"
"Bank of India",2070681,680648,2751329,10817.67,2425080,"(B) Regional Rural Bank","2015-10-21"
"Bank of India",4175196,5307205,9482401,85808.05,8891397,"(A) Public Sector Banks","2015-10-28"
"Bank of India",2079085,682494,2761579,10935.59,2425080,"(B) Regional Rural Bank","2015-10-28"
"Bank of India",4210974,5340188,9551162,87226.49,8935854,"(A) Public Sector Banks","2015-11-04"
"Bank of India",2088349,685684,2774033,11666.1,2425080,"(B) Regional Rural Bank","2015-11-04"
"Bank of India",4237144,5362587,9599731,89267.56,9006290,"(A) Public Sector Banks","2015-11-11"
"Bank of India",2099339,688571,2787910,11999.81,2654019,"(B) Regional Rural Bank","2015-11-11"
"Bank of India",4259538,5379477,9639015,89861.87,9039504,"(A) Public Sector Banks","2015-11-18"
"Bank of India",2105311,690107,2795418,12476.16,2654019,"(B) Regional Rural Bank","2015-11-18"
"Bank of India",4282825,5401247,9684072,89894,9085452,"(A) Public Sector Banks","2015-11-25"
"Bank of India",2114304,693376,2807680,13087.27,2654019,"(B) Regional Rural Bank","2015-11-25"
"Bank of India",4311607,5427586,9739193,90547.33,9114492,"(A) Public Sector Banks","2015-12-02"
"Bank of India",2121291,695857,2817148,13461.16,2654019,"(B) Regional Rural Bank","2015-12-02"
"Bank of India",4345925,5456197,9802122,92825.99,9147451,"(A) Public Sector Banks","2015-12-09"
"Bank of India",2131680,699511,2831191,14052.44,2654019,"(B) Regional Rural Bank","2015-12-09"
"Bank of India",4377699,5484507,9862206,94593.02,9222897,"(A) Public Sector Banks","2015-12-16"
"Bank of India",2140359,702927,2843286,15007.52,2654019,"(B) Regional Rural Bank","2015-12-16"
"Bank of India",4415261,5514600,9929861,96356.91,9288264,"(A) Public Sector Banks","2015-12-23"
"Bank of India",2146881,706132,2853013,16394.22,2654019,"(B) Regional Rural Bank","2015-12-23"
"Bank of India",4448795,5540734,9989529,97288.3,9328009,"(A) Public Sector Banks","2015-12-30"
"Bank of India",2155676,708960,2864636,17253.35,2654019,"(B) Regional Rural Bank","2015-12-30"
"Bank of India",4471150,5560538,10031688,98931.35,9327494,"(A) Public Sector Banks","2016-01-06"
"Bank of India",2167610,711047,2878657,18015.44,2654019,"(B) Regional Rural Bank","2016-01-06"
"Bank of India",4546200,5624530,10170730,102185.19,9479593,"(A) Public Sector Banks","2016-01-13"
"Bank of India",2180912,715159,2896071,19289.86,2654019,"(B) Regional Rural Bank","2016-01-13"
"Bank of India",4600008,5667479,10267487,104615.05,9551711,"(A) Public Sector Banks","2016-01-20"
"Bank of India",2189763,718294,2908057,19669.05,2654019,"(B) Regional Rural Bank","2016-01-20"
"Bank of India",4636847,5702258,10339105,105676.32,9674021,"(A) Public Sector Banks","2016-01-27"
"Bank of India",2202615,723126,2925741,20217.13,2654019,"(B) Regional Rural Bank","2016-01-27"
"Bank of India",4770912,5829359,10600271,113212.23,9720384,"(A) Public Sector Banks","2016-02-10"
"Bank of India",2231953,731859,2963812,22654.84,2654019,"(B) Regional Rural Bank","2016-02-10"
"Bank of India",4841624,5888162,10729786,119084.77,9713789,"(A) Public Sector Banks","2016-02-17"
"Bank of India",2242242,734911,2977153,23236.46,2654019,"(B) Regional Rural Bank","2016-02-17"
"Bank of India",4893666,5941741,10835407,121856.19,9708758,"(A) Public Sector Banks","2016-02-24"
"Bank of India",2252005,737491,2989496,23782.23,2654019,"(B) Regional Rural Bank","2016-02-24"
"Bank of India",4950058,5986832,10936890,124745.76,9750223,"(A) Public Sector Banks","2016-03-02"
"Bank of India",2263515,741238,3004753,24407.47,2654020,"(B) Regional Rural Bank","2016-03-02"
"Bank of India",5019098,6045876,11064974,129303.63,9947984,"(A) Public Sector Banks","2016-03-09"
"Bank of India",2266718,749742,3016460,25014.96,2654019,"(B) Regional Rural Bank","2016-03-09"
"Bank of India",5079873,6108040,11187913,135609.4,10229343,"(A) Public Sector Banks","2016-03-16"
"Bank of India",2273293,751638,3024931,26253.7,2654019,"(B) Regional Rural Bank","2016-03-16"
"Bank of India",5110198,6139055,11249253,138389.62,10328383,"(A) Public Sector Banks","2016-03-23"
"Bank of India",2280796,753182,3033978,26886.68,2654019,"(B) Regional Rural Bank","2016-03-23"
"Bank of India",5151174,6183894,11335068,142816.39,10450609,"(A) Public Sector Banks","2016-03-30"
"Bank of India",2287720,755034,3042754,28245.21,2654019,"(B) Regional Rural Bank","2016-03-30"
"Bank of India",5167007,6195620,11362627,146695.57,10447910,"(A) Public Sector Banks","2016-04-06"
"Bank of India",2294291,757119,3051410,28618.05,2654019,"(B) Regional Rural Bank","2016-04-06"
"Bank of India",5184772,6212479,11397251,147018.56,10581367,"(A) Public Sector Banks","2016-04-13"
"Bank of India",2299768,759178,3058946,28788.39,2654019,"(B) Regional Rural Bank","2016-04-13"
"Bank of India",5228742,6253677,11482419,149581.76,10580470,"(A) Public Sector Banks","2016-04-20"
"Bank of India",2304120,760419,3064539,28834.6,2654019,"(B) Regional Rural Bank","2016-04-20"
"Bank of India",5261676,6292179,11553855,149972.22,10918006,"(A) Public Sector Banks","2016-04-27"
"Bank of India",2310443,762455,3072898,29100.32,2654019,"(B) Regional Rural Bank","2016-04-27"
"Bank of India",5281119,6315427,11596546,150796.95,11094941,"(A) Public Sector Banks","2016-05-04"
"Bank of India",2318373,764699,3083072,29319.78,2654019,"(B) Regional Rural Bank","2016-05-04"
"Bank of India",5349505,6394220,11743725,158349.58,11202433,"(A) Public Sector Banks","2016-05-11"
"Bank of India",2329707,767347,3097054,29425.37,2654019,"(B) Regional Rural Bank","2016-05-11"
"Bank of India",5383368,6433300,11816668,161923.2,11225560,"(A) Public Sector Banks","2016-05-18"
"Bank of India",2341553,770592,3112145,29517.52,2654019,"(B) Regional Rural Bank","2016-05-18"
"Bank of India",5417838,6475420,11893258,164022.53,11259462,"(A) Public Sector Banks","2016-05-25"
"Bank of India",2352319,774078,3126397,29591.17,2654019,"(B) Regional Rural Bank","2016-05-25"
"Bank of India",5550184,6642580,12192764,169069.56,11777039,"(A) Public Sector Banks","2016-06-01"
"Bank of India",2363295,777241,3140536,29655.91,2654019,"(B) Regional Rural Bank","2016-06-01"
"Bank of India",2221542,3191519,5413061,25359.96,5264507,"(A) Public Sector Banks","2015-01-21"
"Bank of India",1258686,350623,1609309,1738.05,1556178,"(B) Regional Rural Bank","2015-01-21"
"Bank of India",3122203,4283007,7405210,54603.53,7242827,"(A) Public Sector Banks","2015-05-27"
"Bank of India",1720461,580187,2300648,5467.53,2234221,"(B) Regional Rural Bank","2015-05-27"
"Bank of India",4042095,5185596,9227691,80827.4,8648485,"(A) Public Sector Banks","2015-09-30"
"Bank of India",2033803,669682,2703485,9851.79,2425080,"(B) Regional Rural Bank","2015-09-30"
"Bank of India",4719593,5779887,10499480,109548.06,9726114,"(A) Public Sector Banks","2016-02-03"
"Bank of India",2216608,727630,2944238,21707.31,2654019,"(B) Regional Rural Bank","2016-02-03"
"Bank of India",5589523,6697308,12286831,171703.25,11812285,"(A) Public Sector Banks","2016-06-08"
"Bank of India",2371885,779543,3151428,29740.33,2654019,"(B) Regional Rural Bank","2016-06-08"
"Bank of India",6873557,7898044,14771601,223012.48,13199231,"(A) Public Sector Banks","2016-10-12"
"Bank of India",2588765,837808,3426573,33715.43,3202089,"(B) Regional Rural Bank","2016-10-12"
"Bank of India",7561682,8655263,16216945,339468.89,15721576,"(A) Public Sector Banks","2017-02-15"
"Bank of India",2780883,903621,3684504,72934.78,3202089,"(B) Regional Rural Bank","2017-02-15"
"Bank of India",8268194,9229754,17497948,347219.42,16430913,"(A) Public Sector Banks","2017-06-21"
"Bank of India",2867191,934088,3801279,72813.64,3632668,"(B) Regional Rural Bank","2017-06-21"
"Bank of India",8774910,9700281,18475191,372373.94,17310935,"(A) Public Sector Banks","2017-10-25"
"Bank of India",2973475,972569,3946044,73923.19,3690229,"(B) Regional Rural Bank","2017-10-25"
"Bank of India",9132452,10032349,19164801,419682.7,17903978,"(A) Public Sector Banks","2018-02-28"
"Bank of India",3047145,1000607,4047752,80544.44,3761427,"(B) Regional Rural Bank","2018-02-28"
"Bank of India",9499939,10382540,19882479,458638.72,18193697,"(A) Public Sector Banks","2018-07-11"
"Bank of India",3152395,1037149,4189544,85821.91,3782331,"(B) Regional Rural Bank","2018-07-11"
"Bank of India",5618112,6740125,12358237,173411.42,11849938,"(A) Public Sector Banks","2016-06-15"
"Bank of India",2385789,780565,3166354,29848.63,2654019,"(B) Regional Rural Bank","2016-06-15"
"Bank of India",5676343,6817099,12493442,176205.37,11926291,"(A) Public Sector Banks","2016-06-22"
"Bank of India",2395813,783596,3179409,29979.84,2654019,"(B) Regional Rural Bank","2016-06-22"
"Bank of India",5737188,6894033,12631221,178879.06,12060485,"(A) Public Sector Banks","2016-06-29"
"Bank of India",2408109,787220,3195329,30179.36,2654019,"(B) Regional Rural Bank","2016-06-29"
"Bank of India",5783415,6938453,12721868,179866.97,12082635,"(A) Public Sector Banks","2016-07-06"
"Bank of India",2418832,790328,3209160,30374.55,2654019,"(B) Regional Rural Bank","2016-07-06"
"Bank of India",5892879,7033072,12925951,185873.25,12242973,"(A) Public Sector Banks","2016-07-13"
"Bank of India",2426302,792664,3218966,30501.83,2654019,"(B) Regional Rural Bank","2016-07-13"
"Bank of India",5979846,7111447,13091293,188920.33,12363600,"(A) Public Sector Banks","2016-07-20"
"Bank of India",2438026,795684,3233710,30651.76,2706181,"(B) Regional Rural Bank","2016-07-20"
"Bank of India",6052758,7174636,13227394,191324.19,12578681,"(A) Public Sector Banks","2016-07-27"
"Bank of India",2450783,799375,3250158,30896.19,2851699,"(B) Regional Rural Bank","2016-07-27"
"Bank of India",6139256,7254818,13394074,194492.57,12758863,"(A) Public Sector Banks","2016-08-03"
"Bank of India",2463576,802816,3266392,31054.83,2960302,"(B) Regional Rural Bank","2016-08-03"
"Bank of India",6236873,7340191,13577064,199884.47,12788799,"(A) Public Sector Banks","2016-08-10"
"Bank of India",2478367,807000,3285367,31506.27,3130302,"(B) Regional Rural Bank","2016-08-10"
"Bank of India",6300281,7396549,13696830,202843.76,12842634,"(A) Public Sector Banks","2016-08-17"
"Bank of India",2488235,810117,3298352,31656.79,3174302,"(B) Regional Rural Bank","2016-08-17"
"Bank of India",6348312,7436760,13785072,203106.13,12847627,"(A) Public Sector Banks","2016-08-24"
"Bank of India",2497044,812858,3309902,31995.75,3202089,"(B) Regional Rural Bank","2016-08-24"
"Bank of India",6436280,7517503,13953783,205564.34,12910784,"(A) Public Sector Banks","2016-08-31"
"Bank of India",2507803,815505,3323308,32268.86,3202089,"(B) Regional Rural Bank","2016-08-31"
"Bank of India",6539700,7603888,14143588,208360.8,13087317,"(A) Public Sector Banks","2016-09-07"
"Bank of India",2522759,819565,3342324,32504.89,3202089,"(B) Regional Rural Bank","2016-09-07"
"Bank of India",6613488,7670139,14283627,213197.51,13084288,"(A) Public Sector Banks","2016-09-14"
"Bank of India",2532090,822060,3354150,32745.92,3202089,"(B) Regional Rural Bank","2016-09-14"
"Bank of India",6683357,7728370,14411727,214668.51,13082881,"(A) Public Sector Banks","2016-09-21"
"Bank of India",2549603,826302,3375905,32955.36,3202089,"(B) Regional Rural Bank","2016-09-21"
"Bank of India",6757414,7789626,14547040,216421.04,13078045,"(A) Public Sector Banks","2016-09-28"
"Bank of India",2567737,832024,3399761,33326.12,3202089,"(B) Regional Rural Bank","2016-09-28"
"Bank of India",6833620,7861025,14694645,220456.56,13150535,"(A) Public Sector Banks","2016-10-05"
"Bank of India",2582019,835660,3417679,33632.2,3202089,"(B) Regional Rural Bank","2016-10-05"
"Bank of India",6912200,7932857,14845057,224305.75,13245431,"(A) Public Sector Banks","2016-10-19"
"Bank of India",2604291,840385,3444676,33784.13,3202089,"(B) Regional Rural Bank","2016-10-19"
"Bank of India",6978757,7990138,14968895,226039,13309135,"(A) Public Sector Banks","2016-10-26"
"Bank of India",2612904,843117,3456021,33891.35,3202089,"(B) Regional Rural Bank","2016-10-26"
"Bank of India",7017064,8019496,15036560,227692.76,13347975,"(A) Public Sector Banks","2016-11-02"
"Bank of India",2617465,844284,3461749,33954.81,3202089,"(B) Regional Rural Bank","2016-11-02"
"Bank of India",7054864,8050493,15105357,233341.7,13352208,"(A) Public Sector Banks","2016-11-09"
"Bank of India",2627059,846841,3473900,34091.48,3202089,"(B) Regional Rural Bank","2016-11-09"
"Bank of India",7071495,8065720,15137215,342842.87,13385450,"(A) Public Sector Banks","2016-11-16"
"Bank of India",2627964,847087,3475051,50782.24,3202089,"(B) Regional Rural Bank","2016-11-16"
"Bank of India",7090507,8091635,15182142,374230.73,13383763,"(A) Public Sector Banks","2016-11-23"
"Bank of India",2635233,845636,3480869,69762.49,3202089,"(B) Regional Rural Bank","2016-11-23"
"Bank of India",7116255,8130761,15247016,378551.56,13381903,"(A) Public Sector Banks","2016-11-30"
"Bank of India",2640026,847357,3487383,71044.89,3202089,"(B) Regional Rural Bank","2016-11-30"
"Bank of India",7173134,8214345,15387479,379452.53,13516439,"(A) Public Sector Banks","2016-12-07"
"Bank of India",2648371,850501,3498872,71968.89,3202089,"(B) Regional Rural Bank","2016-12-07"
"Bank of India",7231907,8307540,15539447,383395.2,14123225,"(A) Public Sector Banks","2016-12-14"
"Bank of India",2659111,853832,3512943,72111.89,3202089,"(B) Regional Rural Bank","2016-12-14"
"Bank of India",7303783,8420704,15724487,381569.59,15031962,"(A) Public Sector Banks","2016-12-21"
"Bank of India",2673290,859111,3532401,72080.89,3202089,"(B) Regional Rural Bank","2016-12-21"
"Bank of India",7369319,8513861,15883180,379388.69,15190609,"(A) Public Sector Banks","2016-12-28"
"Bank of India",2691452,863574,3555026,72703.89,3202089,"(B) Regional Rural Bank","2016-12-28"
"Bank of India",7447836,8622882,16070718,373470.51,15337563,"(A) Public Sector Banks","2017-01-04"
"Bank of India",2708448,871378,3579826,72984.89,3202089,"(B) Regional Rural Bank","2017-01-04"
"Bank of India",7517672,8718508,16236180,371170.05,15498099,"(A) Public Sector Banks","2017-01-11"
"Bank of India",2724243,877934,3602177,72707.89,3202089,"(B) Regional Rural Bank","2017-01-11"
"Bank of India",7570026,8789023,16359049,369966.94,15581767,"(A) Public Sector Banks","2017-01-18"
"Bank of India",2736264,883720,3619984,72234.89,3202092,"(B) Regional Rural Bank","2017-01-18"
"Bank of India",7630661,8858538,16489199,368136.38,15577430,"(A) Public Sector Banks","2017-01-25"
"Bank of India",2746119,890625,3636744,72150.89,3202089,"(B) Regional Rural Bank","2017-01-25"
"Bank of India",7535956,8623571,16159527,341165.16,15633034,"(A) Public Sector Banks","2017-02-01"
"Bank of India",2759374,895131,3654505,72175.89,3202089,"(B) Regional Rural Bank","2017-02-01"
"Bank of India",7553332,8644378,16197710,337169,15856682,"(A) Public Sector Banks","2017-02-08"
"Bank of India",2770928,899129,3670057,71891.89,3202089,"(B) Regional Rural Bank","2017-02-08"
"Bank of India",7628538,8725762,16354300,340818.28,15851661,"(A) Public Sector Banks","2017-02-22"
"Bank of India",2791335,907489,3698824,72259.76,3323319,"(B) Regional Rural Bank","2017-02-22"
"Bank of India",7664026,8743933,16407959,340194.11,15891240,"(A) Public Sector Banks","2017-03-01"
"Bank of India",2798350,911135,3709485,71950.79,3411099,"(B) Regional Rural Bank","2017-03-01"
"Bank of India",7713307,8796558,16509865,340406.47,15927739,"(A) Public Sector Banks","2017-03-08"
"Bank of India",2805881,914425,3720306,70378.79,3520827,"(B) Regional Rural Bank","2017-03-08"
"Bank of India",7743719,8829582,16573301,342369.93,15971012,"(A) Public Sector Banks","2017-03-15"
"Bank of India",2809316,915763,3725079,70294.48,3557564,"(B) Regional Rural Bank","2017-03-15"
"Bank of India",7795739,8875099,16670838,341790.38,16020236,"(A) Public Sector Banks","2017-03-22"
"Bank of India",2815891,917991,3733882,69255.79,3569165,"(B) Regional Rural Bank","2017-03-22"
"Bank of India",7836523,8910316,16746839,343646.44,16013373,"(A) Public Sector Banks","2017-03-29"
"Bank of India",2821105,919708,3740813,69987.79,3590701,"(B) Regional Rural Bank","2017-03-29"
"Bank of India",7863903,8935660,16799563,346614.17,16033618,"(A) Public Sector Banks","2017-04-05"
"Bank of India",2824695,920560,3745255,70353.79,3601467,"(B) Regional Rural Bank","2017-04-05"
"Bank of India",7903889,8965506,16869395,344758.94,16058588,"(A) Public Sector Banks","2017-04-12"
"Bank of India",2830017,922399,3752416,70276.28,3662083,"(B) Regional Rural Bank","2017-04-12"
"Bank of India",7937954,8968915,16906869,341881.53,16052526,"(A) Public Sector Banks","2017-04-19"
"Bank of India",2832292,924581,3756873,70670.8,3580890,"(B) Regional Rural Bank","2017-04-19"
"Bank of India",7973491,8998342,16971833,341792.5,16068549,"(A) Public Sector Banks","2017-04-26"
"Bank of India",2836902,925327,3762229,72037.83,3580890,"(B) Regional Rural Bank","2017-04-26"
"Bank of India",8006250,9025166,17031416,341760.23,16061754,"(A) Public Sector Banks","2017-05-03"
"Bank of India",2840479,925843,3766322,72953.56,3580890,"(B) Regional Rural Bank","2017-05-03"
"Bank of India",8042718,9053152,17095870,347097.93,16116786,"(A) Public Sector Banks","2017-05-10"
"Bank of India",2843605,926819,3770424,74165.56,3580890,"(B) Regional Rural Bank","2017-05-10"
"Bank of India",8078720,9079382,17158102,346099.41,16121132,"(A) Public Sector Banks","2017-05-17"
"Bank of India",2846067,927911,3773978,74752.56,3580890,"(B) Regional Rural Bank","2017-05-17"
"Bank of India",8124465,9112659,17237124,345601.46,16120967,"(A) Public Sector Banks","2017-05-24"
"Bank of India",2848462,928656,3777118,74929.54,3580890,"(B) Regional Rural Bank","2017-05-24"
"Bank of India",8145631,9129317,17274948,345351.81,16153541,"(A) Public Sector Banks","2017-05-31"
"Bank of India",2851327,929235,3780562,74690.64,3580890,"(B) Regional Rural Bank","2017-05-31"
"Bank of India",8199883,9172294,17372177,347371.86,16183930,"(A) Public Sector Banks","2017-06-07"
"Bank of India",2856436,930661,3787097,73945.68,3580890,"(B) Regional Rural Bank","2017-06-07"
"Bank of India",8236554,9202185,17438739,348226.64,16227869,"(A) Public Sector Banks","2017-06-14"
"Bank of India",2860907,931970,3792877,73534.7,3632668,"(B) Regional Rural Bank","2017-06-14"
"Bank of India",8287684,9244690,17532374,346835.93,16429140,"(A) Public Sector Banks","2017-06-28"
"Bank of India",2867191,934088,3801279,72813.64,3632668,"(B) Regional Rural Bank","2017-06-28"
"Bank of India",8315877,9268794,17584671,346530.2,16602735,"(A) Public Sector Banks","2017-07-05"
"Bank of India",2877028,937473,3814501,72715.48,3652129,"(B) Regional Rural Bank","2017-07-05"
"Bank of India",8343687,9295744,17639431,351136.68,16938255,"(A) Public Sector Banks","2017-07-12"
"Bank of India",2882140,938744,3820884,72628.37,3652129,"(B) Regional Rural Bank","2017-07-12"
"Bank of India",8378219,9326310,17704529,350627.22,16954017,"(A) Public Sector Banks","2017-07-19"
"Bank of India",2888465,941346,3829811,72174.94,3663230,"(B) Regional Rural Bank","2017-07-19"
"Bank of India",8408906,9356076,17764982,351804.33,16963438,"(A) Public Sector Banks","2017-07-26"
"Bank of India",2894460,943526,3837986,72221.01,3663230,"(B) Regional Rural Bank","2017-07-26"
"Bank of India",8441048,9386291,17827339,353366.17,16988403,"(A) Public Sector Banks","2017-08-02"
"Bank of India",2900955,945899,3846854,72224.41,3663230,"(B) Regional Rural Bank","2017-08-02"
"Bank of India",8471398,9415208,17886606,359972.65,16985634,"(A) Public Sector Banks","2017-08-09"
"Bank of India",2908203,948940,3857143,72191.37,3674230,"(B) Regional Rural Bank","2017-08-09"
"Bank of India",8493829,9437842,17931671,361116.08,16997950,"(A) Public Sector Banks","2017-08-16"
"Bank of India",2912328,950581,3862909,72401.6,3674230,"(B) Regional Rural Bank","2017-08-16"
"Bank of India",8530627,9471949,18002576,360923.15,17080406,"(A) Public Sector Banks","2017-08-23"
"Bank of India",2918923,953584,3872507,72746.61,3674230,"(B) Regional Rural Bank","2017-08-23"
"Bank of India",8575598,9499888,18075486,360016.29,17088639,"(A) Public Sector Banks","2017-08-30"
"Bank of India",2926923,957189,3884112,73009.58,3674230,"(B) Regional Rural Bank","2017-08-30"
"Bank of India",8608358,9542750,18151108,363531.9,17184755,"(A) Public Sector Banks","2017-09-06"
"Bank of India",2933764,959712,3893476,72820.92,3690204,"(B) Regional Rural Bank","2017-09-06"
"Bank of India",8642884,9576168,18219052,367236.78,17218484,"(A) Public Sector Banks","2017-09-13"
"Bank of India",2941201,962341,3903542,72747.89,3690229,"(B) Regional Rural Bank","2017-09-13"
"Bank of India",8678418,9596580,18274998,368452.23,17198608,"(A) Public Sector Banks","2017-09-20"
"Bank of India",2949989,964394,3914383,73380.74,3690229,"(B) Regional Rural Bank","2017-09-20"
"Bank of India",8708878,9640486,18349364,368545.27,17212785,"(A) Public Sector Banks","2017-09-27"
"Bank of India",2958876,967184,3926060,74354.88,3690229,"(B) Regional Rural Bank","2017-09-27"
"Bank of India",8718739,9651231,18369970,370035.18,17313449,"(A) Public Sector Banks","2017-10-04"
"Bank of India",2962110,968494,3930604,74879.89,3690229,"(B) Regional Rural Bank","2017-10-04"
"Bank of India",8743281,9674006,18417287,373461.69,17310141,"(A) Public Sector Banks","2017-10-11"
"Bank of India",2965929,970234,3936163,74946.76,3690229,"(B) Regional Rural Bank","2017-10-11"
"Bank of India",8762005,9689106,18451111,373188.32,17314298,"(A) Public Sector Banks","2017-10-18"
"Bank of India",2965929,970234,3936163,74946.76,3690229,"(B) Regional Rural Bank","2017-10-18"
"Bank of India",8792624,9716477,18509101,373174.1,17379967,"(A) Public Sector Banks","2017-11-01"
"Bank of India",2974666,973127,3947793,73361.95,3690229,"(B) Regional Rural Bank","2017-11-01"
"Bank of India",8814901,9737486,18552387,377979.8,17391743,"(A) Public Sector Banks","2017-11-08"
"Bank of India",2974669,976164,3950833,74492.99,3690229,"(B) Regional Rural Bank","2017-11-08"
"Bank of India",8827957,9749420,18577377,381293.76,17385389,"(A) Public Sector Banks","2017-11-15"
"Bank of India",2985473,978311,3963784,74598.91,3690229,"(B) Regional Rural Bank","2017-11-15"
"Bank of India",8848092,9768812,18616904,381731.34,17376350,"(A) Public Sector Banks","2017-11-22"
"Bank of India",2990097,980266,3970363,74972.87,3690229,"(B) Regional Rural Bank","2017-11-22"
"Bank of India",8870181,9789113,18659294,383151.18,17457919,"(A) Public Sector Banks","2017-11-29"
"Bank of India",2993863,982524,3976387,75179.82,3690229,"(B) Regional Rural Bank","2017-11-29"
"Bank of India",8889723,9807226,18696949,386160.04,17454722,"(A) Public Sector Banks","2017-12-06"
"Bank of India",2998435,983932,3982367,75919.46,3690229,"(B) Regional Rural Bank","2017-12-06"
"Bank of India",8909568,9825741,18735309,390772.59,17506721,"(A) Public Sector Banks","2017-12-13"
"Bank of India",3001313,984535,3985848,75877.57,3706467,"(B) Regional Rural Bank","2017-12-13"
"Bank of India",8934557,9850802,18785359,393426.19,17501801,"(A) Public Sector Banks","2017-12-20"
"Bank of India",3007470,986694,3994164,76146.23,3706467,"(B) Regional Rural Bank","2017-12-20"
"Bank of India",8950014,9864860,18814874,395010.05,17566619,"(A) Public Sector Banks","2017-12-27"
"Bank of India",3009223,987040,3996263,77273.62,3706467,"(B) Regional Rural Bank","2017-12-27"
"Bank of India",8977957,9891609,18869566,399917.72,17587661,"(A) Public Sector Banks","2018-01-03"
"Bank of India",3014484,990171,4004655,78564.91,3706467,"(B) Regional Rural Bank","2018-01-03"
"Bank of India",8995868,9907383,18903251,404763.13,17583100,"(A) Public Sector Banks","2018-01-10"
"Bank of India",3019419,992218,4011637,78331.04,3706467,"(B) Regional Rural Bank","2018-01-10"
"Bank of India",9012631,9920715,18933346,407318.29,17624526,"(A) Public Sector Banks","2018-01-17"
"Bank of India",3023115,993666,4016781,79741.94,3706467,"(B) Regional Rural Bank","2018-01-17"
"Bank of India",9033176,9938888,18972064,406286.7,17661494,"(A) Public Sector Banks","2018-01-24"
"Bank of India",3027464,995139,4022603,79788.7,3761427,"(B) Regional Rural Bank","2018-01-24"
"Bank of India",9041609,9957575,18999184,406170.13,17648009,"(A) Public Sector Banks","2018-01-31"
"Bank of India",3030972,995268,4026240,80083.94,3761427,"(B) Regional Rural Bank","2018-01-31"
"Bank of India",9068426,9977443,19045869,413344.23,17793160,"(A) Public Sector Banks","2018-02-07"
"Bank of India",3035759,995923,4031682,80498.9,3761427,"(B) Regional Rural Bank","2018-02-07"
"Bank of India",9086639,9991189,19077828,418301.82,17798891,"(A) Public Sector Banks","2018-02-14"
"Bank of India",3035759,995923,4031682,80498.9,3761427,"(B) Regional Rural Bank","2018-02-14"
"Bank of India",9111796,10013393,19125189,417230.66,17849002,"(A) Public Sector Banks","2018-02-21"
"Bank of India",3043413,999076,4042489,80305.13,3761427,"(B) Regional Rural Bank","2018-02-21"
"Bank of India",9143415,10042468,19185883,423519.56,17918600,"(A) Public Sector Banks","2018-03-07"
"Bank of India",3050299,1000877,4051176,80950.51,3761427,"(B) Regional Rural Bank","2018-03-07"
"Bank of India",9156298,10055661,19211959,428550.75,17925121,"(A) Public Sector Banks","2018-03-14"
"Bank of India",3053693,1002073,4055766,81175.22,3761427,"(B) Regional Rural Bank","2018-03-14"
"Bank of India",9176565,10076612,19253177,432267.22,17969584,"(A) Public Sector Banks","2018-03-21"
"Bank of India",3057616,1003782,4061398,81373.76,3761427,"(B) Regional Rural Bank","2018-03-21"
"Bank of India",9191334,10090729,19282063,439939.41,17983116,"(A) Public Sector Banks","2018-03-28"
"Bank of India",3060668,1004967,4065635,84031.89,3761427,"(B) Regional Rural Bank","2018-03-28"
"Bank of India",9197857,10097687,19295544,449282.65,17981963,"(A) Public Sector Banks","2018-04-04"
"Bank of India",3062475,1005576,4068051,85521.75,3761427,"(B) Regional Rural Bank","2018-04-04"
"Bank of India",9219497,10119821,19339318,448857.77,17989714,"(A) Public Sector Banks","2018-04-11"
"Bank of India",3069548,1008230,4077778,84526.45,3761427,"(B) Regional Rural Bank","2018-04-11"
"Bank of India",9236721,10137667,19374388,451228.55,18008415,"(A) Public Sector Banks","2018-04-18"
"Bank of India",3072112,1009182,4081294,85161.7,3761427,"(B) Regional Rural Bank","2018-04-18"
"Bank of India",9256915,10155176,19412091,447141.14,18029971,"(A) Public Sector Banks","2018-04-25"
"Bank of India",3077730,1010558,4088288,84698.93,3761427,"(B) Regional Rural Bank","2018-04-25"
"Bank of India",9273513,10170359,19443872,446164.51,18046586,"(A) Public Sector Banks","2018-05-02"
"Bank of India",3081196,1012083,4093279,84246.45,3782331,"(B) Regional Rural Bank","2018-05-02"
"Bank of India",9296363,10190536,19486899,448224.3,18071945,"(A) Public Sector Banks","2018-05-09"
"Bank of India",3090160,1014974,4105134,83217.78,3782331,"(B) Regional Rural Bank","2018-05-09"
"Bank of India",9339273,10231238,19570511,451201.74,18093829,"(A) Public Sector Banks","2018-05-23"
"Bank of India",3100968,1018850,4119818,83611.23,3782331,"(B) Regional Rural Bank","2018-05-23"
"Bank of India",9357048,10249022,19606070,451817.4,18123763,"(A) Public Sector Banks","2018-05-30"
"Bank of India",3108300,1021244,4129544,83578.51,3782331,"(B) Regional Rural Bank","2018-05-30"
"Bank of India",9373729,10262339,19636068,453501.68,18132752,"(A) Public Sector Banks","2018-06-06"
"Bank of India",3113252,1023407,4136659,83885.72,3782331,"(B) Regional Rural Bank","2018-06-06"
"Bank of India",9395281,10280627,19675908,455892.88,18139381,"(A) Public Sector Banks","2018-06-13"
"Bank of India",3118441,1025246,4143687,84207.41,3782331,"(B) Regional Rural Bank","2018-06-13"
"Bank of India",9414697,10300750,19715447,454782.35,18159407,"(A) Public Sector Banks","2018-06-20"
"Bank of India",3123723,1028298,4152021,83729.69,3782331,"(B) Regional Rural Bank","2018-06-20"
"Bank of India",9438022,10321789,19759811,454084.82,18184819,"(A) Public Sector Banks","2018-06-27"
"Bank of India",3131671,1030926,4162597,84830.24,3782331,"(B) Regional Rural Bank","2018-06-27"
"Bank of India",9463009,10345358,19808367,455993.14,18181067,"(A) Public Sector Banks","2018-07-04"
"Bank of India",3140569,1033986,4174555,85761.16,3782331,"(B) Regional Rural Bank","2018-07-04"
"Bank of India",9514326,10395328,19909654,464422.75,18214808,"(A) Public Sector Banks","2018-07-18"
"Bank of India",3159826,1039404,4199230,86756.89,3782331,"(B) Regional Rural Bank","2018-07-18"
"Bank of India",9543242,10418902,19962144,469885.94,18220636,"(A) Public Sector Banks","2018-08-01"
"Bank of India",3167727,1042789,4210516,88194.03,3782331,"(B) Regional Rural Bank","2018-08-01"
"Bank of India",9571470,10447846,20019316,477300.86,18232880,"(A) Public Sector Banks","2018-08-08"
"Bank of India",3168613,1043041,4211654,89113.25,3782331,"(B) Regional Rural Bank","2018-08-08"
"Bank of India",9605328,10485144,20090472,477866.54,18249094,"(A) Public Sector Banks","2018-08-15"
"Bank of India",3173059,1045143,4218202,88822.55,3782331,"(B) Regional Rural Bank","2018-08-15"
"Bank of India",9635656,10519355,20155011,477605.75,18269560,"(A) Public Sector Banks","2018-08-22"
"Bank of India",3183731,1049583,4233314,88606.88,3782331,"(B) Regional Rural Bank","2018-08-22"
"Bank of India",9670572,10556868,20227440,478040.34,18288897,"(A) Public Sector Banks","2018-08-29"
"Bank of India",3186782,1052144,4238926,88671.8,3782331,"(B) Regional Rural Bank","2018-08-29"
"Bank of India",9701430,10589991,20291421,479892.35,18304235,"(A) Public Sector Banks","2018-09-05"
"Bank of India",3191612,1055757,4247369,89264.33,3782331,"(B) Regional Rural Bank","2018-09-05"
"Bank of India",9731066,10620337,20351403,484652.14,18324631,"(A) Public Sector Banks","2018-09-12"
"Bank of India",3207713,1058522,4266235,89195.91,3782331,"(B) Regional Rural Bank","2018-09-12"
"Bank of India",9762706,10653909,20416615,484204.1,18504047,"(A) Public Sector Banks","2018-09-19"
"Bank of India",3207860,1058560,4266420,89210.77,3782331,"(B) Regional Rural Bank","2018-09-19"
"Bank of India",9784141,10680194,20464335,485089.5,18614657,"(A) Public Sector Banks","2018-09-26"
"Bank of India",3218994,1063372,4282366,89915.95,3782331,"(B) Regional Rural Bank","2018-09-26"
"Bank of India",9808804,10707091,20515895,487929.81,18676343,"(A) Public Sector Banks","2018-10-03"
"Bank of India",3225543,1065198,4290741,91376.98,3782331,"(B) Regional Rural Bank","2018-10-03"
"Bank of India",9832674,10734354,20567028,492334.27,18673219,"(A) Public Sector Banks","2018-10-10"
"Bank of India",3231151,1067736,4298887,90864.99,3782331,"(B) Regional Rural Bank","2018-10-10"
"Bank of India",9848648,10754346,20602994,494267.47,18723164,"(A) Public Sector Banks","2018-10-17"
"Bank of India",3235120,1069701,4304821,90297.59,3782331,"(B) Regional Rural Bank","2018-10-17"
"Bank of India",9859598,10756303,20615901,490761.41,18740838,"(A) Public Sector Banks","2018-10-24"
"Bank of India",3238191,1070756,4308947,89901.77,3804512,"(B) Regional Rural Bank","2018-10-24"
"Bank of India",9875113,10772522,20647635,491091.71,18737731,"(A) Public Sector Banks","2018-10-31"
"Bank of India",3241732,1071624,4313356,89673.95,3804512,"(B) Regional Rural Bank","2018-10-31"
"Bank of India",9890624,10785982,20676606,500505.33,18743322,"(A) Public Sector Banks","2018-11-07"
"Bank of India",3242732,1071648,4314380,89683.92,3804512,"(B) Regional Rural Bank","2018-11-07"
"Bank of India",9893668,10789884,20683552,499965.24,18769938,"(A) Public Sector Banks","2018-11-14"
"Bank of India",3243293,1071714,4315007,89687.02,3804512,"(B) Regional Rural Bank","2018-11-14"
"Bank of India",9905174,10801289,20706463,497186.53,18767132,"(A) Public Sector Banks","2018-11-21"
"Bank of India",3249077,1074145,4323222,89584.24,3804512,"(B) Regional Rural Bank","2018-11-21"
"Bank of India",9914814,10815311,20730125,498566.09,18760031,"(A) Public Sector Banks","2018-11-28"
"Bank of India",3249829,1074252,4324081,89797.2,3804512,"(B) Regional Rural Bank","2018-11-28"
"Bank of India",9914814,10815311,20730125,498566.09,18760031,"(A) Public Sector Banks","2018-12-05"
"Bank of India",3251889,1075260,4327149,90063.11,3804512,"(B) Regional Rural Bank","2018-12-05"
"Bank of India",10117877,10704709,20822586,511183.41,18798200,"(A) Public Sector Banks","2018-12-12"
"Bank of India",3254591,1076391,4330982,90667.15,3804512,"(B) Regional Rural Bank","2018-12-12"
"Bank of India",10134178,10720021,20854199,512583.95,18884112,"(A) Public Sector Banks","2018-12-19"
"Bank of India",3256519,1077180,4333699,91336.98,3804512,"(B) Regional Rural Bank","2018-12-19"
"Bank of India",10142359,10728215,20870574,514975.48,18883459,"(A) Public Sector Banks","2018-12-26"
"Bank of India",3257895,1077588,4335483,92898.25,3804512,"(B) Regional Rural Bank","2018-12-26"
"Bank of India",10161862,10747190,20909052,517264.22,18880065,"(A) Public Sector Banks","2019-01-02"
"Bank of India",3261443,1079217,4340660,93765.6,3804512,"(B) Regional Rural Bank","2019-01-02"
"Bank of India",10195809,10778895,20974704,523841.78,18971767,"(A) Public Sector Banks","2019-01-16"
"Bank of India",3266320,1081254,4347574,93901.31,3804512,"(B) Regional Rural Bank","2019-01-16"
"Bank of India",10223303,10804802,21028105,524757.89,18968105,"(A) Public Sector Banks","2019-01-23"
"Bank of India",3272945,1082943,4355888,93995.57,3804512,"(B) Regional Rural Bank","2019-01-23"
