Bank Name / Type,Number of Beneficiaries at rural/semiurban centre bank branches,Number of Beneficiaries at urban metro centre bank branches,Number of Total Beneficiaries,Deposits in Accounts(In lac),Number of Rupay Debit Cards issued to beneficiaries,level,date
"Bank of Maharashtra",560682,304735,865417,582.01,37684,"(A) Public Sector Banks","2014-09-24"
"Bank of Maharashtra",651554,338579,990133,594.45,146314,"(A) Public Sector Banks","2014-10-08"
"Bank of Maharashtra",688304,352567,1040871,544.19,218650,"(A) Public Sector Banks","2014-10-15"
"Bank of Maharashtra",714648,363841,1078489,554.86,269381,"(A) Public Sector Banks","2014-10-22"
"Bank of Maharashtra",737632,371799,1109431,3910.34,324981,"(A) Public Sector Banks","2014-10-29"
"Bank of Maharashtra",117237,39036,156273,82.99,17737,"(B) Regional Rural Bank","2014-10-29"
"Bank of Maharashtra",764171,381058,1145229,3767.46,464281,"(A) Public Sector Banks","2014-11-05"
"Bank of Maharashtra",119292,40124,159416,84.97,18056,"(B) Regional Rural Bank","2014-11-05"
"Bank of Maharashtra",786537,389384,1175921,5039.11,464281,"(A) Public Sector Banks","2014-11-12"
"Bank of Maharashtra",120879,41034,161913,86.66,18084,"(B) Regional Rural Bank","2014-11-12"
"Bank of Maharashtra",823344,403258,1226602,5838.54,703894,"(A) Public Sector Banks","2014-11-19"
"Bank of Maharashtra",123124,42203,165327,87.85,18106,"(B) Regional Rural Bank","2014-11-19"
"Bank of Maharashtra",864806,420066,1284872,6215.49,806699,"(A) Public Sector Banks","2014-11-26"
"Bank of Maharashtra",125910,42670,168580,88.59,18152,"(B) Regional Rural Bank","2014-11-26"
"Bank of Maharashtra",952260,446842,1399102,7318.66,1118599,"(A) Public Sector Banks","2014-12-10"
"Bank of Maharashtra",162978,44242,207220,111.7,118181,"(B) Regional Rural Bank","2014-12-10"
"Bank of Maharashtra",1036988,488523,1525511,13006.9,1243640,"(A) Public Sector Banks","2014-12-17"
"Bank of Maharashtra",268201,51317,319518,125.62,148455,"(B) Regional Rural Bank","2014-12-17"
"Bank of Maharashtra",1113390,519606,1632996,17863.1,1320427,"(A) Public Sector Banks","2014-12-24"
"Bank of Maharashtra",320801,54011,374812,134.43,150520,"(B) Regional Rural Bank","2014-12-24"
"Bank of Maharashtra",1181266,549627,1730893,20904.9,1457527,"(A) Public Sector Banks","2014-12-31"
"Bank of Maharashtra",321483,54357,375840,134.82,211265,"(B) Regional Rural Bank","2014-12-31"
"Bank of Maharashtra",1204469,560162,1764631,23517.24,1601447,"(A) Public Sector Banks","2015-01-07"
"Bank of Maharashtra",321483,54357,375840,134.82,241265,"(B) Regional Rural Bank","2015-01-07"
"Bank of Maharashtra",1204469,560162,1764631,21524.75,1707608,"(A) Public Sector Banks","2015-01-14"
"Bank of Maharashtra",321483,54357,375840,134.82,300990,"(B) Regional Rural Bank","2015-01-14"
"Bank of Maharashtra",1204469,560162,1764631,19425.42,1715822,"(A) Public Sector Banks","2015-01-28"
"Bank of Maharashtra",321483,54357,375840,134.82,375840,"(B) Regional Rural Bank","2015-01-28"
"Bank of Maharashtra",1204469,560162,1764631,17415.32,1715822,"(A) Public Sector Banks","2015-02-04"
"Bank of Maharashtra",321483,54357,375840,134.82,375840,"(B) Regional Rural Bank","2015-02-04"
"Bank of Maharashtra",1205217,560402,1765619,16715.34,1716810,"(A) Public Sector Banks","2015-02-11"
"Bank of Maharashtra",321483,54357,375840,134.82,375840,"(B) Regional Rural Bank","2015-02-11"
"Bank of Maharashtra",1205864,560608,1766472,16824.12,1717663,"(A) Public Sector Banks","2015-02-18"
"Bank of Maharashtra",332458,58623,391081,142.86,391081,"(B) Regional Rural Bank","2015-02-18"
"Bank of Maharashtra",1207785,561672,1769457,16787.24,1720648,"(A) Public Sector Banks","2015-02-25"
"Bank of Maharashtra",381865,68491,450356,1534.02,450356,"(B) Regional Rural Bank","2015-02-25"
"Bank of Maharashtra",1208765,562254,1771019,16742.15,1722210,"(A) Public Sector Banks","2015-03-04"
"Bank of Maharashtra",381865,68491,450356,4788.3,450356,"(B) Regional Rural Bank","2015-03-04"
"Bank of Maharashtra",1208765,562254,1771019,16587.62,1722210,"(A) Public Sector Banks","2015-03-11"
"Bank of Maharashtra",381865,68491,450356,4788.3,450356,"(B) Regional Rural Bank","2015-03-11"
"Bank of Maharashtra",1208765,562254,1771019,18867.38,1722210,"(A) Public Sector Banks","2015-03-18"
"Bank of Maharashtra",381865,68491,450356,5842.3,450356,"(B) Regional Rural Bank","2015-03-18"
"Bank of Maharashtra",1208765,562254,1771019,20139.17,1722210,"(A) Public Sector Banks","2015-03-25"
"Bank of Maharashtra",381865,68491,450356,5842.3,450356,"(B) Regional Rural Bank","2015-03-25"
"Bank of Maharashtra",1208765,562254,1771019,20296.15,1722210,"(A) Public Sector Banks","2015-04-01"
"Bank of Maharashtra",381865,68491,450356,5842.3,450356,"(B) Regional Rural Bank","2015-04-01"
"Bank of Maharashtra",1208765,562254,1771019,20452.15,1722210,"(A) Public Sector Banks","2015-04-08"
"Bank of Maharashtra",381865,68491,450356,5842.3,450356,"(B) Regional Rural Bank","2015-04-08"
"Bank of Maharashtra",1208765,562254,1771019,20685.37,1722210,"(A) Public Sector Banks","2015-04-15"
"Bank of Maharashtra",381865,68491,450356,6202.8,450356,"(B) Regional Rural Bank","2015-04-15"
"Bank of Maharashtra",1209243,562669,1771912,20814.32,1723103,"(A) Public Sector Banks","2015-04-22"
"Bank of Maharashtra",381865,68491,450356,6437.15,450356,"(B) Regional Rural Bank","2015-04-22"
"Bank of Maharashtra",1210517,563325,1773842,20899.37,1723509,"(A) Public Sector Banks","2015-04-29"
"Bank of Maharashtra",381865,68491,450356,6482.43,450356,"(B) Regional Rural Bank","2015-04-29"
"Bank of Maharashtra",1211754,564087,1775841,20942.31,1723509,"(A) Public Sector Banks","2015-05-06"
"Bank of Maharashtra",381865,68491,450356,6403.25,450356,"(B) Regional Rural Bank","2015-05-06"
"Bank of Maharashtra",1213736,565122,1778858,20959.26,1723509,"(A) Public Sector Banks","2015-05-13"
"Bank of Maharashtra",381865,68491,450356,6354.27,450356,"(B) Regional Rural Bank","2015-05-13"
"Bank of Maharashtra",1215970,566496,1782466,20990.74,1723509,"(A) Public Sector Banks","2015-05-20"
"Bank of Maharashtra",381865,68491,450356,6354.27,450356,"(B) Regional Rural Bank","2015-05-20"
"Bank of Maharashtra",1220574,569661,1790235,21003.73,1723509,"(A) Public Sector Banks","2015-06-03"
"Bank of Maharashtra",381865,68491,450356,6354.27,450356,"(B) Regional Rural Bank","2015-06-03"
"Bank of Maharashtra",1223485,572553,1796038,21002.53,1723509,"(A) Public Sector Banks","2015-06-10"
"Bank of Maharashtra",381865,68491,450356,6354.44,450356,"(B) Regional Rural Bank","2015-06-10"
"Bank of Maharashtra",1225964,574040,1800004,21009.26,1723509,"(A) Public Sector Banks","2015-06-17"
"Bank of Maharashtra",381865,68491,450356,6354.27,450356,"(B) Regional Rural Bank","2015-06-17"
"Bank of Maharashtra",1228618,575520,1804138,21015.37,1723509,"(A) Public Sector Banks","2015-06-24"
"Bank of Maharashtra",381865,68491,450356,6354.27,450356,"(B) Regional Rural Bank","2015-06-24"
"Bank of Maharashtra",1231160,576877,1808037,21022.34,1723509,"(A) Public Sector Banks","2015-07-01"
"Bank of Maharashtra",381865,68491,450356,6354.27,450356,"(B) Regional Rural Bank","2015-07-01"
"Bank of Maharashtra",1326041,577565,1903606,21032.08,1723509,"(A) Public Sector Banks","2015-07-08"
"Bank of Maharashtra",381865,68491,450356,6354.27,450356,"(B) Regional Rural Bank","2015-07-08"
"Bank of Maharashtra",1331580,577565,1909145,21039.25,1723509,"(A) Public Sector Banks","2015-07-15"
"Bank of Maharashtra",381865,68491,450356,6354.27,450356,"(B) Regional Rural Bank","2015-07-15"
"Bank of Maharashtra",1331580,577565,1909145,21073.85,1723509,"(A) Public Sector Banks","2015-07-22"
"Bank of Maharashtra",381865,68491,450356,6354.27,450356,"(B) Regional Rural Bank","2015-07-22"
"Bank of Maharashtra",1331580,577565,1909145,21081.14,1723509,"(A) Public Sector Banks","2015-07-29"
"Bank of Maharashtra",381865,68491,450356,6356.21,450356,"(B) Regional Rural Bank","2015-07-29"
"Bank of Maharashtra",1331580,577565,1909145,21423.14,1723509,"(A) Public Sector Banks","2015-08-05"
"Bank of Maharashtra",381865,68491,450356,6357.31,450356,"(B) Regional Rural Bank","2015-08-05"
"Bank of Maharashtra",1331580,577565,1909145,22302.15,1723509,"(A) Public Sector Banks","2015-08-12"
"Bank of Maharashtra",381865,68491,450356,6360.27,450356,"(B) Regional Rural Bank","2015-08-12"
"Bank of Maharashtra",1331580,577565,1909145,22915.07,1723509,"(A) Public Sector Banks","2015-08-19"
"Bank of Maharashtra",381865,68491,450356,6360.4,450356,"(B) Regional Rural Bank","2015-08-19"
"Bank of Maharashtra",1331580,577565,1909145,23487.09,1723509,"(A) Public Sector Banks","2015-08-26"
"Bank of Maharashtra",381865,68491,450356,6360.4,450356,"(B) Regional Rural Bank","2015-08-26"
"Bank of Maharashtra",1331580,577565,1909145,23715.17,1723509,"(A) Public Sector Banks","2015-09-02"
"Bank of Maharashtra",381865,68491,450356,6361.66,450356,"(B) Regional Rural Bank","2015-09-02"
"Bank of Maharashtra",1331580,577565,1909145,24075.29,1723509,"(A) Public Sector Banks","2015-09-09"
"Bank of Maharashtra",381865,68491,450356,6361.66,450356,"(B) Regional Rural Bank","2015-09-09"
"Bank of Maharashtra",1331580,577565,1909145,24289.41,1723509,"(A) Public Sector Banks","2015-09-16"
"Bank of Maharashtra",381865,68491,450356,6362.59,450356,"(B) Regional Rural Bank","2015-09-16"
"Bank of Maharashtra",1331580,577565,1909145,24643.17,1723509,"(A) Public Sector Banks","2015-09-23"
"Bank of Maharashtra",381865,68491,450356,6363,450356,"(B) Regional Rural Bank","2015-09-23"
"Bank of Maharashtra",1331580,577565,1909145,25081.52,1723509,"(A) Public Sector Banks","2015-10-07"
"Bank of Maharashtra",381865,68491,450356,6363,450356,"(B) Regional Rural Bank","2015-10-07"
"Bank of Maharashtra",1331580,577565,1909145,25292.15,1723509,"(A) Public Sector Banks","2015-10-14"
"Bank of Maharashtra",381865,68491,450356,6364.16,450356,"(B) Regional Rural Bank","2015-10-14"
"Bank of Maharashtra",1331580,577565,1909145,25432.15,1723509,"(A) Public Sector Banks","2015-10-21"
"Bank of Maharashtra",381865,68491,450356,6364.16,450356,"(B) Regional Rural Bank","2015-10-21"
"Bank of Maharashtra",1331580,577565,1909145,25581.2,1723509,"(A) Public Sector Banks","2015-10-28"
"Bank of Maharashtra",381865,68491,450356,6364.16,450356,"(B) Regional Rural Bank","2015-10-28"
"Bank of Maharashtra",1331580,577565,1909145,25685.35,1723509,"(A) Public Sector Banks","2015-11-04"
"Bank of Maharashtra",381865,68491,450356,6364.48,450356,"(B) Regional Rural Bank","2015-11-04"
"Bank of Maharashtra",1331580,577565,1909145,25810.17,1723509,"(A) Public Sector Banks","2015-11-11"
"Bank of Maharashtra",381865,68491,450356,6365.32,450356,"(B) Regional Rural Bank","2015-11-11"
"Bank of Maharashtra",1331580,577565,1909145,25912.35,1723509,"(A) Public Sector Banks","2015-11-18"
"Bank of Maharashtra",381865,68491,450356,6365.32,450356,"(B) Regional Rural Bank","2015-11-18"
"Bank of Maharashtra",1331580,577565,1909145,26185.14,1723509,"(A) Public Sector Banks","2015-11-25"
"Bank of Maharashtra",381865,68491,450356,6365.89,450356,"(B) Regional Rural Bank","2015-11-25"
"Bank of Maharashtra",1331580,577565,1909145,26267.25,1723509,"(A) Public Sector Banks","2015-12-02"
"Bank of Maharashtra",381865,68491,450356,6365.89,450356,"(B) Regional Rural Bank","2015-12-02"
"Bank of Maharashtra",1331580,577565,1909145,26385.12,1723509,"(A) Public Sector Banks","2015-12-09"
"Bank of Maharashtra",381865,68491,450356,6365.89,450356,"(B) Regional Rural Bank","2015-12-09"
"Bank of Maharashtra",1398936,610565,2009501,27564.21,1723509,"(A) Public Sector Banks","2015-12-16"
"Bank of Maharashtra",381865,68491,450356,6367.03,450356,"(B) Regional Rural Bank","2015-12-16"
"Bank of Maharashtra",1503041,656877,2159918,28051.17,1723509,"(A) Public Sector Banks","2015-12-23"
"Bank of Maharashtra",381865,68491,450356,6367.03,450356,"(B) Regional Rural Bank","2015-12-23"
"Bank of Maharashtra",1674702,715631,2390333,28978.67,1723509,"(A) Public Sector Banks","2015-12-30"
"Bank of Maharashtra",381865,68491,450356,6367.32,450356,"(B) Regional Rural Bank","2015-12-30"
"Bank of Maharashtra",1869784,747481,2617265,29208.67,1723509,"(A) Public Sector Banks","2016-01-06"
"Bank of Maharashtra",381865,68491,450356,6367.32,450356,"(B) Regional Rural Bank","2016-01-06"
"Bank of Maharashtra",2178236,684221,2862457,29548.24,1723509,"(A) Public Sector Banks","2016-01-13"
"Bank of Maharashtra",381865,68491,450356,6368.27,450356,"(B) Regional Rural Bank","2016-01-13"
"Bank of Maharashtra",2344920,775368,3120288,45392.41,1721983,"(A) Public Sector Banks","2016-01-20"
"Bank of Maharashtra",381865,68491,450356,6368.27,450356,"(B) Regional Rural Bank","2016-01-20"
"Bank of Maharashtra",2349803,776646,3126449,45518.64,1721983,"(A) Public Sector Banks","2016-01-27"
"Bank of Maharashtra",381865,68491,450356,6368.27,450356,"(B) Regional Rural Bank","2016-01-27"
"Bank of Maharashtra",2367906,779240,3147146,46858.54,1723509,"(A) Public Sector Banks","2016-02-10"
"Bank of Maharashtra",381865,68491,450356,6372.42,450356,"(B) Regional Rural Bank","2016-02-10"
"Bank of Maharashtra",2373538,780194,3153732,47690.61,1723509,"(A) Public Sector Banks","2016-02-17"
"Bank of Maharashtra",381865,68491,450356,6372.42,450356,"(B) Regional Rural Bank","2016-02-17"
"Bank of Maharashtra",2377181,797888,3175069,48890.14,1723509,"(A) Public Sector Banks","2016-02-24"
"Bank of Maharashtra",381865,68491,450356,6372.42,450356,"(B) Regional Rural Bank","2016-02-24"
"Bank of Maharashtra",2384741,799970,3184711,49246.04,1723509,"(A) Public Sector Banks","2016-03-02"
"Bank of Maharashtra",381865,68491,450356,6375.91,450356,"(B) Regional Rural Bank","2016-03-02"
"Bank of Maharashtra",2392009,801653,3193662,50143.22,1723509,"(A) Public Sector Banks","2016-03-09"
"Bank of Maharashtra",381865,68491,450356,6376.63,450356,"(B) Regional Rural Bank","2016-03-09"
"Bank of Maharashtra",2400346,803741,3204087,51154.76,1723509,"(A) Public Sector Banks","2016-03-16"
"Bank of Maharashtra",381865,68491,450356,6376.64,450356,"(B) Regional Rural Bank","2016-03-16"
"Bank of Maharashtra",2404489,804609,3209098,51484.89,1723509,"(A) Public Sector Banks","2016-03-23"
"Bank of Maharashtra",381865,68491,450356,6376.64,450356,"(B) Regional Rural Bank","2016-03-23"
"Bank of Maharashtra",2410200,806072,3216272,51633.11,1723509,"(A) Public Sector Banks","2016-03-30"
"Bank of Maharashtra",381865,68491,450356,6376.64,450356,"(B) Regional Rural Bank","2016-03-30"
"Bank of Maharashtra",2414928,807170,3222098,52827.18,1723509,"(A) Public Sector Banks","2016-04-06"
"Bank of Maharashtra",381865,68491,450356,6376.67,450356,"(B) Regional Rural Bank","2016-04-06"
"Bank of Maharashtra",2419037,808227,3227264,53211.36,1723509,"(A) Public Sector Banks","2016-04-13"
"Bank of Maharashtra",381865,68491,450356,6376.69,450356,"(B) Regional Rural Bank","2016-04-13"
"Bank of Maharashtra",2422883,809127,3232010,53449.1,1723509,"(A) Public Sector Banks","2016-04-20"
"Bank of Maharashtra",381865,68491,450356,6376.73,450356,"(B) Regional Rural Bank","2016-04-20"
"Bank of Maharashtra",2424761,809643,3234404,53266.59,1723509,"(A) Public Sector Banks","2016-04-27"
"Bank of Maharashtra",381865,68491,450356,6376.73,450356,"(B) Regional Rural Bank","2016-04-27"
"Bank of Maharashtra",2431084,811574,3242658,54738.46,1723509,"(A) Public Sector Banks","2016-05-04"
"Bank of Maharashtra",381865,68491,450356,6390.94,450356,"(B) Regional Rural Bank","2016-05-04"
"Bank of Maharashtra",2436670,812956,3249626,55139.96,1723509,"(A) Public Sector Banks","2016-05-11"
"Bank of Maharashtra",381865,68491,450356,6392.65,450356,"(B) Regional Rural Bank","2016-05-11"
"Bank of Maharashtra",2442347,813821,3256168,55481.73,1723509,"(A) Public Sector Banks","2016-05-18"
"Bank of Maharashtra",381865,68491,450356,6394.29,450356,"(B) Regional Rural Bank","2016-05-18"
"Bank of Maharashtra",2448485,814863,3263348,55714.88,1723509,"(A) Public Sector Banks","2016-05-25"
"Bank of Maharashtra",381865,68491,450356,6395.34,450356,"(B) Regional Rural Bank","2016-05-25"
"Bank of Maharashtra",2452752,815311,3268063,55590.79,1723509,"(A) Public Sector Banks","2016-06-01"
"Bank of Maharashtra",381865,68491,450356,6396.14,450356,"(B) Regional Rural Bank","2016-06-01"
"Bank of Maharashtra",1204469,560162,1764631,22374.15,1715838,"(A) Public Sector Banks","2015-01-21"
"Bank of Maharashtra",321483,54357,375840,134.82,370990,"(B) Regional Rural Bank","2015-01-21"
"Bank of Maharashtra",1218467,567957,1786424,21003.16,1723509,"(A) Public Sector Banks","2015-05-27"
"Bank of Maharashtra",381865,68491,450356,6354.27,450356,"(B) Regional Rural Bank","2015-05-27"
"Bank of Maharashtra",1331580,577565,1909145,24831.67,1723509,"(A) Public Sector Banks","2015-09-30"
"Bank of Maharashtra",381865,68491,450356,6363,450356,"(B) Regional Rural Bank","2015-09-30"
"Bank of Maharashtra",2362519,778353,3140872,46000.69,1723509,"(A) Public Sector Banks","2016-02-03"
"Bank of Maharashtra",381865,68491,450356,6371.59,450356,"(B) Regional Rural Bank","2016-02-03"
"Bank of Maharashtra",2460761,817781,3278542,56802.36,1723509,"(A) Public Sector Banks","2016-06-08"
"Bank of Maharashtra",381865,68491,450356,6397.09,450356,"(B) Regional Rural Bank","2016-06-08"
"Bank of Maharashtra",2753359,883829,3637188,62717.91,1723509,"(A) Public Sector Banks","2016-10-12"
"Bank of Maharashtra",381865,68491,450356,6412.41,450356,"(B) Regional Rural Bank","2016-10-12"
"Bank of Maharashtra",3074987,945031,4020018,96779.16,768029,"(A) Public Sector Banks","2017-02-15"
"Bank of Maharashtra",711847,139634,851481,24021.25,452540,"(B) Regional Rural Bank","2017-02-15"
"Bank of Maharashtra",3400143,1096509,4496652,92817.55,900283,"(A) Public Sector Banks","2017-06-21"
"Bank of Maharashtra",731244,123780,855024,23180.38,798220,"(B) Regional Rural Bank","2017-06-21"
"Bank of Maharashtra",3825486,1152925,4978411,96138.8,983587,"(A) Public Sector Banks","2017-10-25"
"Bank of Maharashtra",731962,123477,855439,20712.85,798373,"(B) Regional Rural Bank","2017-10-25"
"Bank of Maharashtra",3964453,1175449,5139902,109618.63,1038673,"(A) Public Sector Banks","2018-02-28"
"Bank of Maharashtra",810872,125856,936728,20501.85,798607,"(B) Regional Rural Bank","2018-02-28"
"Bank of Maharashtra",4016858,1185305,5202163,118146.68,1083171,"(A) Public Sector Banks","2018-07-11"
"Bank of Maharashtra",838288,134713,973001,21996.94,798797,"(B) Regional Rural Bank","2018-07-11"
"Bank of Maharashtra",2465261,818735,3283996,56830.47,1723509,"(A) Public Sector Banks","2016-06-15"
"Bank of Maharashtra",381865,68491,450356,6398.3,450356,"(B) Regional Rural Bank","2016-06-15"
"Bank of Maharashtra",2472356,820183,3292539,57185.05,1723509,"(A) Public Sector Banks","2016-06-22"
"Bank of Maharashtra",381865,68491,450356,6399.14,450356,"(B) Regional Rural Bank","2016-06-22"
"Bank of Maharashtra",2479332,821502,3300834,57224.35,1723509,"(A) Public Sector Banks","2016-06-29"
"Bank of Maharashtra",381865,68491,450356,6400.76,450356,"(B) Regional Rural Bank","2016-06-29"
"Bank of Maharashtra",2488747,822603,3311350,58477.89,1721216,"(A) Public Sector Banks","2016-07-06"
"Bank of Maharashtra",381865,68491,450356,6401.59,450356,"(B) Regional Rural Bank","2016-07-06"
"Bank of Maharashtra",2498175,823612,3321787,58930.34,1723509,"(A) Public Sector Banks","2016-07-13"
"Bank of Maharashtra",381865,68491,450356,6402.71,450356,"(B) Regional Rural Bank","2016-07-13"
"Bank of Maharashtra",2505181,833208,3338389,58953.37,1723509,"(A) Public Sector Banks","2016-07-20"
"Bank of Maharashtra",381865,68491,450356,6403.56,450356,"(B) Regional Rural Bank","2016-07-20"
"Bank of Maharashtra",2521830,835912,3357742,59418.86,1723509,"(A) Public Sector Banks","2016-07-27"
"Bank of Maharashtra",381865,68491,450356,6404.39,450356,"(B) Regional Rural Bank","2016-07-27"
"Bank of Maharashtra",2535103,837948,3373051,59565.56,1723509,"(A) Public Sector Banks","2016-08-03"
"Bank of Maharashtra",381865,68491,450356,6405.68,450356,"(B) Regional Rural Bank","2016-08-03"
"Bank of Maharashtra",2554828,841006,3395834,60116.36,1723509,"(A) Public Sector Banks","2016-08-10"
"Bank of Maharashtra",381865,68491,450356,6405.68,450356,"(B) Regional Rural Bank","2016-08-10"
"Bank of Maharashtra",2570361,843696,3414057,59975.34,1723509,"(A) Public Sector Banks","2016-08-17"
"Bank of Maharashtra",381865,68491,450356,6406.96,450356,"(B) Regional Rural Bank","2016-08-17"
"Bank of Maharashtra",2591686,847596,3439282,59848.54,1723509,"(A) Public Sector Banks","2016-08-24"
"Bank of Maharashtra",381865,68491,450356,6408.15,450356,"(B) Regional Rural Bank","2016-08-24"
"Bank of Maharashtra",2609648,851310,3460958,59959.28,1723509,"(A) Public Sector Banks","2016-08-31"
"Bank of Maharashtra",381865,68491,450356,6408.55,450356,"(B) Regional Rural Bank","2016-08-31"
"Bank of Maharashtra",2636766,857762,3494528,59904.82,1723509,"(A) Public Sector Banks","2016-09-07"
"Bank of Maharashtra",381865,68491,450356,6409.39,450356,"(B) Regional Rural Bank","2016-09-07"
"Bank of Maharashtra",2658483,863027,3521510,60270.95,1723509,"(A) Public Sector Banks","2016-09-14"
"Bank of Maharashtra",381865,68491,450356,6410.06,450356,"(B) Regional Rural Bank","2016-09-14"
"Bank of Maharashtra",2679886,867483,3547369,60687.67,1723509,"(A) Public Sector Banks","2016-09-21"
"Bank of Maharashtra",381865,68491,450356,6411.57,450356,"(B) Regional Rural Bank","2016-09-21"
"Bank of Maharashtra",2707110,872976,3580086,60941.01,1723509,"(A) Public Sector Banks","2016-09-28"
"Bank of Maharashtra",381865,68491,450356,6412.41,450356,"(B) Regional Rural Bank","2016-09-28"
"Bank of Maharashtra",2736917,880638,3617555,62450.37,1723509,"(A) Public Sector Banks","2016-10-05"
"Bank of Maharashtra",381865,68491,450356,6412.41,450356,"(B) Regional Rural Bank","2016-10-05"
"Bank of Maharashtra",2767143,886473,3653616,63290.83,1723509,"(A) Public Sector Banks","2016-10-19"
"Bank of Maharashtra",381865,68491,450356,6415.05,450356,"(B) Regional Rural Bank","2016-10-19"
"Bank of Maharashtra",2782798,890819,3673617,63341.24,1723509,"(A) Public Sector Banks","2016-10-26"
"Bank of Maharashtra",381865,68491,450356,6416.09,450356,"(B) Regional Rural Bank","2016-10-26"
"Bank of Maharashtra",2797936,894318,3692254,64565.05,1723509,"(A) Public Sector Banks","2016-11-02"
"Bank of Maharashtra",381865,68491,450356,6417.02,450356,"(B) Regional Rural Bank","2016-11-02"
"Bank of Maharashtra",2806589,895996,3702585,64769.75,1723509,"(A) Public Sector Banks","2016-11-09"
"Bank of Maharashtra",400457,70131,470588,6418.24,450356,"(B) Regional Rural Bank","2016-11-09"
"Bank of Maharashtra",2807321,896170,3703491,85368.79,1723509,"(A) Public Sector Banks","2016-11-16"
"Bank of Maharashtra",400457,70131,470588,6418.3,450356,"(B) Regional Rural Bank","2016-11-16"
"Bank of Maharashtra",2806679,896010,3702689,101706.82,1723509,"(A) Public Sector Banks","2016-11-23"
"Bank of Maharashtra",569357,131831,701188,27084.35,450356,"(B) Regional Rural Bank","2016-11-23"
"Bank of Maharashtra",2812654,896846,3709500,103359.63,1723509,"(A) Public Sector Banks","2016-11-30"
"Bank of Maharashtra",603583,142939,746522,27343.35,450356,"(B) Regional Rural Bank","2016-11-30"
"Bank of Maharashtra",2826087,900683,3726770,103395.24,1723509,"(A) Public Sector Banks","2016-12-07"
"Bank of Maharashtra",672249,174473,846722,27069.35,450356,"(B) Regional Rural Bank","2016-12-07"
"Bank of Maharashtra",2841738,904664,3746402,103934.45,1723509,"(A) Public Sector Banks","2016-12-14"
"Bank of Maharashtra",672446,174473,846919,27042.35,450356,"(B) Regional Rural Bank","2016-12-14"
"Bank of Maharashtra",2864997,909990,3774987,103227.61,1723509,"(A) Public Sector Banks","2016-12-21"
"Bank of Maharashtra",672730,174473,847203,26910.35,450356,"(B) Regional Rural Bank","2016-12-21"
"Bank of Maharashtra",2884040,914533,3798573,102666.63,1723509,"(A) Public Sector Banks","2016-12-28"
"Bank of Maharashtra",672897,174473,847370,26584.35,450356,"(B) Regional Rural Bank","2016-12-28"
"Bank of Maharashtra",2922884,921758,3844642,101080.12,1723509,"(A) Public Sector Banks","2017-01-04"
"Bank of Maharashtra",689022,158895,847917,26482.35,450356,"(B) Regional Rural Bank","2017-01-04"
"Bank of Maharashtra",2943067,924827,3867894,100237.04,1723509,"(A) Public Sector Banks","2017-01-11"
"Bank of Maharashtra",707815,140895,848710,25555.35,450356,"(B) Regional Rural Bank","2017-01-11"
"Bank of Maharashtra",2966751,928642,3895393,99396.97,1723509,"(A) Public Sector Banks","2017-01-18"
"Bank of Maharashtra",708255,140895,849150,25268.13,450356,"(B) Regional Rural Bank","2017-01-18"
"Bank of Maharashtra",2997211,933812,3931023,98823.46,1723509,"(A) Public Sector Banks","2017-01-25"
"Bank of Maharashtra",709258,140105,849363,25035.05,450356,"(B) Regional Rural Bank","2017-01-25"
"Bank of Maharashtra",3015855,937020,3952875,98581.18,1723509,"(A) Public Sector Banks","2017-02-01"
"Bank of Maharashtra",710233,140031,850264,24866.25,450356,"(B) Regional Rural Bank","2017-02-01"
"Bank of Maharashtra",3045300,940756,3986056,96654.5,744129,"(A) Public Sector Banks","2017-02-08"
"Bank of Maharashtra",710942,139923,850865,24118.37,450356,"(B) Regional Rural Bank","2017-02-08"
"Bank of Maharashtra",3105901,951142,4057043,96536.18,798855,"(A) Public Sector Banks","2017-02-22"
"Bank of Maharashtra",713579,138600,852179,23993.16,453875,"(B) Regional Rural Bank","2017-02-22"
"Bank of Maharashtra",3105901,951142,4057043,96536.18,798855,"(A) Public Sector Banks","2017-03-01"
"Bank of Maharashtra",713579,138600,852179,23993.16,453875,"(B) Regional Rural Bank","2017-03-01"
"Bank of Maharashtra",3160713,960742,4121455,94737.98,820776,"(A) Public Sector Banks","2017-03-08"
"Bank of Maharashtra",720871,132636,853507,23439.38,595520,"(B) Regional Rural Bank","2017-03-08"
"Bank of Maharashtra",3181314,965552,4146866,94729.12,829598,"(A) Public Sector Banks","2017-03-15"
"Bank of Maharashtra",723089,130839,853928,23196.15,639950,"(B) Regional Rural Bank","2017-03-15"
"Bank of Maharashtra",3211953,972638,4184591,93712.62,842617,"(A) Public Sector Banks","2017-03-22"
"Bank of Maharashtra",723595,130839,854434,23122.42,655943,"(B) Regional Rural Bank","2017-03-22"
"Bank of Maharashtra",3233654,975760,4209414,93086.86,849823,"(A) Public Sector Banks","2017-03-29"
"Bank of Maharashtra",723802,130839,854641,23191.85,698312,"(B) Regional Rural Bank","2017-03-29"
"Bank of Maharashtra",3259422,981377,4240799,93761.84,858071,"(A) Public Sector Banks","2017-04-05"
"Bank of Maharashtra",724740,130639,855379,23428.32,745898,"(B) Regional Rural Bank","2017-04-05"
"Bank of Maharashtra",3283927,985400,4269327,94624.14,862419,"(A) Public Sector Banks","2017-04-12"
"Bank of Maharashtra",726737,128139,854876,23197.12,794186,"(B) Regional Rural Bank","2017-04-12"
"Bank of Maharashtra",3305500,988264,4293764,94320.68,865871,"(A) Public Sector Banks","2017-04-19"
"Bank of Maharashtra",731222,123792,855014,23220.18,794203,"(B) Regional Rural Bank","2017-04-19"
"Bank of Maharashtra",3331258,991784,4323042,94385.16,869737,"(A) Public Sector Banks","2017-04-26"
"Bank of Maharashtra",731498,123792,855290,23640.25,794216,"(B) Regional Rural Bank","2017-04-26"
"Bank of Maharashtra",3359776,996191,4355967,93863.12,874003,"(A) Public Sector Banks","2017-05-03"
"Bank of Maharashtra",731498,123792,855290,23640.25,794216,"(B) Regional Rural Bank","2017-05-03"
"Bank of Maharashtra",3378495,999132,4377627,94438.7,876466,"(A) Public Sector Banks","2017-05-10"
"Bank of Maharashtra",731651,123795,855446,23696.25,794304,"(B) Regional Rural Bank","2017-05-10"
"Bank of Maharashtra",3398517,1002173,4400690,94013.42,880474,"(A) Public Sector Banks","2017-05-17"
"Bank of Maharashtra",731651,123795,855446,23757.22,794311,"(B) Regional Rural Bank","2017-05-17"
"Bank of Maharashtra",3410130,1013000,4423130,93528.99,884287,"(A) Public Sector Banks","2017-05-24"
"Bank of Maharashtra",731608,123795,855403,23893.13,794315,"(B) Regional Rural Bank","2017-05-24"
"Bank of Maharashtra",3418474,1014140,4432614,93354.28,886711,"(A) Public Sector Banks","2017-05-31"
"Bank of Maharashtra",731608,123795,855403,23893.13,794315,"(B) Regional Rural Bank","2017-05-31"
"Bank of Maharashtra",3430780,1025065,4455845,93005.9,891780,"(A) Public Sector Banks","2017-06-07"
"Bank of Maharashtra",731277,123795,855072,23386.18,795012,"(B) Regional Rural Bank","2017-06-07"
"Bank of Maharashtra",3445442,1027681,4473123,92982.39,895810,"(A) Public Sector Banks","2017-06-14"
"Bank of Maharashtra",731264,123785,855049,23214.28,798201,"(B) Regional Rural Bank","2017-06-14"
"Bank of Maharashtra",3425815,1099320,4525135,92237.37,904689,"(A) Public Sector Banks","2017-06-28"
"Bank of Maharashtra",731255,123785,855040,22084.25,798245,"(B) Regional Rural Bank","2017-06-28"
"Bank of Maharashtra",3439096,1100523,4539619,93403.12,906630,"(A) Public Sector Banks","2017-07-05"
"Bank of Maharashtra",731323,123785,855108,21828.18,798320,"(B) Regional Rural Bank","2017-07-05"
"Bank of Maharashtra",3487645,1109019,4596664,92991.09,915610,"(A) Public Sector Banks","2017-07-12"
"Bank of Maharashtra",731352,123797,855149,21966.35,798373,"(B) Regional Rural Bank","2017-07-12"
"Bank of Maharashtra",3526678,1110367,4637045,93462.94,921887,"(A) Public Sector Banks","2017-07-19"
"Bank of Maharashtra",731426,123806,855232,21816.42,798373,"(B) Regional Rural Bank","2017-07-19"
"Bank of Maharashtra",3560993,1112026,4673019,93089.4,928322,"(A) Public Sector Banks","2017-07-26"
"Bank of Maharashtra",731950,123806,855756,21809.45,798373,"(B) Regional Rural Bank","2017-07-26"
"Bank of Maharashtra",3604669,1115500,4720169,93286.09,936126,"(A) Public Sector Banks","2017-08-02"
"Bank of Maharashtra",731543,123812,855355,21591.18,798373,"(B) Regional Rural Bank","2017-08-02"
"Bank of Maharashtra",3638200,1115777,4753977,93454.58,943356,"(A) Public Sector Banks","2017-08-09"
"Bank of Maharashtra",731540,123812,855352,21292.39,798373,"(B) Regional Rural Bank","2017-08-09"
"Bank of Maharashtra",3656854,1118928,4775782,93059.52,947428,"(A) Public Sector Banks","2017-08-16"
"Bank of Maharashtra",731626,123786,855412,21159.11,798373,"(B) Regional Rural Bank","2017-08-16"
"Bank of Maharashtra",3674126,1122734,4796860,92888.65,951581,"(A) Public Sector Banks","2017-08-23"
"Bank of Maharashtra",731675,123786,855461,21159.11,798373,"(B) Regional Rural Bank","2017-08-23"
"Bank of Maharashtra",3685110,1125749,4810859,92876.54,954723,"(A) Public Sector Banks","2017-08-30"
"Bank of Maharashtra",731675,123786,855461,20989.18,798373,"(B) Regional Rural Bank","2017-08-30"
"Bank of Maharashtra",3709904,1130650,4840554,92900.77,960144,"(A) Public Sector Banks","2017-09-06"
"Bank of Maharashtra",731868,123750,855618,20941.25,798373,"(B) Regional Rural Bank","2017-09-06"
"Bank of Maharashtra",3733599,1134268,4867867,93724.13,964066,"(A) Public Sector Banks","2017-09-13"
"Bank of Maharashtra",731868,123715,855583,20862.25,798373,"(B) Regional Rural Bank","2017-09-13"
"Bank of Maharashtra",3756624,1137736,4894360,93660.94,968068,"(A) Public Sector Banks","2017-09-20"
"Bank of Maharashtra",731932,123715,855647,20783.15,798373,"(B) Regional Rural Bank","2017-09-20"
"Bank of Maharashtra",3784496,1143271,4927767,93480.45,972924,"(A) Public Sector Banks","2017-09-27"
"Bank of Maharashtra",731947,123715,855662,20679.52,798373,"(B) Regional Rural Bank","2017-09-27"
"Bank of Maharashtra",3794336,1145847,4940183,94240.96,974796,"(A) Public Sector Banks","2017-10-04"
"Bank of Maharashtra",731947,123669,855616,20769.9,798373,"(B) Regional Rural Bank","2017-10-04"
"Bank of Maharashtra",3808032,1145654,4953686,96345.65,978159,"(A) Public Sector Banks","2017-10-11"
"Bank of Maharashtra",731962,123669,855631,20814.99,798373,"(B) Regional Rural Bank","2017-10-11"
"Bank of Maharashtra",3818934,1147856,4966790,96619.95,980701,"(A) Public Sector Banks","2017-10-18"
"Bank of Maharashtra",731962,123577,855539,20814.99,798373,"(B) Regional Rural Bank","2017-10-18"
"Bank of Maharashtra",3836606,1155368,4991974,96394.82,986278,"(A) Public Sector Banks","2017-11-01"
"Bank of Maharashtra",731962,123338,855300,20314.99,798373,"(B) Regional Rural Bank","2017-11-01"
"Bank of Maharashtra",3847718,1157676,5005394,97347.93,989659,"(A) Public Sector Banks","2017-11-08"
"Bank of Maharashtra",731885,123338,855223,20417.45,798373,"(B) Regional Rural Bank","2017-11-08"
"Bank of Maharashtra",3854123,1159304,5013427,97612.92,991819,"(A) Public Sector Banks","2017-11-15"
"Bank of Maharashtra",779127,125627,904754,20608.93,798373,"(B) Regional Rural Bank","2017-11-15"
"Bank of Maharashtra",3866660,1161935,5028595,97791.77,995786,"(A) Public Sector Banks","2017-11-22"
"Bank of Maharashtra",783595,125726,909321,20548.79,798373,"(B) Regional Rural Bank","2017-11-22"
"Bank of Maharashtra",3877551,1163902,5041453,97957.91,998774,"(A) Public Sector Banks","2017-11-29"
"Bank of Maharashtra",793417,125751,919168,20564.27,798373,"(B) Regional Rural Bank","2017-11-29"
"Bank of Maharashtra",3888953,1166118,5055071,98535.12,1002525,"(A) Public Sector Banks","2017-12-06"
"Bank of Maharashtra",794420,125751,920171,20566.27,798373,"(B) Regional Rural Bank","2017-12-06"
"Bank of Maharashtra",3899013,1167252,5066265,99879.61,1006024,"(A) Public Sector Banks","2017-12-13"
"Bank of Maharashtra",798867,125797,924664,20562.27,798373,"(B) Regional Rural Bank","2017-12-13"
"Bank of Maharashtra",3905260,1168016,5073276,100690.19,1008879,"(A) Public Sector Banks","2017-12-20"
"Bank of Maharashtra",802497,125824,928321,20563.27,798373,"(B) Regional Rural Bank","2017-12-20"
"Bank of Maharashtra",3913673,1168964,5082637,100861.22,1011470,"(A) Public Sector Banks","2017-12-27"
"Bank of Maharashtra",803988,125848,929836,20518.05,798373,"(B) Regional Rural Bank","2017-12-27"
"Bank of Maharashtra",3921116,1171070,5092186,103170.06,1015089,"(A) Public Sector Banks","2018-01-03"
"Bank of Maharashtra",804415,125824,930239,20518.27,798373,"(B) Regional Rural Bank","2018-01-03"
"Bank of Maharashtra",3929091,1172062,5101153,104772.33,1018709,"(A) Public Sector Banks","2018-01-10"
"Bank of Maharashtra",804769,125824,930593,20518.27,798373,"(B) Regional Rural Bank","2018-01-10"
"Bank of Maharashtra",3936652,1172450,5109102,105481.69,1022008,"(A) Public Sector Banks","2018-01-17"
"Bank of Maharashtra",806287,125841,932128,20517.27,798373,"(B) Regional Rural Bank","2018-01-17"
"Bank of Maharashtra",3940345,1172328,5112673,105920.87,1025591,"(A) Public Sector Banks","2018-01-24"
"Bank of Maharashtra",807316,125856,933172,20501.79,798373,"(B) Regional Rural Bank","2018-01-24"
"Bank of Maharashtra",3944463,1172938,5117401,105883.3,1027783,"(A) Public Sector Banks","2018-01-31"
"Bank of Maharashtra",808291,125856,934147,20501.79,798373,"(B) Regional Rural Bank","2018-01-31"
"Bank of Maharashtra",3951466,1173655,5125121,108297.47,1031594,"(A) Public Sector Banks","2018-02-07"
"Bank of Maharashtra",808703,125856,934559,20502.92,798373,"(B) Regional Rural Bank","2018-02-07"
"Bank of Maharashtra",3956726,1174282,5131008,109344.12,1034337,"(A) Public Sector Banks","2018-02-14"
"Bank of Maharashtra",809277,125856,935133,20501.79,798373,"(B) Regional Rural Bank","2018-02-14"
"Bank of Maharashtra",3960623,1174946,5135569,109214.84,1036885,"(A) Public Sector Banks","2018-02-21"
"Bank of Maharashtra",810361,125856,936217,20502.85,798604,"(B) Regional Rural Bank","2018-02-21"
"Bank of Maharashtra",3969210,1176286,5145496,110660.57,1041711,"(A) Public Sector Banks","2018-03-07"
"Bank of Maharashtra",811293,125856,937149,20502.85,798611,"(B) Regional Rural Bank","2018-03-07"
"Bank of Maharashtra",3971614,1176880,5148494,112286.96,1044659,"(A) Public Sector Banks","2018-03-14"
"Bank of Maharashtra",811606,125856,937462,20501.8,798614,"(B) Regional Rural Bank","2018-03-14"
"Bank of Maharashtra",3975590,1177482,5153072,111979.68,1047597,"(A) Public Sector Banks","2018-03-21"
"Bank of Maharashtra",811825,125856,937681,20502.8,798619,"(B) Regional Rural Bank","2018-03-21"
"Bank of Maharashtra",3977212,1177866,5155078,111495.52,1048829,"(A) Public Sector Banks","2018-03-28"
"Bank of Maharashtra",811985,125856,937841,20501.8,798622,"(B) Regional Rural Bank","2018-03-28"
"Bank of Maharashtra",3978529,1178279,5156808,114628.62,1050248,"(A) Public Sector Banks","2018-04-04"
"Bank of Maharashtra",812226,125856,938082,20502.8,798625,"(B) Regional Rural Bank","2018-04-04"
"Bank of Maharashtra",3981049,1178521,5159570,115437.06,1052260,"(A) Public Sector Banks","2018-04-11"
"Bank of Maharashtra",812385,125856,938241,20501.79,798628,"(B) Regional Rural Bank","2018-04-11"
"Bank of Maharashtra",3982858,1178901,5161759,115891.46,1054198,"(A) Public Sector Banks","2018-04-18"
"Bank of Maharashtra",812544,125856,938400,20502.8,798631,"(B) Regional Rural Bank","2018-04-18"
"Bank of Maharashtra",3985006,1179385,5164391,115779.59,1056449,"(A) Public Sector Banks","2018-04-25"
"Bank of Maharashtra",812797,125856,938653,20501.8,798632,"(B) Regional Rural Bank","2018-04-25"
"Bank of Maharashtra",3986715,1179899,5166614,115665.51,1058470,"(A) Public Sector Banks","2018-05-02"
"Bank of Maharashtra",812916,125856,938772,20502.8,798635,"(B) Regional Rural Bank","2018-05-02"
"Bank of Maharashtra",3989056,1180355,5169411,115508.78,1060486,"(A) Public Sector Banks","2018-05-09"
"Bank of Maharashtra",813035,125856,938891,20501.8,798638,"(B) Regional Rural Bank","2018-05-09"
"Bank of Maharashtra",3994019,1181173,5175192,115654.55,1064923,"(A) Public Sector Banks","2018-05-23"
"Bank of Maharashtra",813252,126102,939354,20502.8,798639,"(B) Regional Rural Bank","2018-05-23"
"Bank of Maharashtra",3997280,1182104,5179384,116018.84,1067942,"(A) Public Sector Banks","2018-05-30"
"Bank of Maharashtra",813252,126102,939354,20502.8,798639,"(B) Regional Rural Bank","2018-05-30"
"Bank of Maharashtra",3999246,1182448,5181694,116204.07,1069592,"(A) Public Sector Banks","2018-06-06"
"Bank of Maharashtra",815681,126796,942477,21214.58,798768,"(B) Regional Rural Bank","2018-06-06"
"Bank of Maharashtra",4001694,1182900,5184594,116808.21,1072186,"(A) Public Sector Banks","2018-06-13"
"Bank of Maharashtra",824084,126857,950941,21785.7,798779,"(B) Regional Rural Bank","2018-06-13"
"Bank of Maharashtra",4005425,1183589,5189014,116437.43,1075459,"(A) Public Sector Banks","2018-06-20"
"Bank of Maharashtra",825411,127664,953075,21916.91,798783,"(B) Regional Rural Bank","2018-06-20"
"Bank of Maharashtra",4010038,1184305,5194343,116146.02,1078577,"(A) Public Sector Banks","2018-06-27"
"Bank of Maharashtra",831110,131645,962755,21967.93,798788,"(B) Regional Rural Bank","2018-06-27"
"Bank of Maharashtra",4014167,1185009,5199176,117894.85,1081399,"(A) Public Sector Banks","2018-07-04"
"Bank of Maharashtra",835279,133710,968989,21985.94,798792,"(B) Regional Rural Bank","2018-07-04"
"Bank of Maharashtra",4022421,1186535,5208956,118466.91,1088073,"(A) Public Sector Banks","2018-07-18"
"Bank of Maharashtra",846296,136821,983117,22014.97,798802,"(B) Regional Rural Bank","2018-07-18"
"Bank of Maharashtra",4034488,1193050,5227538,118767.75,1096814,"(A) Public Sector Banks","2018-08-01"
"Bank of Maharashtra",862001,138929,1000930,22056.08,798811,"(B) Regional Rural Bank","2018-08-01"
"Bank of Maharashtra",4040152,1190337,5230489,118816.72,1101118,"(A) Public Sector Banks","2018-08-08"
"Bank of Maharashtra",873104,139427,1012531,22068.09,798814,"(B) Regional Rural Bank","2018-08-08"
"Bank of Maharashtra",4046019,1192216,5238235,118878.86,1106614,"(A) Public Sector Banks","2018-08-15"
"Bank of Maharashtra",883350,139427,1022777,22114.1,798819,"(B) Regional Rural Bank","2018-08-15"
"Bank of Maharashtra",4048609,1193335,5241944,118223.93,1110609,"(A) Public Sector Banks","2018-08-22"
"Bank of Maharashtra",903214,139703,1042917,22739.68,798823,"(B) Regional Rural Bank","2018-08-22"
"Bank of Maharashtra",4056228,1194547,5250775,117746.82,1114478,"(A) Public Sector Banks","2018-08-29"
"Bank of Maharashtra",922986,140177,1063163,23848.37,798828,"(B) Regional Rural Bank","2018-08-29"
"Bank of Maharashtra",4065436,1195843,5261279,118493.13,1118400,"(A) Public Sector Banks","2018-09-05"
"Bank of Maharashtra",944253,140277,1084530,25444.26,798833,"(B) Regional Rural Bank","2018-09-05"
"Bank of Maharashtra",4075454,1197685,5273139,119119.64,1124067,"(A) Public Sector Banks","2018-09-12"
"Bank of Maharashtra",964400,140277,1104677,26319.05,798838,"(B) Regional Rural Bank","2018-09-12"
"Bank of Maharashtra",4171534,1202433,5373967,118903.58,1126973,"(A) Public Sector Banks","2018-09-19"
"Bank of Maharashtra",985724,140318,1126042,27679.42,798842,"(B) Regional Rural Bank","2018-09-19"
"Bank of Maharashtra",4091018,1198950,5289968,118642.91,1129021,"(A) Public Sector Banks","2018-09-26"
"Bank of Maharashtra",1008038,140318,1148356,28657.07,798847,"(B) Regional Rural Bank","2018-09-26"
"Bank of Maharashtra",4194354,1204635,5398989,120438.4,1133335,"(A) Public Sector Banks","2018-10-03"
"Bank of Maharashtra",1030605,140318,1170923,29912.67,798852,"(B) Regional Rural Bank","2018-10-03"
"Bank of Maharashtra",4112681,1206242,5318923,121129.66,1137453,"(A) Public Sector Banks","2018-10-10"
"Bank of Maharashtra",1030971,140327,1171298,30297.26,798986,"(B) Regional Rural Bank","2018-10-10"
"Bank of Maharashtra",4118648,1203047,5321695,121033.72,1141318,"(A) Public Sector Banks","2018-10-17"
"Bank of Maharashtra",1031452,140331,1171783,30756,799248,"(B) Regional Rural Bank","2018-10-17"
"Bank of Maharashtra",4129493,1204996,5334489,120764.6,1146152,"(A) Public Sector Banks","2018-10-24"
"Bank of Maharashtra",1031845,140331,1172176,31035.84,799413,"(B) Regional Rural Bank","2018-10-24"
"Bank of Maharashtra",4140016,1208424,5348440,121277.63,1151364,"(A) Public Sector Banks","2018-10-31"
"Bank of Maharashtra",1032325,140331,1172656,31749.13,799621,"(B) Regional Rural Bank","2018-10-31"
"Bank of Maharashtra",4146159,1210043,5356202,123425.73,1154243,"(A) Public Sector Banks","2018-11-07"
"Bank of Maharashtra",1032272,140692,1172964,31839.13,799668,"(B) Regional Rural Bank","2018-11-07"
"Bank of Maharashtra",4149475,1210954,5360429,122111.27,1155888,"(A) Public Sector Banks","2018-11-14"
"Bank of Maharashtra",1032447,140701,1173148,31850.13,799702,"(B) Regional Rural Bank","2018-11-14"
"Bank of Maharashtra",4156512,1212962,5369474,122007.15,1160316,"(A) Public Sector Banks","2018-11-21"
"Bank of Maharashtra",1032966,140701,1173667,32012.77,799736,"(B) Regional Rural Bank","2018-11-21"
"Bank of Maharashtra",4161664,1214217,5375881,121483.23,1162655,"(A) Public Sector Banks","2018-11-28"
"Bank of Maharashtra",1032966,140701,1173667,32012.77,799736,"(B) Regional Rural Bank","2018-11-28"
"Bank of Maharashtra",4172812,1216748,5389560,122639.32,1166953,"(A) Public Sector Banks","2018-12-05"
"Bank of Maharashtra",1032966,140701,1173667,32012.77,799736,"(B) Regional Rural Bank","2018-12-05"
"Bank of Maharashtra",4183081,1218758,5401839,123612,1170619,"(A) Public Sector Banks","2018-12-12"
"Bank of Maharashtra",1061896,140762,1202658,32806.98,800203,"(B) Regional Rural Bank","2018-12-12"
"Bank of Maharashtra",4194436,1221007,5415443,124347.72,1175001,"(A) Public Sector Banks","2018-12-19"
"Bank of Maharashtra",1070427,140773,1211200,33138.91,800219,"(B) Regional Rural Bank","2018-12-19"
"Bank of Maharashtra",4201143,1222527,5423670,124878.95,1177717,"(A) Public Sector Banks","2018-12-26"
"Bank of Maharashtra",1077395,140784,1218179,33702.27,800547,"(B) Regional Rural Bank","2018-12-26"
"Bank of Maharashtra",4207843,1223777,5431620,126677.42,1179471,"(A) Public Sector Banks","2019-01-02"
"Bank of Maharashtra",1086473,140806,1227279,33933.68,800838,"(B) Regional Rural Bank","2019-01-02"
"Bank of Maharashtra",4225461,1227529,5452990,129349.12,1189517,"(A) Public Sector Banks","2019-01-16"
"Bank of Maharashtra",1104802,140815,1245617,34129.32,800872,"(B) Regional Rural Bank","2019-01-16"
"Bank of Maharashtra",4240600,1230775,5471375,130238.19,1199635,"(A) Public Sector Banks","2019-01-23"
"Bank of Maharashtra",1114029,140821,1254850,34188.44,800885,"(B) Regional Rural Bank","2019-01-23"
