Bank Name / Type,Number of Beneficiaries at rural/semiurban centre bank branches,Number of Beneficiaries at urban metro centre bank branches,Number of Total Beneficiaries,Deposits in Accounts(In lac),Number of Rupay Debit Cards issued to beneficiaries,level,date
"Canara Bank",1599843,885426,2485269,4467.66,93940,"(A) Public Sector Banks","2014-09-24"
"Canara Bank",1774285,946200,2720485,3104.81,113798,"(A) Public Sector Banks","2014-10-01"
"Canara Bank",198184,91256,289440,0,48719,"(B) Regional Rural Bank","2014-10-01"
"Canara Bank",2065385,1069678,3135063,807.53,151798,"(A) Public Sector Banks","2014-10-15"
"Canara Bank",2224367,1136833,3361200,1820.9,182386,"(A) Public Sector Banks","2014-10-22"
"Canara Bank",219423,108438,327861,0,96896,"(B) Regional Rural Bank","2014-10-22"
"Canara Bank",2346691,1181295,3527986,7368.32,218108,"(A) Public Sector Banks","2014-10-29"
"Canara Bank",232255,118864,351119,0,128718,"(B) Regional Rural Bank","2014-10-29"
"Canara Bank",2456799,1226902,3683701,67189.38,255717,"(A) Public Sector Banks","2014-11-05"
"Canara Bank",249783,129824,379607,0,140374,"(B) Regional Rural Bank","2014-11-05"
"Canara Bank",2558895,1264136,3823031,72628.07,298677,"(A) Public Sector Banks","2014-11-12"
"Canara Bank",259587,137583,397170,0,145490,"(B) Regional Rural Bank","2014-11-12"
"Canara Bank",2757678,1345290,4102968,72902.98,363004,"(A) Public Sector Banks","2014-11-19"
"Canara Bank",274224,149626,423850,0,153815,"(B) Regional Rural Bank","2014-11-19"
"Canara Bank",2905599,1411626,4317225,72787.18,475235,"(A) Public Sector Banks","2014-11-26"
"Canara Bank",294241,164024,458265,0,157092,"(B) Regional Rural Bank","2014-11-26"
"Canara Bank",3025440,1463033,4488473,73194.53,3610073,"(A) Public Sector Banks","2014-12-03"
"Canara Bank",321161,172457,493618,503.7,159046,"(B) Regional Rural Bank","2014-12-03"
"Canara Bank",3168455,1525142,4693597,72981.33,3858028,"(A) Public Sector Banks","2014-12-10"
"Canara Bank",344117,184278,528395,707.03,224306,"(B) Regional Rural Bank","2014-12-10"
"Canara Bank",3218154,1554740,4772894,72353.94,4242490,"(A) Public Sector Banks","2014-12-17"
"Canara Bank",364977,194764,559741,916.37,392763,"(B) Regional Rural Bank","2014-12-17"
"Canara Bank",3349787,1613533,4963320,72531.62,4672142,"(A) Public Sector Banks","2014-12-24"
"Canara Bank",366375,196148,562523,1290.63,449074,"(B) Regional Rural Bank","2014-12-24"
"Canara Bank",3508953,1687134,5196087,72878.77,5075041,"(A) Public Sector Banks","2014-12-31"
"Canara Bank",366787,196508,563295,2591.64,491953,"(B) Regional Rural Bank","2014-12-31"
"Canara Bank",3631973,1747293,5379266,72513.53,5331803,"(A) Public Sector Banks","2015-01-07"
"Canara Bank",367748,197307,565055,4356.93,564729,"(B) Regional Rural Bank","2015-01-07"
"Canara Bank",3765514,1811296,5576810,72778.93,5436837,"(A) Public Sector Banks","2015-01-14"
"Canara Bank",371276,200540,571816,6666.64,570977,"(B) Regional Rural Bank","2015-01-14"
"Canara Bank",4003916,1928142,5932058,73164.71,5864335,"(A) Public Sector Banks","2015-01-28"
"Canara Bank",427126,269513,696639,10708.09,694741,"(B) Regional Rural Bank","2015-01-28"
"Canara Bank",4124989,1974349,6099338,72792.5,6038218,"(A) Public Sector Banks","2015-02-04"
"Canara Bank",449757,294848,744605,11842.85,725526,"(B) Regional Rural Bank","2015-02-04"
"Canara Bank",4174167,1983105,6157272,73358.68,6125910,"(A) Public Sector Banks","2015-02-11"
"Canara Bank",454898,309925,764823,12665.82,741867,"(B) Regional Rural Bank","2015-02-11"
"Canara Bank",4174167,1983105,6157272,72256.68,6157272,"(A) Public Sector Banks","2015-02-18"
"Canara Bank",458969,314777,773746,12970.44,753830,"(B) Regional Rural Bank","2015-02-18"
"Canara Bank",4174167,1983105,6157272,72488.88,6157272,"(A) Public Sector Banks","2015-02-25"
"Canara Bank",459595,315296,774891,13463.85,772052,"(B) Regional Rural Bank","2015-02-25"
"Canara Bank",4174167,1983105,6157272,72681.47,6157272,"(A) Public Sector Banks","2015-03-04"
"Canara Bank",460542,316421,776963,14095.26,776557,"(B) Regional Rural Bank","2015-03-04"
"Canara Bank",4174167,1983105,6157272,72746.38,6157272,"(A) Public Sector Banks","2015-03-11"
"Canara Bank",461265,316641,777906,14674.7,777659,"(B) Regional Rural Bank","2015-03-11"
"Canara Bank",4174167,1983105,6157272,72813.68,6157272,"(A) Public Sector Banks","2015-03-18"
"Canara Bank",462522,317778,780300,15113.15,779254,"(B) Regional Rural Bank","2015-03-18"
"Canara Bank",4174167,1983105,6157272,72741.33,6157272,"(A) Public Sector Banks","2015-03-25"
"Canara Bank",463763,318642,782405,16146.52,781643,"(B) Regional Rural Bank","2015-03-25"
"Canara Bank",4174167,1983105,6157272,72935.16,6157272,"(A) Public Sector Banks","2015-04-01"
"Canara Bank",464476,319122,783598,16874.92,782597,"(B) Regional Rural Bank","2015-04-01"
"Canara Bank",4174167,1983105,6157272,74020.25,6157272,"(A) Public Sector Banks","2015-04-08"
"Canara Bank",465306,319710,785016,17574.28,783600,"(B) Regional Rural Bank","2015-04-08"
"Canara Bank",4174167,1983105,6157272,74366.17,6157272,"(A) Public Sector Banks","2015-04-15"
"Canara Bank",466343,320478,786821,18120.72,784649,"(B) Regional Rural Bank","2015-04-15"
"Canara Bank",4174167,1983105,6157272,74658.64,6157272,"(A) Public Sector Banks","2015-04-22"
"Canara Bank",467265,321104,788369,18226.56,785731,"(B) Regional Rural Bank","2015-04-22"
"Canara Bank",4174167,1983105,6157272,75887.6,6157272,"(A) Public Sector Banks","2015-04-29"
"Canara Bank",468072,321731,789803,18899.06,787507,"(B) Regional Rural Bank","2015-04-29"
"Canara Bank",4174167,1983105,6157272,76414.06,6157272,"(A) Public Sector Banks","2015-05-06"
"Canara Bank",468285,321872,790157,18969.7,787891,"(B) Regional Rural Bank","2015-05-06"
"Canara Bank",4174167,1983105,6157272,76401.61,6157272,"(A) Public Sector Banks","2015-05-13"
"Canara Bank",469397,322629,792026,19571.73,789323,"(B) Regional Rural Bank","2015-05-13"
"Canara Bank",4174167,1983105,6157272,77960.92,6157272,"(A) Public Sector Banks","2015-05-20"
"Canara Bank",470531,323334,793865,19962.42,790846,"(B) Regional Rural Bank","2015-05-20"
"Canara Bank",4174167,1983105,6157272,79387.25,6157272,"(A) Public Sector Banks","2015-06-03"
"Canara Bank",473740,328378,802118,20499.75,799447,"(B) Regional Rural Bank","2015-06-03"
"Canara Bank",4174167,1983105,6157272,79849.46,6157272,"(A) Public Sector Banks","2015-06-10"
"Canara Bank",473740,328378,802118,20499.76,799447,"(B) Regional Rural Bank","2015-06-10"
"Canara Bank",4174167,1983105,6157272,80989.77,6157272,"(A) Public Sector Banks","2015-06-17"
"Canara Bank",479117,332014,811131,20775.04,806543,"(B) Regional Rural Bank","2015-06-17"
"Canara Bank",4174167,1983105,6157272,81402.28,6157272,"(A) Public Sector Banks","2015-06-24"
"Canara Bank",479117,332014,811131,20775.04,806543,"(B) Regional Rural Bank","2015-06-24"
"Canara Bank",4174167,1983105,6157272,81961,6157272,"(A) Public Sector Banks","2015-07-01"
"Canara Bank",483298,334723,818021,20974.21,812914,"(B) Regional Rural Bank","2015-07-01"
"Canara Bank",4174167,1983105,6157272,82926.64,6157272,"(A) Public Sector Banks","2015-07-08"
"Canara Bank",485507,336195,821702,21007.72,815761,"(B) Regional Rural Bank","2015-07-08"
"Canara Bank",4174167,1983105,6157272,83426.56,6157272,"(A) Public Sector Banks","2015-07-15"
"Canara Bank",487336,337406,824742,21031.84,818097,"(B) Regional Rural Bank","2015-07-15"
"Canara Bank",4174167,1983105,6157272,83999.86,6157272,"(A) Public Sector Banks","2015-07-22"
"Canara Bank",489392,338963,828355,21051.68,828227,"(B) Regional Rural Bank","2015-07-22"
"Canara Bank",4174167,1983105,6157272,84414.87,6157272,"(A) Public Sector Banks","2015-07-29"
"Canara Bank",491459,340349,831808,21075.37,831673,"(B) Regional Rural Bank","2015-07-29"
"Canara Bank",4174167,1983105,6157272,84414.87,6157272,"(A) Public Sector Banks","2015-08-05"
"Canara Bank",493478,341683,835161,21091.84,834807,"(B) Regional Rural Bank","2015-08-05"
"Canara Bank",4174167,1983105,6157272,86418.85,6157272,"(A) Public Sector Banks","2015-08-12"
"Canara Bank",494876,342825,837701,21097.77,836963,"(B) Regional Rural Bank","2015-08-12"
"Canara Bank",4174167,1983105,6157272,87938.49,6157272,"(A) Public Sector Banks","2015-08-19"
"Canara Bank",496259,343748,840007,21111.32,839731,"(B) Regional Rural Bank","2015-08-19"
"Canara Bank",4174167,1983105,6157272,88302.66,6157272,"(A) Public Sector Banks","2015-08-26"
"Canara Bank",497676,344673,842349,21118.47,842111,"(B) Regional Rural Bank","2015-08-26"
"Canara Bank",4174167,1983105,6157272,89870.62,6157272,"(A) Public Sector Banks","2015-09-02"
"Canara Bank",499810,346091,845901,21135.51,845901,"(B) Regional Rural Bank","2015-09-02"
"Canara Bank",4174167,1983105,6157272,89947.28,6157272,"(A) Public Sector Banks","2015-09-09"
"Canara Bank",501335,347093,848428,21147.3,848290,"(B) Regional Rural Bank","2015-09-09"
"Canara Bank",4174167,1983105,6157272,90757.26,6157272,"(A) Public Sector Banks","2015-09-16"
"Canara Bank",507428,351791,859219,21157.25,859219,"(B) Regional Rural Bank","2015-09-16"
"Canara Bank",4174167,1983105,6157272,90975.46,6157272,"(A) Public Sector Banks","2015-09-23"
"Canara Bank",509755,353332,863087,21171.02,863087,"(B) Regional Rural Bank","2015-09-23"
"Canara Bank",4564509,2070528,6635037,101216.1,6632551,"(A) Public Sector Banks","2015-10-07"
"Canara Bank",512879,355409,868288,21189.56,868288,"(B) Regional Rural Bank","2015-10-07"
"Canara Bank",4847350,2222025,7069375,111816.87,7027575,"(A) Public Sector Banks","2015-10-14"
"Canara Bank",514696,356617,871313,21200.5,871313,"(B) Regional Rural Bank","2015-10-14"
"Canara Bank",4837205,2236565,7073770,112342.63,7031223,"(A) Public Sector Banks","2015-10-21"
"Canara Bank",516487,357816,874303,21213.6,874303,"(B) Regional Rural Bank","2015-10-21"
"Canara Bank",4865519,2231150,7096669,110230.7,7054689,"(A) Public Sector Banks","2015-10-28"
"Canara Bank",517687,358590,876277,21220,876277,"(B) Regional Rural Bank","2015-10-28"
"Canara Bank",4877854,2234161,7112015,113263.11,7059141,"(A) Public Sector Banks","2015-11-04"
"Canara Bank",520854,360865,881719,21234.05,881719,"(B) Regional Rural Bank","2015-11-04"
"Canara Bank",4889877,2234573,7124450,113752.63,7059145,"(A) Public Sector Banks","2015-11-11"
"Canara Bank",521886,361782,883668,21237.84,883668,"(B) Regional Rural Bank","2015-11-11"
"Canara Bank",4892013,2237337,7129350,112735.45,7062555,"(A) Public Sector Banks","2015-11-18"
"Canara Bank",523743,362929,886672,21246.48,886672,"(B) Regional Rural Bank","2015-11-18"
"Canara Bank",4898340,2239102,7137442,111877.42,7063992,"(A) Public Sector Banks","2015-11-25"
"Canara Bank",525947,364141,890088,21258.56,890088,"(B) Regional Rural Bank","2015-11-25"
"Canara Bank",4893472,2236111,7129583,113282.8,6854929,"(A) Public Sector Banks","2015-12-02"
"Canara Bank",528270,365612,893882,21272.81,893882,"(B) Regional Rural Bank","2015-12-02"
"Canara Bank",4903265,2238025,7141290,115280.62,6868997,"(A) Public Sector Banks","2015-12-09"
"Canara Bank",531560,367747,899307,21292.85,899307,"(B) Regional Rural Bank","2015-12-09"
"Canara Bank",4910899,2243129,7154028,115561.17,6880863,"(A) Public Sector Banks","2015-12-16"
"Canara Bank",533308,368884,902192,21303.52,902192,"(B) Regional Rural Bank","2015-12-16"
"Canara Bank",4922139,2243913,7166052,116100.77,6902942,"(A) Public Sector Banks","2015-12-23"
"Canara Bank",537405,371572,908977,21322.09,908977,"(B) Regional Rural Bank","2015-12-23"
"Canara Bank",4930457,2246978,7177435,116141.27,6921926,"(A) Public Sector Banks","2015-12-30"
"Canara Bank",539951,373236,913187,21330.73,913187,"(B) Regional Rural Bank","2015-12-30"
"Canara Bank",4947453,2251251,7198704,118948.07,6944270,"(A) Public Sector Banks","2016-01-06"
"Canara Bank",542784,374940,917724,21337.94,917724,"(B) Regional Rural Bank","2016-01-06"
"Canara Bank",4958881,2254699,7213580,119990.49,6960617,"(A) Public Sector Banks","2016-01-13"
"Canara Bank",542924,375069,917993,21338.03,917993,"(B) Regional Rural Bank","2016-01-13"
"Canara Bank",4974899,2257874,7232773,119566.65,6978290,"(A) Public Sector Banks","2016-01-20"
"Canara Bank",543327,375341,918668,21339.84,918668,"(B) Regional Rural Bank","2016-01-20"
"Canara Bank",4984521,2260933,7245454,118348.67,6989934,"(A) Public Sector Banks","2016-01-27"
"Canara Bank",544081,375828,919909,21343.32,919909,"(B) Regional Rural Bank","2016-01-27"
"Canara Bank",5014341,2266599,7280940,124752.6,7007931,"(A) Public Sector Banks","2016-02-10"
"Canara Bank",544255,375978,920233,21344.24,920233,"(B) Regional Rural Bank","2016-02-10"
"Canara Bank",5031068,2269529,7300597,125236.17,7009753,"(A) Public Sector Banks","2016-02-17"
"Canara Bank",544390,376122,920512,21344.59,920512,"(B) Regional Rural Bank","2016-02-17"
"Canara Bank",5049047,2299570,7348617,125860.19,7043965,"(A) Public Sector Banks","2016-02-24"
"Canara Bank",544537,376307,920844,21344.97,920844,"(B) Regional Rural Bank","2016-02-24"
"Canara Bank",5062515,2302515,7365030,127310,7047178,"(A) Public Sector Banks","2016-03-02"
"Canara Bank",544669,376451,921120,21350.64,921120,"(B) Regional Rural Bank","2016-03-02"
"Canara Bank",5076875,2304447,7381322,129227.81,7053890,"(A) Public Sector Banks","2016-03-09"
"Canara Bank",546612,377682,924294,21357.89,924294,"(B) Regional Rural Bank","2016-03-09"
"Canara Bank",5088703,2295417,7384120,129364.28,7044931,"(A) Public Sector Banks","2016-03-16"
"Canara Bank",547716,378396,926112,21361.66,926112,"(B) Regional Rural Bank","2016-03-16"
"Canara Bank",5103735,2299906,7403641,130216.74,7048024,"(A) Public Sector Banks","2016-03-23"
"Canara Bank",549058,379286,928344,21385.45,928271,"(B) Regional Rural Bank","2016-03-23"
"Canara Bank",5113634,2302240,7415874,131345.49,7050320,"(A) Public Sector Banks","2016-03-30"
"Canara Bank",550382,380154,930536,21394.52,930536,"(B) Regional Rural Bank","2016-03-30"
"Canara Bank",5127838,2316584,7444422,133579.54,7062862,"(A) Public Sector Banks","2016-04-06"
"Canara Bank",553754,381441,935195,21400.16,935195,"(B) Regional Rural Bank","2016-04-06"
"Canara Bank",5139385,2319726,7459111,133264.56,7062862,"(A) Public Sector Banks","2016-04-13"
"Canara Bank",555116,382329,937445,21402.51,937445,"(B) Regional Rural Bank","2016-04-13"
"Canara Bank",5132217,2334710,7466927,131597.18,7070766,"(A) Public Sector Banks","2016-04-20"
"Canara Bank",556862,383464,940326,21403.8,940326,"(B) Regional Rural Bank","2016-04-20"
"Canara Bank",5139050,2337376,7476426,131566.53,7075673,"(A) Public Sector Banks","2016-04-27"
"Canara Bank",558185,384320,942505,21404.67,942505,"(B) Regional Rural Bank","2016-04-27"
"Canara Bank",5139050,2337376,7476426,131566.53,7075673,"(A) Public Sector Banks","2016-05-04"
"Canara Bank",559441,385115,944556,21405.22,944556,"(B) Regional Rural Bank","2016-05-04"
"Canara Bank",5157419,2339624,7497043,135191.27,7080481,"(A) Public Sector Banks","2016-05-11"
"Canara Bank",561692,386560,948252,21408,948252,"(B) Regional Rural Bank","2016-05-11"
"Canara Bank",5165859,2345254,7511113,134760.35,7083971,"(A) Public Sector Banks","2016-05-18"
"Canara Bank",562608,387144,949752,21408.68,949752,"(B) Regional Rural Bank","2016-05-18"
"Canara Bank",5176529,2349643,7526172,133802.13,7089264,"(A) Public Sector Banks","2016-05-25"
"Canara Bank",564606,388419,953025,21410.66,953025,"(B) Regional Rural Bank","2016-05-25"
"Canara Bank",5187508,2353665,7541173,133510.71,7094603,"(A) Public Sector Banks","2016-06-01"
"Canara Bank",566099,389377,955476,21414.9,955476,"(B) Regional Rural Bank","2016-06-01"
"Canara Bank",3888276,1867375,5755651,72097.04,5637902,"(A) Public Sector Banks","2015-01-21"
"Canara Bank",384375,227636,612011,9086.28,609781,"(B) Regional Rural Bank","2015-01-21"
"Canara Bank",4174167,1983105,6157272,78803.75,6157272,"(A) Public Sector Banks","2015-05-27"
"Canara Bank",472959,325265,798224,20267.39,795303,"(B) Regional Rural Bank","2015-05-27"
"Canara Bank",4174167,1983105,6157272,92147.87,6157272,"(A) Public Sector Banks","2015-09-30"
"Canara Bank",511054,354189,865243,21180.53,865243,"(B) Regional Rural Bank","2015-09-30"
"Canara Bank",4998473,2263085,7261558,122729.2,6998886,"(A) Public Sector Banks","2016-02-03"
"Canara Bank",544167,375901,920068,21343.8,920068,"(B) Regional Rural Bank","2016-02-03"
"Canara Bank",5199705,2357867,7557572,135051.51,7101144,"(A) Public Sector Banks","2016-06-08"
"Canara Bank",567054,390023,957077,21418.99,957077,"(B) Regional Rural Bank","2016-06-08"
"Canara Bank",5385979,2393130,7779109,139522.31,7165662,"(A) Public Sector Banks","2016-10-12"
"Canara Bank",596147,408159,1004306,21462.13,1004306,"(B) Regional Rural Bank","2016-10-12"
"Canara Bank",4353969,2026836,6380805,197575.92,4266915,"(A) Public Sector Banks","2017-02-15"
"Canara Bank",640437,438303,1078740,60354.97,1042116,"(B) Regional Rural Bank","2017-02-15"
"Canara Bank",4477289,2082786,6560075,175146.12,4271403,"(A) Public Sector Banks","2017-06-21"
"Canara Bank",641701,438976,1080677,52619.01,1052810,"(B) Regional Rural Bank","2017-06-21"
"Canara Bank",4592665,2121367,6714032,179275.74,4270179,"(A) Public Sector Banks","2017-10-25"
"Canara Bank",642695,439568,1082263,52636.62,1054292,"(B) Regional Rural Bank","2017-10-25"
"Canara Bank",4617720,2103094,6720814,193628.43,4234120,"(A) Public Sector Banks","2018-02-28"
"Canara Bank",646030,440401,1086431,53584.29,1057475,"(B) Regional Rural Bank","2018-02-28"
"Canara Bank",4711411,2135879,6847290,204148.23,4248035,"(A) Public Sector Banks","2018-07-11"
"Canara Bank",647839,441661,1089500,53928.74,1061349,"(B) Regional Rural Bank","2018-07-11"
"Canara Bank",5208274,2361544,7569818,134767.38,7107608,"(A) Public Sector Banks","2016-06-15"
"Canara Bank",568204,390775,958979,21424.87,958979,"(B) Regional Rural Bank","2016-06-15"
"Canara Bank",5219250,2363853,7583103,134550.23,7115067,"(A) Public Sector Banks","2016-06-22"
"Canara Bank",570310,392087,962397,21425.59,962397,"(B) Regional Rural Bank","2016-06-22"
"Canara Bank",5234386,2366027,7600413,133975.03,7122563,"(A) Public Sector Banks","2016-06-29"
"Canara Bank",571991,393126,965117,21431.18,965117,"(B) Regional Rural Bank","2016-06-29"
"Canara Bank",5236330,2369653,7605983,136483.93,7129644,"(A) Public Sector Banks","2016-07-06"
"Canara Bank",573466,394028,967494,21433.33,967494,"(B) Regional Rural Bank","2016-07-06"
"Canara Bank",5237661,2370281,7607942,136679.26,7130846,"(A) Public Sector Banks","2016-07-13"
"Canara Bank",574581,394741,969322,21435.49,969322,"(B) Regional Rural Bank","2016-07-13"
"Canara Bank",5237987,2370393,7608380,136638.88,7131883,"(A) Public Sector Banks","2016-07-20"
"Canara Bank",577097,396333,973430,21436.43,973430,"(B) Regional Rural Bank","2016-07-20"
"Canara Bank",5270653,2338904,7609557,135862.86,7133655,"(A) Public Sector Banks","2016-07-27"
"Canara Bank",578701,397348,976049,21437.79,976049,"(B) Regional Rural Bank","2016-07-27"
"Canara Bank",5252568,2363012,7615580,135862.86,7135055,"(A) Public Sector Banks","2016-08-03"
"Canara Bank",574581,394741,969322,21435.49,979999,"(B) Regional Rural Bank","2016-08-03"
"Canara Bank",5264705,2362742,7627447,139170.46,7137079,"(A) Public Sector Banks","2016-08-10"
"Canara Bank",582858,399938,982796,21450.47,982796,"(B) Regional Rural Bank","2016-08-10"
"Canara Bank",5284468,2348827,7633295,137807.49,7139649,"(A) Public Sector Banks","2016-08-17"
"Canara Bank",584537,400971,985508,21450.86,985508,"(B) Regional Rural Bank","2016-08-17"
"Canara Bank",5284331,2367478,7651809,137887.3,7143046,"(A) Public Sector Banks","2016-08-24"
"Canara Bank",586892,402453,989345,21453.23,989345,"(B) Regional Rural Bank","2016-08-24"
"Canara Bank",5340895,2338122,7679017,137739.89,7146694,"(A) Public Sector Banks","2016-08-31"
"Canara Bank",587661,402947,990608,21457.03,990608,"(B) Regional Rural Bank","2016-08-31"
"Canara Bank",5336552,2365257,7701809,139623.6,7150374,"(A) Public Sector Banks","2016-09-07"
"Canara Bank",587791,403072,990863,21457.32,990863,"(B) Regional Rural Bank","2016-09-07"
"Canara Bank",5337725,2382283,7720008,139529.49,7153504,"(A) Public Sector Banks","2016-09-14"
"Canara Bank",587861,403131,990992,21457.45,990992,"(B) Regional Rural Bank","2016-09-14"
"Canara Bank",5358609,2375048,7733657,139300.97,7156785,"(A) Public Sector Banks","2016-09-21"
"Canara Bank",589677,404229,993906,21458.67,993906,"(B) Regional Rural Bank","2016-09-21"
"Canara Bank",5364335,2386834,7751169,139027.2,7159371,"(A) Public Sector Banks","2016-09-28"
"Canara Bank",590683,404824,995507,21458.81,995507,"(B) Regional Rural Bank","2016-09-28"
"Canara Bank",5388190,2384320,7772510,140964.17,7162888,"(A) Public Sector Banks","2016-10-05"
"Canara Bank",594617,407243,1001860,21461.71,1001860,"(B) Regional Rural Bank","2016-10-05"
"Canara Bank",5400294,2390339,7790633,140668.32,7168827,"(A) Public Sector Banks","2016-10-19"
"Canara Bank",597999,409284,1007283,21462.72,1007283,"(B) Regional Rural Bank","2016-10-19"
"Canara Bank",5400962,2400664,7801626,139997.32,7171730,"(A) Public Sector Banks","2016-10-26"
"Canara Bank",599948,410476,1010424,21465.04,1010424,"(B) Regional Rural Bank","2016-10-26"
"Canara Bank",5411659,2402101,7813760,141271.67,7174762,"(A) Public Sector Banks","2016-11-02"
"Canara Bank",600708,410945,1011653,21465.74,1011653,"(B) Regional Rural Bank","2016-11-02"
"Canara Bank",5427633,2398588,7826221,142791.01,7178006,"(A) Public Sector Banks","2016-11-09"
"Canara Bank",601180,411288,1012468,21466.38,1012468,"(B) Regional Rural Bank","2016-11-09"
"Canara Bank",5374573,2392656,7767229,217879.22,7180880,"(A) Public Sector Banks","2016-11-16"
"Canara Bank",603644,412897,1016541,41525.65,1015479,"(B) Regional Rural Bank","2016-11-16"
"Canara Bank",5375824,2392656,7768480,234183.53,7182159,"(A) Public Sector Banks","2016-11-23"
"Canara Bank",612024,418524,1030548,78615.2,1022440,"(B) Regional Rural Bank","2016-11-23"
"Canara Bank",5375824,2393868,7769692,232602.99,7185041,"(A) Public Sector Banks","2016-11-30"
"Canara Bank",625462,427552,1053014,79905.84,1032508,"(B) Regional Rural Bank","2016-11-30"
"Canara Bank",4339685,1842671,6182356,229099.57,4275277,"(A) Public Sector Banks","2016-12-07"
"Canara Bank",636942,436251,1073193,77770.99,1040063,"(B) Regional Rural Bank","2016-12-07"
"Canara Bank",4350458,1848179,6198637,226252.96,4275428,"(A) Public Sector Banks","2016-12-14"
"Canara Bank",638531,437310,1075841,77164.53,1040982,"(B) Regional Rural Bank","2016-12-14"
"Canara Bank",4279653,1951403,6231056,222318.16,4276787,"(A) Public Sector Banks","2016-12-21"
"Canara Bank",638823,437462,1076285,74076.56,1041119,"(B) Regional Rural Bank","2016-12-21"
"Canara Bank",4260352,1985355,6245707,220099.57,4277686,"(A) Public Sector Banks","2016-12-28"
"Canara Bank",639096,437593,1076689,73823.06,1041215,"(B) Regional Rural Bank","2016-12-28"
"Canara Bank",4279262,1993873,6273135,212405.57,4272943,"(A) Public Sector Banks","2017-01-04"
"Canara Bank",639275,437677,1076952,72786.55,1041289,"(B) Regional Rural Bank","2017-01-04"
"Canara Bank",4300477,2000209,6300686,208305.32,4274966,"(A) Public Sector Banks","2017-01-11"
"Canara Bank",639515,437759,1077274,71614.13,1041390,"(B) Regional Rural Bank","2017-01-11"
"Canara Bank",4309882,2006972,6316854,205750.38,4273988,"(A) Public Sector Banks","2017-01-18"
"Canara Bank",639654,437823,1077477,66473.65,1041438,"(B) Regional Rural Bank","2017-01-18"
"Canara Bank",4321935,2012535,6334470,202535.62,4271570,"(A) Public Sector Banks","2017-01-25"
"Canara Bank",639890,437930,1077820,65750.51,1041561,"(B) Regional Rural Bank","2017-01-25"
"Canara Bank",4327561,2016821,6344382,202158.75,4269532,"(A) Public Sector Banks","2017-02-01"
"Canara Bank",640012,437992,1078004,64586.75,1041647,"(B) Regional Rural Bank","2017-02-01"
"Canara Bank",4340598,2021881,6362479,199074.32,4268053,"(A) Public Sector Banks","2017-02-08"
"Canara Bank",640247,438215,1078462,61105.14,1041994,"(B) Regional Rural Bank","2017-02-08"
"Canara Bank",4365049,2027529,6392578,193746.13,4266479,"(A) Public Sector Banks","2017-02-22"
"Canara Bank",640626,438414,1079040,59765.07,1042232,"(B) Regional Rural Bank","2017-02-22"
"Canara Bank",4376049,2027841,6403890,189014.88,4266197,"(A) Public Sector Banks","2017-03-01"
"Canara Bank",640726,438459,1079185,59214.48,1042290,"(B) Regional Rural Bank","2017-03-01"
"Canara Bank",4376049,2027841,6403890,186805.74,4265688,"(A) Public Sector Banks","2017-03-08"
"Canara Bank",640821,438502,1079323,58840.74,1044135,"(B) Regional Rural Bank","2017-03-08"
"Canara Bank",4396779,2046437,6443216,184756.01,4265626,"(A) Public Sector Banks","2017-03-15"
"Canara Bank",640887,438533,1079420,58297.02,1044845,"(B) Regional Rural Bank","2017-03-15"
"Canara Bank",4410217,2045798,6456015,182480.74,4264865,"(A) Public Sector Banks","2017-03-22"
"Canara Bank",640938,438542,1079480,57387.94,1046800,"(B) Regional Rural Bank","2017-03-22"
"Canara Bank",4406654,2056690,6463344,182052.17,4261989,"(A) Public Sector Banks","2017-03-29"
"Canara Bank",640970,438548,1079518,56818.72,1048612,"(B) Regional Rural Bank","2017-03-29"
"Canara Bank",4410436,2056773,6467209,185244.3,4258708,"(A) Public Sector Banks","2017-04-05"
"Canara Bank",641016,438557,1079573,56698.7,1051970,"(B) Regional Rural Bank","2017-04-05"
"Canara Bank",4404513,2071004,6475517,184184.29,4258007,"(A) Public Sector Banks","2017-04-12"
"Canara Bank",641082,438592,1079674,56652.98,1052008,"(B) Regional Rural Bank","2017-04-12"
"Canara Bank",4415944,2067356,6483300,181639.89,4257566,"(A) Public Sector Banks","2017-04-19"
"Canara Bank",641130,438611,1079741,55607.32,1052036,"(B) Regional Rural Bank","2017-04-19"
"Canara Bank",4415181,2075632,6490813,179377.95,4257136,"(A) Public Sector Banks","2017-04-26"
"Canara Bank",641183,438633,1079816,55442.41,1052084,"(B) Regional Rural Bank","2017-04-26"
"Canara Bank",4441407,2055796,6497203,179623.7,4256870,"(A) Public Sector Banks","2017-05-03"
"Canara Bank",641223,438640,1079863,54657.11,1052114,"(B) Regional Rural Bank","2017-05-03"
"Canara Bank",4431570,2074914,6506484,180273.52,4258531,"(A) Public Sector Banks","2017-05-10"
"Canara Bank",641275,438657,1079932,53934.33,1052160,"(B) Regional Rural Bank","2017-05-10"
"Canara Bank",4436489,2077866,6514355,178806.62,4260198,"(A) Public Sector Banks","2017-05-17"
"Canara Bank",641303,438667,1079970,53649.47,1052184,"(B) Regional Rural Bank","2017-05-17"
"Canara Bank",4444734,2078722,6523456,176316.15,4261782,"(A) Public Sector Banks","2017-05-24"
"Canara Bank",641303,438667,1079970,53588.93,1052204,"(B) Regional Rural Bank","2017-05-24"
"Canara Bank",4449964,2081184,6531148,175349.72,4263378,"(A) Public Sector Banks","2017-05-31"
"Canara Bank",641592,438912,1080504,52703.52,1052276,"(B) Regional Rural Bank","2017-05-31"
"Canara Bank",4465271,2076801,6542072,176622.76,4266167,"(A) Public Sector Banks","2017-06-07"
"Canara Bank",641650,438943,1080593,52813.47,1052316,"(B) Regional Rural Bank","2017-06-07"
"Canara Bank",4469136,2081542,6550678,176643.03,4268743,"(A) Public Sector Banks","2017-06-14"
"Canara Bank",641678,438958,1080636,52736.26,1052379,"(B) Regional Rural Bank","2017-06-14"
"Canara Bank",4490319,2075275,6565594,174066.32,4272694,"(A) Public Sector Banks","2017-06-28"
"Canara Bank",641738,438995,1080733,52531.91,1052853,"(B) Regional Rural Bank","2017-06-28"
"Canara Bank",4496157,2078826,6574983,174059.97,4275045,"(A) Public Sector Banks","2017-07-05"
"Canara Bank",641788,439014,1080802,52824.2,1052919,"(B) Regional Rural Bank","2017-07-05"
"Canara Bank",4488292,2096073,6584365,175306.14,4277757,"(A) Public Sector Banks","2017-07-12"
"Canara Bank",641850,439080,1080930,52577.56,1053042,"(B) Regional Rural Bank","2017-07-12"
"Canara Bank",4509284,2086469,6595753,174519.19,4280859,"(A) Public Sector Banks","2017-07-19"
"Canara Bank",641962,439154,1081116,53117.83,1053225,"(B) Regional Rural Bank","2017-07-19"
"Canara Bank",4523968,2080398,6604366,174099.02,4282653,"(A) Public Sector Banks","2017-07-26"
"Canara Bank",642022,439181,1081203,52708.7,1053305,"(B) Regional Rural Bank","2017-07-26"
"Canara Bank",4507091,2107769,6614860,176862.58,4283999,"(A) Public Sector Banks","2017-08-02"
"Canara Bank",642044,439192,1081236,52638.94,1053338,"(B) Regional Rural Bank","2017-08-02"
"Canara Bank",4523323,2101829,6625152,178968.91,4286292,"(A) Public Sector Banks","2017-08-09"
"Canara Bank",642114,439212,1081326,52910.96,1053413,"(B) Regional Rural Bank","2017-08-09"
"Canara Bank",4531806,2100069,6631875,178164.85,4287490,"(A) Public Sector Banks","2017-08-16"
"Canara Bank",642134,439239,1081373,52683.8,1053455,"(B) Regional Rural Bank","2017-08-16"
"Canara Bank",4536891,2102481,6639372,177991.58,4289414,"(A) Public Sector Banks","2017-08-23"
"Canara Bank",642171,439287,1081458,53980.39,1053544,"(B) Regional Rural Bank","2017-08-23"
"Canara Bank",4545579,2101205,6646784,176729.15,4290906,"(A) Public Sector Banks","2017-08-30"
"Canara Bank",642182,439308,1081490,53980.82,1053576,"(B) Regional Rural Bank","2017-08-30"
"Canara Bank",4550678,2105334,6656012,178309.91,4292493,"(A) Public Sector Banks","2017-09-06"
"Canara Bank",642223,439328,1081551,53424.87,1053631,"(B) Regional Rural Bank","2017-09-06"
"Canara Bank",4559937,2105577,6665514,179172.58,4294804,"(A) Public Sector Banks","2017-09-13"
"Canara Bank",642320,439309,1081629,53084.17,1053704,"(B) Regional Rural Bank","2017-09-13"
"Canara Bank",4584775,2091769,6676544,178950.12,4297140,"(A) Public Sector Banks","2017-09-20"
"Canara Bank",642345,439324,1081669,53013.95,1053738,"(B) Regional Rural Bank","2017-09-20"
"Canara Bank",4573773,2111573,6685346,183025.72,4298621,"(A) Public Sector Banks","2017-09-27"
"Canara Bank",642487,439418,1081905,53100.33,1053971,"(B) Regional Rural Bank","2017-09-27"
"Canara Bank",4579123,2110107,6689230,182994.34,4264121,"(A) Public Sector Banks","2017-10-04"
"Canara Bank",642523,439442,1081965,53100.39,1054027,"(B) Regional Rural Bank","2017-10-04"
"Canara Bank",4578125,2121746,6699871,182384.61,4266359,"(A) Public Sector Banks","2017-10-11"
"Canara Bank",642574,439466,1082040,52805.84,1054084,"(B) Regional Rural Bank","2017-10-11"
"Canara Bank",4587784,2119238,6707022,180738.67,4268330,"(A) Public Sector Banks","2017-10-18"
"Canara Bank",642068,439520,1081588,52797.79,1054167,"(B) Regional Rural Bank","2017-10-18"
"Canara Bank",4591202,2130327,6721529,180641.63,4271730,"(A) Public Sector Banks","2017-11-01"
"Canara Bank",642776,439617,1082393,52488.91,1054413,"(B) Regional Rural Bank","2017-11-01"
"Canara Bank",4596284,2132731,6729015,182813.85,4273083,"(A) Public Sector Banks","2017-11-08"
"Canara Bank",642824,439681,1082505,52516.77,1054516,"(B) Regional Rural Bank","2017-11-08"
"Canara Bank",4596284,2142077,6738361,183136.75,4274442,"(A) Public Sector Banks","2017-11-15"
"Canara Bank",642849,439718,1082567,52652.64,1054573,"(B) Regional Rural Bank","2017-11-15"
"Canara Bank",4612654,2134518,6747172,182336.11,4276325,"(A) Public Sector Banks","2017-11-22"
"Canara Bank",643141,439923,1083064,52256.06,1055063,"(B) Regional Rural Bank","2017-11-22"
"Canara Bank",4611558,2142092,6753650,181158.72,4277679,"(A) Public Sector Banks","2017-11-29"
"Canara Bank",644942,439973,1084915,52030.76,1056911,"(B) Regional Rural Bank","2017-11-29"
"Canara Bank",4615548,2144077,6759625,183419.43,4278921,"(A) Public Sector Banks","2017-12-06"
"Canara Bank",645121,440093,1085214,52147.27,1057305,"(B) Regional Rural Bank","2017-12-06"
"Canara Bank",4618611,2142684,6761295,185174.26,4276833,"(A) Public Sector Banks","2017-12-13"
"Canara Bank",645263,440189,1085452,52147.42,1057312,"(B) Regional Rural Bank","2017-12-13"
"Canara Bank",4610957,2132099,6743056,186125.63,4259033,"(A) Public Sector Banks","2017-12-20"
"Canara Bank",645314,440203,1085517,52159.97,1057320,"(B) Regional Rural Bank","2017-12-20"
"Canara Bank",4617637,2118954,6736591,185833.02,4257239,"(A) Public Sector Banks","2017-12-27"
"Canara Bank",645514,440229,1085743,53271.34,1057335,"(B) Regional Rural Bank","2017-12-27"
"Canara Bank",4614453,2120758,6735211,188321.97,4249405,"(A) Public Sector Banks","2018-01-03"
"Canara Bank",645664,440287,1085951,53266.21,1057343,"(B) Regional Rural Bank","2018-01-03"
"Canara Bank",4605166,2110582,6715748,190492.6,4241755,"(A) Public Sector Banks","2018-01-10"
"Canara Bank",645716,440301,1086017,53184.68,1057357,"(B) Regional Rural Bank","2018-01-10"
"Canara Bank",4600284,2108117,6708401,189891.49,4238280,"(A) Public Sector Banks","2018-01-17"
"Canara Bank",645776,440328,1086104,53184.99,1057370,"(B) Regional Rural Bank","2018-01-17"
"Canara Bank",4594420,2103795,6698215,189050.32,4231656,"(A) Public Sector Banks","2018-01-24"
"Canara Bank",645804,440337,1086141,53246.14,1057389,"(B) Regional Rural Bank","2018-01-24"
"Canara Bank",4592016,2106337,6698353,190486.31,4232293,"(A) Public Sector Banks","2018-01-31"
"Canara Bank",645834,440366,1086200,53269.77,1057397,"(B) Regional Rural Bank","2018-01-31"
"Canara Bank",4604850,2099731,6704581,193185.63,4232986,"(A) Public Sector Banks","2018-02-07"
"Canara Bank",645871,440389,1086260,53470.71,1057416,"(B) Regional Rural Bank","2018-02-07"
"Canara Bank",4608466,2104194,6712660,193427.78,4233311,"(A) Public Sector Banks","2018-02-14"
"Canara Bank",645943,440425,1086368,53471.32,1057430,"(B) Regional Rural Bank","2018-02-14"
"Canara Bank",4613847,2101903,6715750,192942.97,4233666,"(A) Public Sector Banks","2018-02-21"
"Canara Bank",646003,440452,1086455,53327.04,1057440,"(B) Regional Rural Bank","2018-02-21"
"Canara Bank",4621324,2104686,6726010,195661.79,4235094,"(A) Public Sector Banks","2018-03-07"
"Canara Bank",646083,440512,1086595,53638.69,1057519,"(B) Regional Rural Bank","2018-03-07"
"Canara Bank",4626428,2106797,6733225,196742.47,4236237,"(A) Public Sector Banks","2018-03-14"
"Canara Bank",646139,440540,1086679,53514.67,1057531,"(B) Regional Rural Bank","2018-03-14"
"Canara Bank",4631040,2108862,6739902,197375.93,4238419,"(A) Public Sector Banks","2018-03-21"
"Canara Bank",646180,440567,1086747,53581.4,1057564,"(B) Regional Rural Bank","2018-03-21"
"Canara Bank",4907698,2230856,7138554,203924.65,4240365,"(A) Public Sector Banks","2018-03-28"
"Canara Bank",646208,440590,1086798,53923.71,1057582,"(B) Regional Rural Bank","2018-03-28"
"Canara Bank",4637642,2112623,6750265,205460.8,4241939,"(A) Public Sector Banks","2018-04-04"
"Canara Bank",646315,440692,1087007,54795.13,1057684,"(B) Regional Rural Bank","2018-04-04"
"Canara Bank",4642658,2114382,6757040,204942.76,4243587,"(A) Public Sector Banks","2018-04-11"
"Canara Bank",646356,440716,1087072,52992.48,1057702,"(B) Regional Rural Bank","2018-04-11"
"Canara Bank",4650212,2119963,6770175,205870.8,4244583,"(A) Public Sector Banks","2018-04-18"
"Canara Bank",646392,440732,1087124,55284.28,1057713,"(B) Regional Rural Bank","2018-04-18"
"Canara Bank",4655456,2121309,6776765,202876.85,4244241,"(A) Public Sector Banks","2018-04-25"
"Canara Bank",646441,440766,1087207,54517.12,1057723,"(B) Regional Rural Bank","2018-04-25"
"Canara Bank",4656170,2117717,6773887,203687.62,4244057,"(A) Public Sector Banks","2018-05-02"
"Canara Bank",646540,440836,1087376,54566.02,1057783,"(B) Regional Rural Bank","2018-05-02"
"Canara Bank",4663273,2119299,6782572,204336.43,4243845,"(A) Public Sector Banks","2018-05-09"
"Canara Bank",646601,440903,1087504,54566.06,1057832,"(B) Regional Rural Bank","2018-05-09"
"Canara Bank",4673628,2121940,6795568,202040.69,4243932,"(A) Public Sector Banks","2018-05-23"
"Canara Bank",646792,441021,1087813,54049.86,1057874,"(B) Regional Rural Bank","2018-05-23"
"Canara Bank",4677377,2123232,6800609,202377.41,4244084,"(A) Public Sector Banks","2018-05-30"
"Canara Bank",646878,432970,1079848,53944.49,1058311,"(B) Regional Rural Bank","2018-05-30"
"Canara Bank",4682514,2125023,6807537,203302.69,4244478,"(A) Public Sector Banks","2018-06-06"
"Canara Bank",646948,433013,1079961,54070.12,1058350,"(B) Regional Rural Bank","2018-06-06"
"Canara Bank",4690891,2146953,6837844,204342.34,4263339,"(A) Public Sector Banks","2018-06-13"
"Canara Bank",647156,441241,1088397,53932,1060373,"(B) Regional Rural Bank","2018-06-13"
"Canara Bank",4693170,2128658,6821828,202704.15,4245648,"(A) Public Sector Banks","2018-06-20"
"Canara Bank",647238,441293,1088531,53949.9,1060464,"(B) Regional Rural Bank","2018-06-20"
"Canara Bank",4698375,2130878,6829253,201922.66,4246383,"(A) Public Sector Banks","2018-06-27"
"Canara Bank",647366,441326,1088692,53906.28,1060596,"(B) Regional Rural Bank","2018-06-27"
"Canara Bank",4704904,2133803,6838707,203010.61,4247629,"(A) Public Sector Banks","2018-07-04"
"Canara Bank",647503,441434,1088937,53907.16,1060832,"(B) Regional Rural Bank","2018-07-04"
"Canara Bank",4717814,2138085,6855899,204143.32,4248330,"(A) Public Sector Banks","2018-07-18"
"Canara Bank",647500,441439,1088939,54207.57,1060684,"(B) Regional Rural Bank","2018-07-18"
"Canara Bank",4730755,2141779,6872534,205952.21,4249172,"(A) Public Sector Banks","2018-08-01"
"Canara Bank",648085,441774,1089859,54152.95,1060827,"(B) Regional Rural Bank","2018-08-01"
"Canara Bank",4737294,2144364,6881658,208405.25,4249859,"(A) Public Sector Banks","2018-08-08"
"Canara Bank",648324,441967,1090291,54464.32,1060963,"(B) Regional Rural Bank","2018-08-08"
"Canara Bank",4741317,2146291,6887608,207466.3,4250290,"(A) Public Sector Banks","2018-08-15"
"Canara Bank",651077,443906,1094983,54217.31,1066699,"(B) Regional Rural Bank","2018-08-15"
"Canara Bank",4746854,2148918,6895772,205963.36,4250668,"(A) Public Sector Banks","2018-08-22"
"Canara Bank",652429,444506,1096935,54223.65,1068639,"(B) Regional Rural Bank","2018-08-22"
"Canara Bank",4751931,2151284,6903215,206597.77,4250893,"(A) Public Sector Banks","2018-08-29"
"Canara Bank",652723,444553,1097276,54215.36,1068679,"(B) Regional Rural Bank","2018-08-29"
"Canara Bank",4757551,2153728,6911279,210316.98,4251146,"(A) Public Sector Banks","2018-09-05"
"Canara Bank",653593,445163,1098756,55537.94,1070401,"(B) Regional Rural Bank","2018-09-05"
"Canara Bank",4760930,2154929,6915859,214556.87,4250931,"(A) Public Sector Banks","2018-09-12"
"Canara Bank",654042,445445,1099487,55542.32,1071099,"(B) Regional Rural Bank","2018-09-12"
"Canara Bank",4765344,2156289,6921633,213434.85,4250198,"(A) Public Sector Banks","2018-09-19"
"Canara Bank",654643,445503,1100146,55488.4,1071706,"(B) Regional Rural Bank","2018-09-19"
"Canara Bank",4768400,2155699,6924099,212368.5,4248424,"(A) Public Sector Banks","2018-09-26"
"Canara Bank",654871,445684,1100555,55269.42,1072097,"(B) Regional Rural Bank","2018-09-26"
"Canara Bank",4772448,2157249,6929697,209524.08,4248375,"(A) Public Sector Banks","2018-10-03"
"Canara Bank",655194,445898,1101092,54639.82,1072613,"(B) Regional Rural Bank","2018-10-03"
"Canara Bank",4781944,2180545,6962489,212575.62,4267820,"(A) Public Sector Banks","2018-10-10"
"Canara Bank",655455,446079,1101534,54614.99,1073029,"(B) Regional Rural Bank","2018-10-10"
"Canara Bank",4782828,2161427,6944255,211581.28,4250783,"(A) Public Sector Banks","2018-10-17"
"Canara Bank",655587,446581,1102168,54700.76,1073627,"(B) Regional Rural Bank","2018-10-17"
"Canara Bank",4785450,2162785,6948235,209627.09,4251350,"(A) Public Sector Banks","2018-10-24"
"Canara Bank",655776,446745,1102521,54473.27,1073980,"(B) Regional Rural Bank","2018-10-24"
"Canara Bank",4789357,2164258,6953615,211739.18,4251302,"(A) Public Sector Banks","2018-10-31"
"Canara Bank",656181,447022,1103203,54313.17,1074706,"(B) Regional Rural Bank","2018-10-31"
"Canara Bank",4797172,2184796,6981968,215407.52,4249066,"(A) Public Sector Banks","2018-11-07"
"Canara Bank",656721,447396,1104117,54393.66,1075513,"(B) Regional Rural Bank","2018-11-07"
"Canara Bank",4797087,2166742,6963829,213854.54,4251639,"(A) Public Sector Banks","2018-11-14"
"Canara Bank",656979,447560,1104539,54223.67,1075826,"(B) Regional Rural Bank","2018-11-14"
"Canara Bank",4804205,2168675,6972880,212571.16,4253657,"(A) Public Sector Banks","2018-11-21"
"Canara Bank",657286,447767,1105053,53970.09,1076340,"(B) Regional Rural Bank","2018-11-21"
"Canara Bank",4871816,2191206,7063022,215264.17,4264639,"(A) Public Sector Banks","2018-11-28"
"Canara Bank",657476,447897,1105373,54057.97,1076601,"(B) Regional Rural Bank","2018-11-28"
"Canara Bank",4880449,2193721,7074170,217937.4,4265780,"(A) Public Sector Banks","2018-12-05"
"Canara Bank",657819,448118,1105937,54641.61,1077120,"(B) Regional Rural Bank","2018-12-05"
"Canara Bank",4887976,2196301,7084277,219614.58,4266487,"(A) Public Sector Banks","2018-12-12"
"Canara Bank",658164,448358,1106522,54563.31,1077632,"(B) Regional Rural Bank","2018-12-12"
"Canara Bank",4895893,2199277,7095170,219821.01,4266423,"(A) Public Sector Banks","2018-12-19"
"Canara Bank",658413,448533,1106946,54563.31,1078056,"(B) Regional Rural Bank","2018-12-19"
"Canara Bank",4898725,2200486,7099211,220059.9,4265429,"(A) Public Sector Banks","2018-12-26"
"Canara Bank",792411,477955,1270366,55950.51,1241468,"(B) Regional Rural Bank","2018-12-26"
"Canara Bank",4904120,2202830,7106950,221723.06,4262441,"(A) Public Sector Banks","2019-01-02"
"Canara Bank",794171,478573,1272744,57167.08,1243846,"(B) Regional Rural Bank","2019-01-02"
"Canara Bank",4918507,2207880,7126387,223740.17,4263844,"(A) Public Sector Banks","2019-01-16"
"Canara Bank",797897,479410,1277307,56857.87,1248377,"(B) Regional Rural Bank","2019-01-16"
"Canara Bank",4926470,2210781,7137251,222981.31,4265915,"(A) Public Sector Banks","2019-01-23"
"Canara Bank",810214,484980,1295194,56967.28,1264716,"(B) Regional Rural Bank","2019-01-23"
