Bank Name / Type,Number of Beneficiaries at rural/semiurban centre bank branches,Number of Beneficiaries at urban metro centre bank branches,Number of Total Beneficiaries,Deposits in Accounts(In lac),Number of Rupay Debit Cards issued to beneficiaries,level,date
"Corporation Bank",507510,462572,970082,725.97,431146,"(A) Public Sector Banks","2014-09-24"
"Corporation Bank",538282,501695,1039977,0,506181,"(A) Public Sector Banks","2014-10-15"
"Corporation Bank",568489,527612,1096101,323.86,531542,"(A) Public Sector Banks","2014-10-22"
"Corporation Bank",588869,549513,1138382,8667.15,548370,"(A) Public Sector Banks","2014-10-29"
"Corporation Bank",608838,573178,1182016,7944.67,566873,"(A) Public Sector Banks","2014-11-05"
"Corporation Bank",629475,595137,1224612,20013.1,584957,"(A) Public Sector Banks","2014-11-12"
"Corporation Bank",657018,626831,1283849,21103.32,607422,"(A) Public Sector Banks","2014-11-19"
"Corporation Bank",678413,652323,1330736,21625.72,623493,"(A) Public Sector Banks","2014-11-26"
"Corporation Bank",701100,674565,1375665,21881.96,228628,"(A) Public Sector Banks","2014-12-03"
"Corporation Bank",727225,701710,1428935,21927.44,991440,"(A) Public Sector Banks","2014-12-10"
"Corporation Bank",750882,729394,1480276,22764.2,1390461,"(A) Public Sector Banks","2014-12-17"
"Corporation Bank",785858,771337,1557195,22919.28,1474342,"(A) Public Sector Banks","2014-12-24"
"Corporation Bank",807774,795438,1603212,23075.45,1509696,"(A) Public Sector Banks","2014-12-31"
"Corporation Bank",839969,830056,1670025,24308.17,1553993,"(A) Public Sector Banks","2015-01-07"
"Corporation Bank",865391,860403,1725794,25286.53,1585901,"(A) Public Sector Banks","2015-01-14"
"Corporation Bank",914499,923616,1838115,27190.53,1692988,"(A) Public Sector Banks","2015-01-28"
"Corporation Bank",945625,954480,1900105,27924.72,1791591,"(A) Public Sector Banks","2015-02-04"
"Corporation Bank",959545,970223,1929768,30969.76,1814431,"(A) Public Sector Banks","2015-02-11"
"Corporation Bank",971935,986592,1958527,32523.14,1846387,"(A) Public Sector Banks","2015-02-18"
"Corporation Bank",987140,1005516,1992656,33423.82,1879548,"(A) Public Sector Banks","2015-02-25"
"Corporation Bank",1001227,1020198,2021425,34766.61,1914885,"(A) Public Sector Banks","2015-03-04"
"Corporation Bank",1011110,1028523,2039633,36574.35,1941795,"(A) Public Sector Banks","2015-03-11"
"Corporation Bank",1029098,1047145,2076243,38835.04,2005900,"(A) Public Sector Banks","2015-03-18"
"Corporation Bank",1042707,1060619,2103326,40030.37,2018564,"(A) Public Sector Banks","2015-03-25"
"Corporation Bank",1049594,1067159,2116753,44951.97,2053354,"(A) Public Sector Banks","2015-04-01"
"Corporation Bank",1055669,1073060,2128729,44951.97,2070982,"(A) Public Sector Banks","2015-04-08"
"Corporation Bank",1062852,1079860,2142712,44460.97,2090802,"(A) Public Sector Banks","2015-04-15"
"Corporation Bank",1071213,1087795,2159008,44099.7,2100577,"(A) Public Sector Banks","2015-04-22"
"Corporation Bank",1077879,1092961,2170840,44825.44,2112366,"(A) Public Sector Banks","2015-04-29"
"Corporation Bank",1084492,1098940,2183432,45346.47,2127234,"(A) Public Sector Banks","2015-05-06"
"Corporation Bank",1092257,1105732,2197989,47356.2,2142458,"(A) Public Sector Banks","2015-05-13"
"Corporation Bank",1100002,1112666,2212668,48187.91,2157442,"(A) Public Sector Banks","2015-05-20"
"Corporation Bank",1113557,1126683,2240240,48930.19,2184597,"(A) Public Sector Banks","2015-06-03"
"Corporation Bank",1120507,1134013,2254520,50215.25,2196206,"(A) Public Sector Banks","2015-06-10"
"Corporation Bank",1129112,1142698,2271810,51356.52,2230293,"(A) Public Sector Banks","2015-06-17"
"Corporation Bank",1137549,1150043,2287592,52688.56,2247342,"(A) Public Sector Banks","2015-06-24"
"Corporation Bank",1144287,1157026,2301313,53577.53,2270719,"(A) Public Sector Banks","2015-07-01"
"Corporation Bank",1162737,1175953,2338690,57123.35,2298264,"(A) Public Sector Banks","2015-07-08"
"Corporation Bank",1173025,1184279,2357304,57708.05,2328228,"(A) Public Sector Banks","2015-07-15"
"Corporation Bank",1181881,1191054,2372935,57067.77,2348177,"(A) Public Sector Banks","2015-07-22"
"Corporation Bank",1189890,1197305,2387195,57504.03,2354854,"(A) Public Sector Banks","2015-07-29"
"Corporation Bank",1197516,1203817,2401333,57764.55,2363118,"(A) Public Sector Banks","2015-08-05"
"Corporation Bank",1204656,1210820,2415476,57837.94,2381808,"(A) Public Sector Banks","2015-08-12"
"Corporation Bank",1210329,1216601,2426930,58511.41,2393698,"(A) Public Sector Banks","2015-08-19"
"Corporation Bank",1217307,1223357,2440664,59692.82,2409611,"(A) Public Sector Banks","2015-08-26"
"Corporation Bank",1222956,1228936,2451892,59753.89,2419911,"(A) Public Sector Banks","2015-09-02"
"Corporation Bank",1230066,1234885,2464951,60723.24,2427145,"(A) Public Sector Banks","2015-09-09"
"Corporation Bank",1234538,1239209,2473747,61995.83,2439319,"(A) Public Sector Banks","2015-09-16"
"Corporation Bank",1240553,1245765,2486318,61781.19,2450972,"(A) Public Sector Banks","2015-09-23"
"Corporation Bank",1252144,1259689,2511833,66104.88,2471380,"(A) Public Sector Banks","2015-10-07"
"Corporation Bank",1255058,1262982,2518040,65129.83,2476960,"(A) Public Sector Banks","2015-10-14"
"Corporation Bank",1257425,1264668,2522093,65714.78,2480465,"(A) Public Sector Banks","2015-10-21"
"Corporation Bank",1261844,1268153,2529997,64199.45,2488255,"(A) Public Sector Banks","2015-10-28"
"Corporation Bank",1264013,1269593,2533606,64667.06,2491085,"(A) Public Sector Banks","2015-11-04"
"Corporation Bank",1265118,1270326,2535444,66132.78,2493566,"(A) Public Sector Banks","2015-11-11"
"Corporation Bank",1266106,1270950,2537056,65271.7,2493590,"(A) Public Sector Banks","2015-11-18"
"Corporation Bank",1267711,1272038,2539749,66091.31,2494613,"(A) Public Sector Banks","2015-11-25"
"Corporation Bank",1269090,1273191,2542281,64892.19,2498694,"(A) Public Sector Banks","2015-12-02"
"Corporation Bank",1270960,1274694,2545654,66239.53,2502003,"(A) Public Sector Banks","2015-12-09"
"Corporation Bank",1273009,1276219,2549228,66932.53,2504356,"(A) Public Sector Banks","2015-12-16"
"Corporation Bank",1274467,1277897,2552364,67453.66,2507467,"(A) Public Sector Banks","2015-12-23"
"Corporation Bank",1276146,1279281,2555427,66396.93,2510454,"(A) Public Sector Banks","2015-12-30"
"Corporation Bank",1278002,1281184,2559186,68848.51,2513876,"(A) Public Sector Banks","2016-01-06"
"Corporation Bank",1279546,1282652,2562198,67843.02,2516530,"(A) Public Sector Banks","2016-01-13"
"Corporation Bank",1281317,1284654,2565971,69492.08,2565971,"(A) Public Sector Banks","2016-01-20"
"Corporation Bank",1282268,1285734,2568002,69528.37,2568002,"(A) Public Sector Banks","2016-01-27"
"Corporation Bank",1285629,1289402,2575031,72759.67,2526931,"(A) Public Sector Banks","2016-02-10"
"Corporation Bank",1287450,1291022,2578472,72113.3,2530047,"(A) Public Sector Banks","2016-02-17"
"Corporation Bank",1289384,1292279,2581663,72798,2532916,"(A) Public Sector Banks","2016-02-24"
"Corporation Bank",1290810,1293236,2584046,71775.49,2535074,"(A) Public Sector Banks","2016-03-02"
"Corporation Bank",1292009,1294216,2586225,73548.65,2536833,"(A) Public Sector Banks","2016-03-09"
"Corporation Bank",1293025,1295099,2588124,74429.11,2538557,"(A) Public Sector Banks","2016-03-16"
"Corporation Bank",1294551,1296056,2590607,74408.1,2541003,"(A) Public Sector Banks","2016-03-23"
"Corporation Bank",1295306,1296581,2591887,74146.18,2542162,"(A) Public Sector Banks","2016-03-30"
"Corporation Bank",1296769,1297178,2593947,74963.08,2544027,"(A) Public Sector Banks","2016-04-06"
"Corporation Bank",1297661,1297839,2595500,73371.56,2546474,"(A) Public Sector Banks","2016-04-13"
"Corporation Bank",1297539,1297694,2595233,73068.83,2544813,"(A) Public Sector Banks","2016-04-20"
"Corporation Bank",1298281,1297399,2595680,72046.09,2547519,"(A) Public Sector Banks","2016-04-27"
"Corporation Bank",1299310,1298771,2598081,72743.8,2550225,"(A) Public Sector Banks","2016-05-04"
"Corporation Bank",1300401,1299884,2600285,74976.33,2552702,"(A) Public Sector Banks","2016-05-11"
"Corporation Bank",1300904,1300736,2601640,74353.34,2554013,"(A) Public Sector Banks","2016-05-18"
"Corporation Bank",1302088,1301245,2603333,74771.69,2555387,"(A) Public Sector Banks","2016-05-25"
"Corporation Bank",1302614,1301775,2604389,73945.94,2555886,"(A) Public Sector Banks","2016-06-01"
"Corporation Bank",888475,891050,1779525,26150.91,1640978,"(A) Public Sector Banks","2015-01-21"
"Corporation Bank",1107264,1119501,2226765,48451.68,2170213,"(A) Public Sector Banks","2015-05-27"
"Corporation Bank",1246164,1251632,2497796,62628.22,2461041,"(A) Public Sector Banks","2015-09-30"
"Corporation Bank",1283863,1287629,2571492,69195.39,2571492,"(A) Public Sector Banks","2016-02-03"
"Corporation Bank",1304123,1302151,2606274,75021.8,2557153,"(A) Public Sector Banks","2016-06-08"
"Corporation Bank",1345099,1334706,2679805,77616.79,2580862,"(A) Public Sector Banks","2016-10-12"
"Corporation Bank",1371770,1361250,2733020,115939.61,2600138,"(A) Public Sector Banks","2017-02-15"
"Corporation Bank",1362541,1339891,2702432,103328.07,2549210,"(A) Public Sector Banks","2017-06-21"
"Corporation Bank",1366507,1343984,2710491,101663.89,2569144,"(A) Public Sector Banks","2017-10-25"
"Corporation Bank",1364285,1350376,2714661,103967.17,2570178,"(A) Public Sector Banks","2018-02-28"
"Corporation Bank",1366937,1347680,2714617,107000.95,2575659,"(A) Public Sector Banks","2018-07-11"
"Corporation Bank",1306158,1304286,2610444,74573.47,2557843,"(A) Public Sector Banks","2016-06-15"
"Corporation Bank",1308046,1305334,2613380,76529.76,2558786,"(A) Public Sector Banks","2016-06-22"
"Corporation Bank",1309951,1306432,2616383,75999.81,2559700,"(A) Public Sector Banks","2016-06-29"
"Corporation Bank",1312036,1307700,2619736,75652.82,2560696,"(A) Public Sector Banks","2016-07-06"
"Corporation Bank",1314053,1308848,2622901,64545.23,2562962,"(A) Public Sector Banks","2016-07-13"
"Corporation Bank",1317424,1310819,2628243,75746.34,2564652,"(A) Public Sector Banks","2016-07-20"
"Corporation Bank",1320623,1313761,2634384,75112.02,2566580,"(A) Public Sector Banks","2016-07-27"
"Corporation Bank",1323801,1315887,2639688,75475.66,2568214,"(A) Public Sector Banks","2016-08-03"
"Corporation Bank",1328969,1318771,2647740,77108.74,2570800,"(A) Public Sector Banks","2016-08-10"
"Corporation Bank",1331137,1320641,2651778,76780.77,2572068,"(A) Public Sector Banks","2016-08-17"
"Corporation Bank",1333754,1323105,2656859,75928.93,2573820,"(A) Public Sector Banks","2016-08-24"
"Corporation Bank",1335405,1325126,2660531,75827.39,2574920,"(A) Public Sector Banks","2016-08-31"
"Corporation Bank",1336917,1326584,2663501,76058.93,2575808,"(A) Public Sector Banks","2016-09-07"
"Corporation Bank",1338121,1327992,2666113,76491.31,2576609,"(A) Public Sector Banks","2016-09-14"
"Corporation Bank",1340124,1330336,2670460,76389.64,2577958,"(A) Public Sector Banks","2016-09-21"
"Corporation Bank",1342276,1332297,2674573,76333.89,2579275,"(A) Public Sector Banks","2016-09-28"
"Corporation Bank",1344576,1334288,2678864,76166.2,2580576,"(A) Public Sector Banks","2016-10-05"
"Corporation Bank",1346664,1336038,2682702,77176.74,2581737,"(A) Public Sector Banks","2016-10-19"
"Corporation Bank",1347878,1337345,2685223,76658.85,2582510,"(A) Public Sector Banks","2016-10-26"
"Corporation Bank",1348512,1338026,2686538,76640.03,2582918,"(A) Public Sector Banks","2016-11-02"
"Corporation Bank",1349366,1338743,2688109,77670.51,2583420,"(A) Public Sector Banks","2016-11-09"
"Corporation Bank",1349367,1338943,2688310,99692.38,2583464,"(A) Public Sector Banks","2016-11-16"
"Corporation Bank",1349596,1339345,2688941,138379.08,2583635,"(A) Public Sector Banks","2016-11-23"
"Corporation Bank",1350532,1340043,2690575,144687.47,2584148,"(A) Public Sector Banks","2016-11-30"
"Corporation Bank",1352926,1342518,2695444,143462.96,2585644,"(A) Public Sector Banks","2016-12-07"
"Corporation Bank",1355133,1344466,2699599,141422.4,2586925,"(A) Public Sector Banks","2016-12-14"
"Corporation Bank",1357296,1348278,2705574,138115.51,2589020,"(A) Public Sector Banks","2016-12-21"
"Corporation Bank",1359541,1350627,2710168,134218.62,2590414,"(A) Public Sector Banks","2016-12-28"
"Corporation Bank",1361373,1351884,2713257,130307.37,2591432,"(A) Public Sector Banks","2017-01-04"
"Corporation Bank",1364678,1354551,2719229,126460.58,2596445,"(A) Public Sector Banks","2017-01-11"
"Corporation Bank",1366294,1356092,2722386,123963.05,2597069,"(A) Public Sector Banks","2017-01-18"
"Corporation Bank",1367697,1357813,2725510,120937.33,2598168,"(A) Public Sector Banks","2017-01-25"
"Corporation Bank",1368465,1358642,2727107,117964.27,2598553,"(A) Public Sector Banks","2017-02-01"
"Corporation Bank",1370654,1359797,2730451,117193.15,2599443,"(A) Public Sector Banks","2017-02-08"
"Corporation Bank",1373322,1361709,2735031,112699.98,2600680,"(A) Public Sector Banks","2017-02-22"
"Corporation Bank",1373871,1362044,2735915,109809.14,2600919,"(A) Public Sector Banks","2017-03-01"
"Corporation Bank",1375415,1362052,2737467,107028.88,2600932,"(A) Public Sector Banks","2017-03-08"
"Corporation Bank",1374718,1361450,2736168,107139.14,2601730,"(A) Public Sector Banks","2017-03-15"
"Corporation Bank",1374646,1361217,2735863,105724.19,2601725,"(A) Public Sector Banks","2017-03-22"
"Corporation Bank",1373742,1360061,2733803,105174.57,2603355,"(A) Public Sector Banks","2017-03-29"
"Corporation Bank",1363856,1351375,2715231,96555.94,2594105,"(A) Public Sector Banks","2017-04-05"
"Corporation Bank",1364151,1351629,2715780,96606.15,2576153,"(A) Public Sector Banks","2017-04-12"
"Corporation Bank",1364566,1352230,2716796,101220.47,2576346,"(A) Public Sector Banks","2017-04-19"
"Corporation Bank",1364644,1352276,2716920,97392.07,2576642,"(A) Public Sector Banks","2017-04-26"
"Corporation Bank",1362184,1346436,2708620,97392.06,2591360,"(A) Public Sector Banks","2017-05-03"
"Corporation Bank",1351903,1428856,2780759,96898.73,2597549,"(A) Public Sector Banks","2017-05-10"
"Corporation Bank",1351903,1428856,2780759,88341.62,2619871,"(A) Public Sector Banks","2017-05-17"
"Corporation Bank",1338548,1414863,2753411,88278.72,2619871,"(A) Public Sector Banks","2017-05-24"
"Corporation Bank",1329299,1405179,2734478,103337.7,2611411,"(A) Public Sector Banks","2017-05-31"
"Corporation Bank",1363410,1343292,2706702,104139.65,2553549,"(A) Public Sector Banks","2017-06-07"
"Corporation Bank",1362934,1340557,2703491,104041.16,2553549,"(A) Public Sector Banks","2017-06-14"
"Corporation Bank",1362098,1338948,2701046,102029.23,2548086,"(A) Public Sector Banks","2017-06-28"
"Corporation Bank",1361847,1338128,2699975,102217.98,2547345,"(A) Public Sector Banks","2017-07-05"
"Corporation Bank",1362147,1338268,2700415,102047.31,2547210,"(A) Public Sector Banks","2017-07-12"
"Corporation Bank",1362671,1338573,2701244,101422.55,2549579,"(A) Public Sector Banks","2017-07-19"
"Corporation Bank",1363236,1338894,2702130,100156.27,2550956,"(A) Public Sector Banks","2017-07-26"
"Corporation Bank",1363748,1339192,2702940,99839.21,2560267,"(A) Public Sector Banks","2017-08-02"
"Corporation Bank",1363450,1339205,2702655,101571.91,2562066,"(A) Public Sector Banks","2017-08-09"
"Corporation Bank",1363738,1339646,2703384,101578.47,2563502,"(A) Public Sector Banks","2017-08-16"
"Corporation Bank",1364246,1340593,2704839,101582.38,2564772,"(A) Public Sector Banks","2017-08-23"
"Corporation Bank",1364760,1341638,2706398,101583.29,2565398,"(A) Public Sector Banks","2017-08-30"
"Corporation Bank",1365351,1342287,2707638,101587.7,2566001,"(A) Public Sector Banks","2017-09-06"
"Corporation Bank",1365740,1342649,2708389,101604.46,2566443,"(A) Public Sector Banks","2017-09-13"
"Corporation Bank",1365740,1343984,2709724,101607.93,2566617,"(A) Public Sector Banks","2017-09-20"
"Corporation Bank",1365740,1343984,2709724,101635.98,2567035,"(A) Public Sector Banks","2017-09-27"
"Corporation Bank",1365740,1343984,2709724,101655.94,2568342,"(A) Public Sector Banks","2017-10-04"
"Corporation Bank",1366507,1343984,2710491,101663.89,2568879,"(A) Public Sector Banks","2017-10-11"
"Corporation Bank",1366507,1343984,2710491,101663.89,2568879,"(A) Public Sector Banks","2017-10-18"
"Corporation Bank",1366507,1343984,2710491,101663.89,2569425,"(A) Public Sector Banks","2017-11-01"
"Corporation Bank",1366507,1343984,2710491,101663.89,2569568,"(A) Public Sector Banks","2017-11-08"
"Corporation Bank",1366326,1344165,2710491,101422.55,2569924,"(A) Public Sector Banks","2017-11-15"
"Corporation Bank",1366326,1344165,2710491,101422.55,2569965,"(A) Public Sector Banks","2017-11-22"
"Corporation Bank",1366326,1344165,2710491,101422.55,2570324,"(A) Public Sector Banks","2017-11-29"
"Corporation Bank",1366326,1344165,2710491,101422.55,2571005,"(A) Public Sector Banks","2017-12-06"
"Corporation Bank",1366326,1344165,2710491,101422.55,2571582,"(A) Public Sector Banks","2017-12-13"
"Corporation Bank",1366326,1344165,2710491,101422.55,2571934,"(A) Public Sector Banks","2017-12-20"
"Corporation Bank",1366326,1344165,2710491,101422.55,2572358,"(A) Public Sector Banks","2017-12-27"
"Corporation Bank",1366326,1344165,2710491,101422.55,2572731,"(A) Public Sector Banks","2018-01-03"
"Corporation Bank",1366326,1344165,2710491,101422.55,2574447,"(A) Public Sector Banks","2018-01-10"
"Corporation Bank",1366326,1344165,2710491,101422.55,2574663,"(A) Public Sector Banks","2018-01-17"
"Corporation Bank",1366326,1344165,2710491,101422.55,2574663,"(A) Public Sector Banks","2018-01-24"
"Corporation Bank",1575158,1130008,2705166,103405.51,2566936,"(A) Public Sector Banks","2018-01-31"
"Corporation Bank",1575158,1130008,2705166,103405.51,2566936,"(A) Public Sector Banks","2018-02-07"
"Corporation Bank",1575158,1130008,2705166,103405.51,2568608,"(A) Public Sector Banks","2018-02-14"
"Corporation Bank",1575158,1130008,2705166,103408.46,2570132,"(A) Public Sector Banks","2018-02-21"
"Corporation Bank",1364285,1350376,2714661,104767.33,2570283,"(A) Public Sector Banks","2018-03-07"
"Corporation Bank",1364342,1350391,2714733,105917.73,2570283,"(A) Public Sector Banks","2018-03-14"
"Corporation Bank",1364294,1350369,2714663,105667.83,2570283,"(A) Public Sector Banks","2018-03-21"
"Corporation Bank",1363542,1350431,2713973,105294,2570283,"(A) Public Sector Banks","2018-03-28"
"Corporation Bank",1363437,1350175,2713612,105970.78,2570283,"(A) Public Sector Banks","2018-04-04"
"Corporation Bank",1363318,1350170,2713488,106547.82,2570283,"(A) Public Sector Banks","2018-04-11"
"Corporation Bank",1363136,1350170,2713306,107291.59,2570283,"(A) Public Sector Banks","2018-04-18"
"Corporation Bank",1363136,1350170,2713306,106713.37,2570283,"(A) Public Sector Banks","2018-04-25"
"Corporation Bank",1362930,1350764,2713694,106193.11,2570502,"(A) Public Sector Banks","2018-05-02"
"Corporation Bank",1362930,1350764,2713694,106193.11,2570502,"(A) Public Sector Banks","2018-05-09"
"Corporation Bank",1362494,1352812,2715306,108019.67,2571917,"(A) Public Sector Banks","2018-05-23"
"Corporation Bank",1367639,1347627,2715266,107280.71,2575831,"(A) Public Sector Banks","2018-05-30"
"Corporation Bank",1367491,1347661,2715152,107340.03,2575831,"(A) Public Sector Banks","2018-06-06"
"Corporation Bank",1367340,1347611,2714951,108352.44,2575773,"(A) Public Sector Banks","2018-06-13"
"Corporation Bank",1367178,1347574,2714752,107679.77,2575740,"(A) Public Sector Banks","2018-06-20"
"Corporation Bank",1367067,1347561,2714628,107062.02,2575708,"(A) Public Sector Banks","2018-06-27"
"Corporation Bank",1366937,1347680,2714617,107000.95,2575659,"(A) Public Sector Banks","2018-07-04"
"Corporation Bank",1366682,1348328,2715010,107241.66,2575574,"(A) Public Sector Banks","2018-07-18"
"Corporation Bank",1370571,1348353,2718924,106245.49,2575476,"(A) Public Sector Banks","2018-08-01"
"Corporation Bank",1370525,1349117,2719642,107468.27,2575440,"(A) Public Sector Banks","2018-08-08"
"Corporation Bank",1370532,1349117,2719649,107468.52,2575434,"(A) Public Sector Banks","2018-08-15"
"Corporation Bank",1370532,1349117,2719649,107468.52,2575434,"(A) Public Sector Banks","2018-08-22"
"Corporation Bank",1370205,1351923,2722128,107819.04,2575323,"(A) Public Sector Banks","2018-08-29"
"Corporation Bank",1370037,1352671,2722708,107786.03,2575323,"(A) Public Sector Banks","2018-09-05"
"Corporation Bank",1369896,1353228,2723124,108874.63,2575323,"(A) Public Sector Banks","2018-09-12"
"Corporation Bank",1369799,1353605,2723404,108357.82,2575323,"(A) Public Sector Banks","2018-09-19"
"Corporation Bank",1369799,1353605,2723404,108357.82,2575323,"(A) Public Sector Banks","2018-09-26"
"Corporation Bank",1369675,1354102,2723777,108124.76,2575323,"(A) Public Sector Banks","2018-10-03"
"Corporation Bank",1369453,1355058,2724511,108562.06,2575402,"(A) Public Sector Banks","2018-10-10"
"Corporation Bank",1369292,1355918,2725210,108751.91,2575516,"(A) Public Sector Banks","2018-10-17"
"Corporation Bank",1369220,1356223,2725443,108113.17,2575699,"(A) Public Sector Banks","2018-10-24"
"Corporation Bank",1381222,1369188,2750410,107741.11,2594974,"(A) Public Sector Banks","2018-10-31"
"Corporation Bank",1381222,1369188,2750410,107741.11,2594974,"(A) Public Sector Banks","2018-11-07"
"Corporation Bank",1381222,1369188,2750410,107741.11,2594974,"(A) Public Sector Banks","2018-11-14"
"Corporation Bank",1401091,1397758,2798849,107741.11,2615794,"(A) Public Sector Banks","2018-11-21"
"Corporation Bank",1379422,1451173,2830595,109594.59,2634232,"(A) Public Sector Banks","2018-11-28"
"Corporation Bank",1390146,1490737,2880883,110409.09,2648015,"(A) Public Sector Banks","2018-12-05"
"Corporation Bank",1426883,1529397,2956280,112370.33,2662129,"(A) Public Sector Banks","2018-12-12"
"Corporation Bank",1426883,1529397,2956280,112370.33,2662129,"(A) Public Sector Banks","2018-12-19"
"Corporation Bank",1426627,1530267,2956894,112255.19,2667767,"(A) Public Sector Banks","2018-12-26"
"Corporation Bank",1426627,1530267,2956894,112255.19,2667767,"(A) Public Sector Banks","2019-01-02"
"Corporation Bank",1462859,1541950,3004809,112685.64,2686439,"(A) Public Sector Banks","2019-01-16"
"Corporation Bank",1462859,1541950,3004809,112685.64,2686439,"(A) Public Sector Banks","2019-01-23"
