Bank Name / Type,Number of Beneficiaries at rural/semiurban centre bank branches,Number of Beneficiaries at urban metro centre bank branches,Number of Total Beneficiaries,Deposits in Accounts(In lac),Number of Rupay Debit Cards issued to beneficiaries,level,date
"HDFC Bank Ltd",58630,258251,316881,804.46,20746,"(C) Major Private Banks","2014-09-24"
"HDFC Bank Ltd",85530,381491,467021,209.62,54451,"(C) Major Private Banks","2014-10-15"
"HDFC Bank Ltd",94632,424679,519311,206.42,84672,"(C) Major Private Banks","2014-10-22"
"HDFC Bank Ltd",101017,446653,547670,11364.97,92141,"(C) Major Private Banks","2014-10-29"
"HDFC Bank Ltd",108279,462788,571067,13559.72,101904,"(C) Major Private Banks","2014-11-05"
"HDFC Bank Ltd",113965,476428,590393,21269.22,109344,"(C) Major Private Banks","2014-11-12"
"HDFC Bank Ltd",120653,492744,613397,21879.93,118521,"(C) Major Private Banks","2014-11-19"
"HDFC Bank Ltd",122556,499496,622052,20346.47,342647,"(C) Major Private Banks","2014-11-26"
"HDFC Bank Ltd",125556,509297,634853,20695.32,394544,"(C) Major Private Banks","2014-12-03"
"HDFC Bank Ltd",128276,517204,645480,21538.62,583893,"(C) Major Private Banks","2014-12-10"
"HDFC Bank Ltd",133558,536869,670427,24549.31,625812,"(C) Major Private Banks","2014-12-17"
"HDFC Bank Ltd",141376,581374,722750,25955.71,698927,"(C) Major Private Banks","2014-12-24"
"HDFC Bank Ltd",146362,616748,763110,29089.51,739286,"(C) Major Private Banks","2014-12-31"
"HDFC Bank Ltd",149464,630493,779957,27671.56,756133,"(C) Major Private Banks","2015-01-07"
"HDFC Bank Ltd",157039,670424,827463,26675.32,826785,"(C) Major Private Banks","2015-01-14"
"HDFC Bank Ltd",168720,749373,918093,28035.24,917415,"(C) Major Private Banks","2015-01-28"
"HDFC Bank Ltd",172213,772008,944221,33516.54,943543,"(C) Major Private Banks","2015-02-04"
"HDFC Bank Ltd",174210,781074,955284,30988.91,954606,"(C) Major Private Banks","2015-02-11"
"HDFC Bank Ltd",188950,858908,1047858,32483.51,1047180,"(C) Major Private Banks","2015-02-18"
"HDFC Bank Ltd",201782,933077,1134859,36056.23,1134181,"(C) Major Private Banks","2015-02-25"
"HDFC Bank Ltd",204209,952569,1156778,36634.65,1156100,"(C) Major Private Banks","2015-03-04"
"HDFC Bank Ltd",206394,966030,1172424,35855.95,1171746,"(C) Major Private Banks","2015-03-11"
"HDFC Bank Ltd",211272,991638,1202910,37581.75,1202232,"(C) Major Private Banks","2015-03-18"
"HDFC Bank Ltd",225526,1083131,1308657,41328.88,1307979,"(C) Major Private Banks","2015-03-25"
"HDFC Bank Ltd",231087,1099665,1330752,42634.24,1330074,"(C) Major Private Banks","2015-04-01"
"HDFC Bank Ltd",233793,1107994,1341787,40195.49,1341109,"(C) Major Private Banks","2015-04-08"
"HDFC Bank Ltd",235238,1109941,1345179,39307.68,1344501,"(C) Major Private Banks","2015-04-15"
"HDFC Bank Ltd",237856,1115976,1353832,38982.46,1353154,"(C) Major Private Banks","2015-04-22"
"HDFC Bank Ltd",240081,1120337,1360418,41368.8,1359740,"(C) Major Private Banks","2015-04-29"
"HDFC Bank Ltd",242092,1124462,1366554,41804.74,1365876,"(C) Major Private Banks","2015-05-06"
"HDFC Bank Ltd",244024,1127340,1371364,41225.12,1370686,"(C) Major Private Banks","2015-05-13"
"HDFC Bank Ltd",258810,1176487,1435297,43283.76,1434619,"(C) Major Private Banks","2015-05-20"
"HDFC Bank Ltd",268225,1197353,1465578,48455.11,1464900,"(C) Major Private Banks","2015-06-03"
"HDFC Bank Ltd",269938,1199452,1469390,49499.32,1468712,"(C) Major Private Banks","2015-06-10"
"HDFC Bank Ltd",272396,1202409,1474805,49531.88,1474127,"(C) Major Private Banks","2015-06-17"
"HDFC Bank Ltd",274199,1204870,1479069,48031.63,1478391,"(C) Major Private Banks","2015-06-24"
"HDFC Bank Ltd",276335,1208426,1484761,48586.07,1484083,"(C) Major Private Banks","2015-07-01"
"HDFC Bank Ltd",277466,1210683,1488149,50353.4,1487471,"(C) Major Private Banks","2015-07-08"
"HDFC Bank Ltd",279244,1213163,1492407,51124.67,1491729,"(C) Major Private Banks","2015-07-15"
"HDFC Bank Ltd",281012,1215643,1496655,50195.7,1495977,"(C) Major Private Banks","2015-07-22"
"HDFC Bank Ltd",282316,1217625,1499941,49278.38,1499263,"(C) Major Private Banks","2015-07-29"
"HDFC Bank Ltd",283333,1219485,1502818,48964.84,1502140,"(C) Major Private Banks","2015-08-05"
"HDFC Bank Ltd",284163,1220984,1505147,50052.99,1504469,"(C) Major Private Banks","2015-08-12"
"HDFC Bank Ltd",284998,1222133,1507131,49301.86,1506453,"(C) Major Private Banks","2015-08-19"
"HDFC Bank Ltd",285924,1223556,1509480,51824.45,1508802,"(C) Major Private Banks","2015-08-26"
"HDFC Bank Ltd",286858,1225245,1512103,51508,1511425,"(C) Major Private Banks","2015-09-02"
"HDFC Bank Ltd",287736,1227338,1515074,50669.37,1514396,"(C) Major Private Banks","2015-09-09"
"HDFC Bank Ltd",288262,1228440,1516702,49816.64,1516024,"(C) Major Private Banks","2015-09-16"
"HDFC Bank Ltd",288872,1229966,1518838,49495.53,1518160,"(C) Major Private Banks","2015-09-23"
"HDFC Bank Ltd",290508,1233313,1523821,50259.44,1523143,"(C) Major Private Banks","2015-10-07"
"HDFC Bank Ltd",290674,1233648,1524322,49397.62,1523644,"(C) Major Private Banks","2015-10-14"
"HDFC Bank Ltd",290923,1234289,1525212,50134.36,1524534,"(C) Major Private Banks","2015-10-21"
"HDFC Bank Ltd",291173,1234911,1526084,48623.92,1525406,"(C) Major Private Banks","2015-10-28"
"HDFC Bank Ltd",291272,1235261,1526533,48430.09,1525855,"(C) Major Private Banks","2015-11-04"
"HDFC Bank Ltd",291508,1235768,1527276,48963.71,1526598,"(C) Major Private Banks","2015-11-11"
"HDFC Bank Ltd",291710,1236144,1527854,48635.1,1527176,"(C) Major Private Banks","2015-11-18"
"HDFC Bank Ltd",291929,1236842,1528771,48292.42,1528093,"(C) Major Private Banks","2015-11-25"
"HDFC Bank Ltd",292172,1237389,1529561,48294.95,1528883,"(C) Major Private Banks","2015-12-02"
"HDFC Bank Ltd",292518,1238081,1530599,48416.44,1529921,"(C) Major Private Banks","2015-12-09"
"HDFC Bank Ltd",292788,1238770,1531558,46288.3,1530880,"(C) Major Private Banks","2015-12-16"
"HDFC Bank Ltd",293153,1239502,1532655,47672.36,1531977,"(C) Major Private Banks","2015-12-23"
"HDFC Bank Ltd",293952,1241207,1535159,47654.77,1534481,"(C) Major Private Banks","2015-12-30"
"HDFC Bank Ltd",294215,1241788,1536003,48414.61,1535325,"(C) Major Private Banks","2016-01-06"
"HDFC Bank Ltd",294506,1242441,1536947,48332.88,1536269,"(C) Major Private Banks","2016-01-13"
"HDFC Bank Ltd",296437,1246849,1543286,49581.39,1542608,"(C) Major Private Banks","2016-01-20"
"HDFC Bank Ltd",297186,1248341,1545527,49696.98,1544849,"(C) Major Private Banks","2016-01-27"
"HDFC Bank Ltd",301676,1258561,1560237,52231.83,1559559,"(C) Major Private Banks","2016-02-10"
"HDFC Bank Ltd",302781,1261104,1563885,52472.75,1563207,"(C) Major Private Banks","2016-02-17"
"HDFC Bank Ltd",304709,1265462,1570171,52769.65,1569493,"(C) Major Private Banks","2016-02-24"
"HDFC Bank Ltd",304769,1270782,1575551,53781.05,1574873,"(C) Major Private Banks","2016-03-02"
"HDFC Bank Ltd",306058,1273564,1579622,54347.2,1578944,"(C) Major Private Banks","2016-03-09"
"HDFC Bank Ltd",307770,1276831,1584601,54864.79,1583923,"(C) Major Private Banks","2016-03-16"
"HDFC Bank Ltd",309479,1279997,1589476,56366.63,1588798,"(C) Major Private Banks","2016-03-23"
"HDFC Bank Ltd",310742,1282892,1593634,56725.55,1592956,"(C) Major Private Banks","2016-03-30"
"HDFC Bank Ltd",312508,1288268,1600776,59143.15,1600098,"(C) Major Private Banks","2016-04-06"
"HDFC Bank Ltd",312599,1289168,1601767,59148.69,1601089,"(C) Major Private Banks","2016-04-13"
"HDFC Bank Ltd",314424,1291476,1605900,59856.07,1605222,"(C) Major Private Banks","2016-04-20"
"HDFC Bank Ltd",316829,1294014,1610843,57216.42,1610165,"(C) Major Private Banks","2016-04-27"
"HDFC Bank Ltd",318968,1296856,1615824,59190.3,1615146,"(C) Major Private Banks","2016-05-04"
"HDFC Bank Ltd",319855,1298573,1618428,61313.43,1617750,"(C) Major Private Banks","2016-05-11"
"HDFC Bank Ltd",319010,1293355,1612365,61291.42,1611691,"(C) Major Private Banks","2016-05-18"
"HDFC Bank Ltd",322027,1301780,1623807,60175.91,1623129,"(C) Major Private Banks","2016-05-25"
"HDFC Bank Ltd",323812,1303991,1627803,60855.18,1627125,"(C) Major Private Banks","2016-06-01"
"HDFC Bank Ltd",160838,698218,859056,26610.5,858378,"(C) Major Private Banks","2015-01-21"
"HDFC Bank Ltd",264602,1189459,1454061,48258.61,1453383,"(C) Major Private Banks","2015-05-27"
"HDFC Bank Ltd",290108,1232597,1522705,49766.78,1522027,"(C) Major Private Banks","2015-09-30"
"HDFC Bank Ltd",299269,1252621,1551890,51277.3,1551212,"(C) Major Private Banks","2016-02-03"
"HDFC Bank Ltd",326997,1308166,1635163,62987.44,1634485,"(C) Major Private Banks","2016-06-08"
"HDFC Bank Ltd",353154,1358514,1711668,69896.24,1710990,"(C) Major Private Banks","2016-10-12"
"HDFC Bank Ltd",326772,1403772,1730544,93817.73,1729866,"(C) Major Private Banks","2017-02-15"
"HDFC Bank Ltd",331010,1435961,1766971,83707.85,1766293,"(C) Major Private Banks","2017-06-21"
"HDFC Bank Ltd",331428,1439282,1770710,79698.78,1770032,"(C) Major Private Banks","2017-10-25"
"HDFC Bank Ltd",331843,1440178,1772021,85242.74,1771343,"(C) Major Private Banks","2018-02-28"
"HDFC Bank Ltd",331975,1440413,1772388,85126.18,1771710,"(C) Major Private Banks","2018-07-11"
"HDFC Bank Ltd",330084,1312890,1642974,61850.79,1642296,"(C) Major Private Banks","2016-06-15"
"HDFC Bank Ltd",332490,1316757,1649247,63176.51,1648569,"(C) Major Private Banks","2016-06-22"
"HDFC Bank Ltd",334758,1322777,1657535,64721.37,1656857,"(C) Major Private Banks","2016-06-29"
"HDFC Bank Ltd",336157,1325694,1661851,66474.5,1661173,"(C) Major Private Banks","2016-07-06"
"HDFC Bank Ltd",337029,1327037,1664066,66345.67,1663388,"(C) Major Private Banks","2016-07-13"
"HDFC Bank Ltd",338964,1331535,1670499,66279.07,1669821,"(C) Major Private Banks","2016-07-20"
"HDFC Bank Ltd",340586,1334442,1675028,66072.85,1674350,"(C) Major Private Banks","2016-07-27"
"HDFC Bank Ltd",342629,1336912,1679541,67197.84,1678863,"(C) Major Private Banks","2016-08-03"
"HDFC Bank Ltd",342483,1340059,1682542,68529.23,1681864,"(C) Major Private Banks","2016-08-10"
"HDFC Bank Ltd",343777,1342099,1685876,69339.96,1685198,"(C) Major Private Banks","2016-08-17"
"HDFC Bank Ltd",345207,1344418,1689625,68372.95,1688947,"(C) Major Private Banks","2016-08-24"
"HDFC Bank Ltd",346722,1346986,1693708,68019.66,1693030,"(C) Major Private Banks","2016-08-31"
"HDFC Bank Ltd",348255,1349694,1697949,69613.8,1697271,"(C) Major Private Banks","2016-09-07"
"HDFC Bank Ltd",349950,1352254,1702204,69882.57,1701526,"(C) Major Private Banks","2016-09-14"
"HDFC Bank Ltd",351077,1354116,1705193,70507.17,1704515,"(C) Major Private Banks","2016-09-21"
"HDFC Bank Ltd",351881,1355445,1707326,69625.25,1706648,"(C) Major Private Banks","2016-09-28"
"HDFC Bank Ltd",352876,1357564,1710440,71298.42,1709762,"(C) Major Private Banks","2016-10-05"
"HDFC Bank Ltd",353544,1359767,1713311,68914.58,1712633,"(C) Major Private Banks","2016-10-19"
"HDFC Bank Ltd",353676,1360418,1714094,68221.67,1713416,"(C) Major Private Banks","2016-10-26"
"HDFC Bank Ltd",354118,1362489,1716607,70792.99,1715929,"(C) Major Private Banks","2016-11-02"
"HDFC Bank Ltd",354302,1363277,1717579,70869.36,1716901,"(C) Major Private Banks","2016-11-09"
"HDFC Bank Ltd",354472,1364616,1719088,93230.55,1718410,"(C) Major Private Banks","2016-11-16"
"HDFC Bank Ltd",354640,1365675,1720315,104661.01,1719637,"(C) Major Private Banks","2016-11-23"
"HDFC Bank Ltd",354706,1366116,1720822,107702.88,1720144,"(C) Major Private Banks","2016-11-30"
"HDFC Bank Ltd",355036,1367577,1722613,111593.16,1721935,"(C) Major Private Banks","2016-12-07"
"HDFC Bank Ltd",355164,1367842,1723006,111598.72,1722328,"(C) Major Private Banks","2016-12-14"
"HDFC Bank Ltd",355414,1368851,1724265,110583.59,1723587,"(C) Major Private Banks","2016-12-21"
"HDFC Bank Ltd",355494,1369295,1724789,109547.54,1724111,"(C) Major Private Banks","2016-12-28"
"HDFC Bank Ltd",355737,1370003,1725740,108855.66,1725062,"(C) Major Private Banks","2017-01-04"
"HDFC Bank Ltd",355873,1370870,1726743,104826.96,1726065,"(C) Major Private Banks","2017-01-11"
"HDFC Bank Ltd",356112,1371643,1727755,103303.6,1727077,"(C) Major Private Banks","2017-01-18"
"HDFC Bank Ltd",356323,1372769,1729092,99953.52,1728414,"(C) Major Private Banks","2017-01-25"
"HDFC Bank Ltd",326578,1402842,1729420,98899.12,1728742,"(C) Major Private Banks","2017-02-01"
"HDFC Bank Ltd",326712,1403498,1730210,96241.14,1729532,"(C) Major Private Banks","2017-02-08"
"HDFC Bank Ltd",326844,1403975,1730819,91088.23,1730141,"(C) Major Private Banks","2017-02-22"
"HDFC Bank Ltd",326928,1404356,1731284,89695.32,1730606,"(C) Major Private Banks","2017-03-01"
"HDFC Bank Ltd",325567,1406457,1732024,88555.74,1731346,"(C) Major Private Banks","2017-03-08"
"HDFC Bank Ltd",325630,1406622,1732252,86639.98,1731574,"(C) Major Private Banks","2017-03-15"
"HDFC Bank Ltd",325763,1406876,1732639,84260.59,1731961,"(C) Major Private Banks","2017-03-22"
"HDFC Bank Ltd",325917,1407222,1733139,82918.39,1732461,"(C) Major Private Banks","2017-03-29"
"HDFC Bank Ltd",326011,1407512,1733523,83805.79,1732845,"(C) Major Private Banks","2017-04-05"
"HDFC Bank Ltd",326046,1407616,1733662,82551.48,1732984,"(C) Major Private Banks","2017-04-12"
"HDFC Bank Ltd",326086,1407736,1733822,81406.87,1733144,"(C) Major Private Banks","2017-04-19"
"HDFC Bank Ltd",326104,1407794,1733898,82463.64,1733220,"(C) Major Private Banks","2017-04-26"
"HDFC Bank Ltd",326610,1410465,1737075,85896.67,1736397,"(C) Major Private Banks","2017-05-03"
"HDFC Bank Ltd",327288,1413714,1741002,86982.22,1740324,"(C) Major Private Banks","2017-05-10"
"HDFC Bank Ltd",327637,1415967,1743604,87490.06,1742926,"(C) Major Private Banks","2017-05-17"
"HDFC Bank Ltd",328355,1419670,1748025,86584.2,1747347,"(C) Major Private Banks","2017-05-24"
"HDFC Bank Ltd",329100,1424094,1753194,86084.79,1752516,"(C) Major Private Banks","2017-05-31"
"HDFC Bank Ltd",329812,1428716,1758528,85460.89,1757850,"(C) Major Private Banks","2017-06-07"
"HDFC Bank Ltd",330498,1432613,1763111,84214.92,1762433,"(C) Major Private Banks","2017-06-14"
"HDFC Bank Ltd",331288,1438922,1770210,82307.52,1769532,"(C) Major Private Banks","2017-06-28"
"HDFC Bank Ltd",331297,1438932,1770229,83915.85,1769551,"(C) Major Private Banks","2017-07-05"
"HDFC Bank Ltd",331304,1438955,1770259,83044.09,1769581,"(C) Major Private Banks","2017-07-12"
"HDFC Bank Ltd",331314,1438964,1770278,81856.88,1769600,"(C) Major Private Banks","2017-07-19"
"HDFC Bank Ltd",331321,1439027,1770348,80735.18,1769670,"(C) Major Private Banks","2017-07-26"
"HDFC Bank Ltd",331331,1439038,1770369,81873.87,1769691,"(C) Major Private Banks","2017-08-02"
"HDFC Bank Ltd",331339,1439061,1770400,80612.93,1769722,"(C) Major Private Banks","2017-08-09"
"HDFC Bank Ltd",331341,1439068,1770409,79427.54,1769731,"(C) Major Private Banks","2017-08-16"
"HDFC Bank Ltd",331346,1439110,1770456,78410.58,1769778,"(C) Major Private Banks","2017-08-23"
"HDFC Bank Ltd",331348,1439125,1770473,78009.83,1769795,"(C) Major Private Banks","2017-08-30"
"HDFC Bank Ltd",331360,1439135,1770495,78921.04,1769817,"(C) Major Private Banks","2017-09-06"
"HDFC Bank Ltd",331370,1439142,1770512,77968.69,1769834,"(C) Major Private Banks","2017-09-13"
"HDFC Bank Ltd",331383,1439153,1770536,77163.79,1769858,"(C) Major Private Banks","2017-09-20"
"HDFC Bank Ltd",331392,1439170,1770562,76498.36,1769884,"(C) Major Private Banks","2017-09-27"
"HDFC Bank Ltd",331401,1439205,1770606,78475.96,1769928,"(C) Major Private Banks","2017-10-04"
"HDFC Bank Ltd",331411,1439222,1770633,79154.18,1769955,"(C) Major Private Banks","2017-10-11"
"HDFC Bank Ltd",331417,1439248,1770665,79526.32,1769987,"(C) Major Private Banks","2017-10-18"
"HDFC Bank Ltd",331440,1439322,1770762,82220.91,1770084,"(C) Major Private Banks","2017-11-01"
"HDFC Bank Ltd",331448,1439334,1770782,84040.2,1770104,"(C) Major Private Banks","2017-11-08"
"HDFC Bank Ltd",331463,1439347,1770810,84527.07,1770132,"(C) Major Private Banks","2017-11-15"
"HDFC Bank Ltd",331469,1439361,1770830,85502.8,1770152,"(C) Major Private Banks","2017-11-22"
"HDFC Bank Ltd",331481,1439381,1770862,85611.28,1770184,"(C) Major Private Banks","2017-11-29"
"HDFC Bank Ltd",331567,1439608,1771175,88463.85,1770497,"(C) Major Private Banks","2017-12-06"
"HDFC Bank Ltd",331578,1439619,1771197,87742.95,1770519,"(C) Major Private Banks","2017-12-13"
"HDFC Bank Ltd",331677,1439973,1771650,86350.08,1770972,"(C) Major Private Banks","2017-12-20"
"HDFC Bank Ltd",331692,1440003,1771695,85475.75,1771017,"(C) Major Private Banks","2017-12-27"
"HDFC Bank Ltd",331712,1440021,1771733,88284.8,1771055,"(C) Major Private Banks","2018-01-03"
"HDFC Bank Ltd",331736,1440032,1771768,87841.45,1771090,"(C) Major Private Banks","2018-01-10"
"HDFC Bank Ltd",331751,1440040,1771791,87619.92,1771113,"(C) Major Private Banks","2018-01-17"
"HDFC Bank Ltd",331776,1440050,1771826,86461.61,1771148,"(C) Major Private Banks","2018-01-24"
"HDFC Bank Ltd",331795,1440080,1771875,85477.12,1771197,"(C) Major Private Banks","2018-01-31"
"HDFC Bank Ltd",331807,1440144,1771951,86584.58,1771273,"(C) Major Private Banks","2018-02-07"
"HDFC Bank Ltd",331825,1440152,1771977,85941.41,1771299,"(C) Major Private Banks","2018-02-14"
"HDFC Bank Ltd",331834,1440164,1771998,85619.82,1771320,"(C) Major Private Banks","2018-02-21"
"HDFC Bank Ltd",331849,1440187,1772036,85962.2,1771358,"(C) Major Private Banks","2018-03-07"
"HDFC Bank Ltd",331860,1440199,1772059,85154.03,1771381,"(C) Major Private Banks","2018-03-14"
"HDFC Bank Ltd",331866,1440212,1772078,84759.58,1771400,"(C) Major Private Banks","2018-03-21"
"HDFC Bank Ltd",331870,1440220,1772090,84598.09,1771412,"(C) Major Private Banks","2018-03-28"
"HDFC Bank Ltd",331839,1440281,1772120,86903.55,1771442,"(C) Major Private Banks","2018-04-04"
"HDFC Bank Ltd",331843,1440285,1772128,85071.8,1771450,"(C) Major Private Banks","2018-04-11"
"HDFC Bank Ltd",331851,1440295,1772146,85200.92,1771468,"(C) Major Private Banks","2018-04-18"
"HDFC Bank Ltd",331873,1440304,1772177,85159.03,1771499,"(C) Major Private Banks","2018-04-25"
"HDFC Bank Ltd",331881,1440309,1772190,89866.46,1771512,"(C) Major Private Banks","2018-05-02"
"HDFC Bank Ltd",331892,1440313,1772205,91093.06,1771527,"(C) Major Private Banks","2018-05-09"
"HDFC Bank Ltd",331909,1440337,1772246,90317.55,1771568,"(C) Major Private Banks","2018-05-23"
"HDFC Bank Ltd",331918,1440352,1772270,89475.45,1771592,"(C) Major Private Banks","2018-05-30"
"HDFC Bank Ltd",331934,1440364,1772298,89061.1,1771620,"(C) Major Private Banks","2018-06-06"
"HDFC Bank Ltd",331948,1440369,1772317,88135.26,1771639,"(C) Major Private Banks","2018-06-13"
"HDFC Bank Ltd",331956,1440370,1772326,86452.72,1771648,"(C) Major Private Banks","2018-06-20"
"HDFC Bank Ltd",331962,1440383,1772345,85337.91,1771667,"(C) Major Private Banks","2018-06-27"
"HDFC Bank Ltd",331973,1440411,1772384,87745.37,1771706,"(C) Major Private Banks","2018-07-04"
"HDFC Bank Ltd",331981,1440422,1772403,84980.48,1771725,"(C) Major Private Banks","2018-07-18"
"HDFC Bank Ltd",332006,1440455,1772461,85070.36,1771783,"(C) Major Private Banks","2018-08-01"
"HDFC Bank Ltd",332039,1440472,1772511,84136.44,1771833,"(C) Major Private Banks","2018-08-08"
"HDFC Bank Ltd",332057,1440500,1772557,83501.71,1771879,"(C) Major Private Banks","2018-08-15"
"HDFC Bank Ltd",332067,1440509,1772576,83095.21,1771898,"(C) Major Private Banks","2018-08-22"
"HDFC Bank Ltd",332074,1440515,1772589,82187.95,1771911,"(C) Major Private Banks","2018-08-29"
"HDFC Bank Ltd",332090,1440534,1772624,84072.69,1771946,"(C) Major Private Banks","2018-09-05"
"HDFC Bank Ltd",332111,1440548,1772659,81681.45,1771981,"(C) Major Private Banks","2018-09-12"
"HDFC Bank Ltd",332130,1440560,1772690,80989.92,1772012,"(C) Major Private Banks","2018-09-19"
"HDFC Bank Ltd",332321,1440395,1772716,80454.06,1772038,"(C) Major Private Banks","2018-09-26"
"HDFC Bank Ltd",332331,1440421,1772752,82628.2,1772074,"(C) Major Private Banks","2018-10-03"
"HDFC Bank Ltd",332337,1440430,1772767,80764.38,1772089,"(C) Major Private Banks","2018-10-10"
"HDFC Bank Ltd",332347,1440431,1772778,80805.3,1772100,"(C) Major Private Banks","2018-10-17"
"HDFC Bank Ltd",333128,1445204,1778332,80792.66,1777654,"(C) Major Private Banks","2018-10-24"
"HDFC Bank Ltd",333729,1449982,1783711,83678.61,1783033,"(C) Major Private Banks","2018-10-31"
"HDFC Bank Ltd",334964,1455676,1790640,87760.6,1789962,"(C) Major Private Banks","2018-11-07"
"HDFC Bank Ltd",338948,1475133,1814081,88087.53,1813403,"(C) Major Private Banks","2018-11-14"
"HDFC Bank Ltd",339421,1478280,1817701,93148.86,1817023,"(C) Major Private Banks","2018-11-21"
"HDFC Bank Ltd",339735,1479656,1819391,95620.69,1818713,"(C) Major Private Banks","2018-11-28"
"HDFC Bank Ltd",339926,1480844,1820770,98045.42,1820092,"(C) Major Private Banks","2018-12-05"
"HDFC Bank Ltd",340082,1481621,1821703,95350.22,1821025,"(C) Major Private Banks","2018-12-12"
"HDFC Bank Ltd",343756,1497346,1841102,94363.84,1840424,"(C) Major Private Banks","2018-12-19"
"HDFC Bank Ltd",346908,1515386,1862294,94882.08,1861616,"(C) Major Private Banks","2018-12-26"
"HDFC Bank Ltd",347453,1519139,1866592,100687.84,1865914,"(C) Major Private Banks","2019-01-02"
"HDFC Bank Ltd",352345,1635626,1987971,96939.34,1987293,"(C) Major Private Banks","2019-01-16"
"HDFC Bank Ltd",354346,1682856,2037202,96133.04,2036524,"(C) Major Private Banks","2019-01-23"
