Bank Name / Type,Number of Beneficiaries at rural/semiurban centre bank branches,Number of Beneficiaries at urban metro centre bank branches,Number of Total Beneficiaries,Deposits in Accounts(In lac),Number of Rupay Debit Cards issued to beneficiaries,level,date
"IDBI Bank Ltd.",226058,226935,452993,233.02,126239,"(A) Public Sector Banks","2014-09-24"
"IDBI Bank Ltd.",251454,252713,504167,312.45,173091,"(A) Public Sector Banks","2014-10-15"
"IDBI Bank Ltd.",269052,269691,538743,656.96,270422,"(A) Public Sector Banks","2014-10-29"
"IDBI Bank Ltd.",280148,281950,562098,737.64,333740,"(A) Public Sector Banks","2014-11-05"
"IDBI Bank Ltd.",289607,292691,582298,843.25,374663,"(A) Public Sector Banks","2014-11-12"
"IDBI Bank Ltd.",303543,305612,609155,963.11,442933,"(A) Public Sector Banks","2014-11-19"
"IDBI Bank Ltd.",316569,317228,633797,1063.22,477814,"(A) Public Sector Banks","2014-11-26"
"IDBI Bank Ltd.",338303,335061,673364,1162.99,556447,"(A) Public Sector Banks","2014-12-03"
"IDBI Bank Ltd.",354161,347268,701429,1299.8,610306,"(A) Public Sector Banks","2014-12-10"
"IDBI Bank Ltd.",367556,354475,722031,1443.36,628158,"(A) Public Sector Banks","2014-12-17"
"IDBI Bank Ltd.",382736,365586,748322,1567.78,644276,"(A) Public Sector Banks","2014-12-24"
"IDBI Bank Ltd.",391968,371373,763341,1734.15,665253,"(A) Public Sector Banks","2014-12-31"
"IDBI Bank Ltd.",405025,380656,785681,1909.87,712036,"(A) Public Sector Banks","2015-01-07"
"IDBI Bank Ltd.",422292,391199,813491,2157.7,790681,"(A) Public Sector Banks","2015-01-14"
"IDBI Bank Ltd.",437803,402190,839993,2412.68,814672,"(A) Public Sector Banks","2015-01-28"
"IDBI Bank Ltd.",452722,411553,864275,2603.06,841973,"(A) Public Sector Banks","2015-02-04"
"IDBI Bank Ltd.",459580,414158,873738,2867.03,849706,"(A) Public Sector Banks","2015-02-11"
"IDBI Bank Ltd.",465455,419074,884529,3022.39,857997,"(A) Public Sector Banks","2015-02-18"
"IDBI Bank Ltd.",470014,422678,892692,3209.34,865456,"(A) Public Sector Banks","2015-02-25"
"IDBI Bank Ltd.",475189,426672,901861,3393.91,873240,"(A) Public Sector Banks","2015-03-04"
"IDBI Bank Ltd.",479529,429217,908746,3649.59,878488,"(A) Public Sector Banks","2015-03-11"
"IDBI Bank Ltd.",483699,432117,915816,3729.78,883524,"(A) Public Sector Banks","2015-03-18"
"IDBI Bank Ltd.",489153,434325,923478,3842.47,888717,"(A) Public Sector Banks","2015-03-25"
"IDBI Bank Ltd.",493029,436298,929327,4139.29,892983,"(A) Public Sector Banks","2015-04-01"
"IDBI Bank Ltd.",494749,437066,931815,4104.91,896134,"(A) Public Sector Banks","2015-04-08"
"IDBI Bank Ltd.",496377,438306,934683,4216.66,898252,"(A) Public Sector Banks","2015-04-15"
"IDBI Bank Ltd.",498682,439545,938227,4337.77,900830,"(A) Public Sector Banks","2015-04-22"
"IDBI Bank Ltd.",500685,440703,941388,4454.86,903102,"(A) Public Sector Banks","2015-04-29"
"IDBI Bank Ltd.",501544,441520,943064,4448.06,904486,"(A) Public Sector Banks","2015-05-06"
"IDBI Bank Ltd.",502725,442591,945316,4676.09,905702,"(A) Public Sector Banks","2015-05-13"
"IDBI Bank Ltd.",503819,443821,947640,4750.86,906801,"(A) Public Sector Banks","2015-05-20"
"IDBI Bank Ltd.",506957,446448,953405,4863.68,910423,"(A) Public Sector Banks","2015-06-03"
"IDBI Bank Ltd.",508953,447734,956687,4994.72,912391,"(A) Public Sector Banks","2015-06-10"
"IDBI Bank Ltd.",510534,448875,959409,5053.1,913711,"(A) Public Sector Banks","2015-06-17"
"IDBI Bank Ltd.",511882,449819,961701,5144.34,915047,"(A) Public Sector Banks","2015-06-24"
"IDBI Bank Ltd.",513150,450988,964138,5172.61,916517,"(A) Public Sector Banks","2015-07-01"
"IDBI Bank Ltd.",514416,451935,966351,5345.96,917593,"(A) Public Sector Banks","2015-07-08"
"IDBI Bank Ltd.",515812,453368,969180,5404.71,918640,"(A) Public Sector Banks","2015-07-15"
"IDBI Bank Ltd.",516800,455262,972062,5419.72,919215,"(A) Public Sector Banks","2015-07-22"
"IDBI Bank Ltd.",518816,456636,975452,5494.72,920042,"(A) Public Sector Banks","2015-07-29"
"IDBI Bank Ltd.",520404,457875,978279,5559.14,920931,"(A) Public Sector Banks","2015-08-05"
"IDBI Bank Ltd.",522346,458817,981163,5744.19,922368,"(A) Public Sector Banks","2015-08-12"
"IDBI Bank Ltd.",523622,459943,983565,5757.77,922756,"(A) Public Sector Banks","2015-08-19"
"IDBI Bank Ltd.",525032,461301,986333,5802.04,923454,"(A) Public Sector Banks","2015-08-26"
"IDBI Bank Ltd.",526395,462728,989123,5819.13,924252,"(A) Public Sector Banks","2015-09-02"
"IDBI Bank Ltd.",527856,463672,991528,5882.8,924895,"(A) Public Sector Banks","2015-09-09"
"IDBI Bank Ltd.",530504,465140,995644,6020.39,926079,"(A) Public Sector Banks","2015-09-16"
"IDBI Bank Ltd.",531745,466490,998235,6090.52,926755,"(A) Public Sector Banks","2015-09-23"
"IDBI Bank Ltd.",533637,467827,1001464,6479.98,928038,"(A) Public Sector Banks","2015-10-07"
"IDBI Bank Ltd.",534422,468356,1002778,6656.18,928723,"(A) Public Sector Banks","2015-10-14"
"IDBI Bank Ltd.",535427,468971,1004398,6612.05,929310,"(A) Public Sector Banks","2015-10-21"
"IDBI Bank Ltd.",536237,469208,1005445,6547.6,929545,"(A) Public Sector Banks","2015-10-28"
"IDBI Bank Ltd.",537745,469493,1007238,6571.18,929934,"(A) Public Sector Banks","2015-11-04"
"IDBI Bank Ltd.",538450,469729,1008179,6703.86,930195,"(A) Public Sector Banks","2015-11-11"
"IDBI Bank Ltd.",538875,470802,1009677,6705.43,930310,"(A) Public Sector Banks","2015-11-18"
"IDBI Bank Ltd.",540387,472476,1012863,6692.97,930424,"(A) Public Sector Banks","2015-11-25"
"IDBI Bank Ltd.",542401,474159,1016560,6791.26,930766,"(A) Public Sector Banks","2015-12-02"
"IDBI Bank Ltd.",545612,476053,1021665,6911.62,931032,"(A) Public Sector Banks","2015-12-09"
"IDBI Bank Ltd.",546469,476682,1023151,7045.47,931228,"(A) Public Sector Banks","2015-12-16"
"IDBI Bank Ltd.",546767,476940,1023707,7124.08,931408,"(A) Public Sector Banks","2015-12-23"
"IDBI Bank Ltd.",547778,477532,1025310,7185.95,931492,"(A) Public Sector Banks","2015-12-30"
"IDBI Bank Ltd.",549174,480122,1029296,7304.14,931880,"(A) Public Sector Banks","2016-01-06"
"IDBI Bank Ltd.",549689,480601,1030290,7437.8,932365,"(A) Public Sector Banks","2016-01-13"
"IDBI Bank Ltd.",550662,481036,1031698,7576.24,932831,"(A) Public Sector Banks","2016-01-20"
"IDBI Bank Ltd.",551433,481680,1033113,7624.12,933118,"(A) Public Sector Banks","2016-01-27"
"IDBI Bank Ltd.",556747,485483,1042230,7893.13,933381,"(A) Public Sector Banks","2016-02-10"
"IDBI Bank Ltd.",558221,487329,1045550,8059.31,933450,"(A) Public Sector Banks","2016-02-17"
"IDBI Bank Ltd.",561752,487666,1049418,8092.18,933712,"(A) Public Sector Banks","2016-02-24"
"IDBI Bank Ltd.",563089,488610,1051699,8164.75,933685,"(A) Public Sector Banks","2016-03-02"
"IDBI Bank Ltd.",565029,490532,1055561,8302.6,933612,"(A) Public Sector Banks","2016-03-09"
"IDBI Bank Ltd.",566633,492499,1059132,8389.41,931011,"(A) Public Sector Banks","2016-03-16"
"IDBI Bank Ltd.",568042,493951,1061993,8432.17,930945,"(A) Public Sector Banks","2016-03-23"
"IDBI Bank Ltd.",568192,494269,1062461,9015.59,931170,"(A) Public Sector Banks","2016-03-30"
"IDBI Bank Ltd.",569532,495510,1065042,9001.12,931610,"(A) Public Sector Banks","2016-04-06"
"IDBI Bank Ltd.",572557,495830,1068387,9373.76,931563,"(A) Public Sector Banks","2016-04-13"
"IDBI Bank Ltd.",573933,496509,1070442,8933.19,931428,"(A) Public Sector Banks","2016-04-20"
"IDBI Bank Ltd.",575836,496948,1072784,9215.39,931559,"(A) Public Sector Banks","2016-04-27"
"IDBI Bank Ltd.",577096,499708,1076804,9507.17,931461,"(A) Public Sector Banks","2016-05-04"
"IDBI Bank Ltd.",578246,501064,1079310,9706.39,931455,"(A) Public Sector Banks","2016-05-11"
"IDBI Bank Ltd.",579836,502489,1082325,9726.61,931002,"(A) Public Sector Banks","2016-05-18"
"IDBI Bank Ltd.",583352,506241,1089593,9704.88,931166,"(A) Public Sector Banks","2016-05-25"
"IDBI Bank Ltd.",585291,508324,1093615,9627.42,930838,"(A) Public Sector Banks","2016-06-01"
"IDBI Bank Ltd.",430075,396723,826798,2301.54,798142,"(A) Public Sector Banks","2015-01-21"
"IDBI Bank Ltd.",505291,445015,950306,4811.98,908407,"(A) Public Sector Banks","2015-05-27"
"IDBI Bank Ltd.",532126,466842,998968,6095.96,926829,"(A) Public Sector Banks","2015-09-30"
"IDBI Bank Ltd.",555002,483728,1038730,7670.25,933510,"(A) Public Sector Banks","2016-02-03"
"IDBI Bank Ltd.",589056,511252,1100308,9661.92,931469,"(A) Public Sector Banks","2016-06-08"
"IDBI Bank Ltd.",620590,520816,1141406,14606.29,950194,"(A) Public Sector Banks","2016-10-12"
"IDBI Bank Ltd.",594928,576868,1171796,22162.26,959779,"(A) Public Sector Banks","2017-02-15"
"IDBI Bank Ltd.",463228,361545,824773,18782.46,667421,"(A) Public Sector Banks","2017-06-21"
"IDBI Bank Ltd.",462080,361987,824067,18846.19,667534,"(A) Public Sector Banks","2017-10-25"
"IDBI Bank Ltd.",458875,364499,823374,20871.49,477698,"(A) Public Sector Banks","2018-02-28"
"IDBI Bank Ltd.",462578,365171,827749,21773.11,676157,"(A) Public Sector Banks","2018-07-11"
"IDBI Bank Ltd.",591976,511581,1103557,9741.61,931281,"(A) Public Sector Banks","2016-06-15"
"IDBI Bank Ltd.",595098,511541,1106639,10733.54,930917,"(A) Public Sector Banks","2016-06-22"
"IDBI Bank Ltd.",595493,511625,1107118,10802.5,930873,"(A) Public Sector Banks","2016-06-29"
"IDBI Bank Ltd.",596107,511655,1107762,10863.14,930683,"(A) Public Sector Banks","2016-07-06"
"IDBI Bank Ltd.",596456,512450,1108906,11007.21,930804,"(A) Public Sector Banks","2016-07-13"
"IDBI Bank Ltd.",597019,512569,1109588,10968.48,930727,"(A) Public Sector Banks","2016-07-20"
"IDBI Bank Ltd.",597407,512645,1110052,10969.91,931620,"(A) Public Sector Banks","2016-07-27"
"IDBI Bank Ltd.",598108,512736,1110844,10882.78,931417,"(A) Public Sector Banks","2016-08-03"
"IDBI Bank Ltd.",598583,512917,1111500,11010.08,931418,"(A) Public Sector Banks","2016-08-10"
"IDBI Bank Ltd.",599221,512928,1112149,10923.45,931460,"(A) Public Sector Banks","2016-08-17"
"IDBI Bank Ltd.",616766,519070,1135836,14340.86,949577,"(A) Public Sector Banks","2016-08-24"
"IDBI Bank Ltd.",617252,519237,1136489,14484.2,949622,"(A) Public Sector Banks","2016-08-31"
"IDBI Bank Ltd.",617955,519567,1137522,14513.38,949757,"(A) Public Sector Banks","2016-09-07"
"IDBI Bank Ltd.",618472,519854,1138326,14506.47,949792,"(A) Public Sector Banks","2016-09-14"
"IDBI Bank Ltd.",618968,520119,1139087,14542.88,949741,"(A) Public Sector Banks","2016-09-21"
"IDBI Bank Ltd.",619584,520560,1140144,14599.76,949644,"(A) Public Sector Banks","2016-09-28"
"IDBI Bank Ltd.",620107,520727,1140834,14663.63,950071,"(A) Public Sector Banks","2016-10-05"
"IDBI Bank Ltd.",618436,524300,1142736,14843.29,950626,"(A) Public Sector Banks","2016-10-19"
"IDBI Bank Ltd.",619391,524610,1144001,15260.24,950780,"(A) Public Sector Banks","2016-10-26"
"IDBI Bank Ltd.",619770,524844,1144614,15151.85,950948,"(A) Public Sector Banks","2016-11-02"
"IDBI Bank Ltd.",620218,524955,1145173,15086.81,950940,"(A) Public Sector Banks","2016-11-09"
"IDBI Bank Ltd.",620360,525001,1145361,24881.12,951105,"(A) Public Sector Banks","2016-11-16"
"IDBI Bank Ltd.",620479,524959,1145438,26662.85,951077,"(A) Public Sector Banks","2016-11-23"
"IDBI Bank Ltd.",620642,525009,1145651,26897.88,951030,"(A) Public Sector Banks","2016-11-30"
"IDBI Bank Ltd.",581704,565910,1147614,26199.52,951033,"(A) Public Sector Banks","2016-12-07"
"IDBI Bank Ltd.",584073,566956,1151029,26310.5,951316,"(A) Public Sector Banks","2016-12-14"
"IDBI Bank Ltd.",585524,568172,1153696,26142.48,951951,"(A) Public Sector Banks","2016-12-21"
"IDBI Bank Ltd.",586565,569553,1156118,26024.3,953028,"(A) Public Sector Banks","2016-12-28"
"IDBI Bank Ltd.",587497,571182,1158679,25091.06,954920,"(A) Public Sector Banks","2017-01-04"
"IDBI Bank Ltd.",589093,572478,1161571,24390.1,955926,"(A) Public Sector Banks","2017-01-11"
"IDBI Bank Ltd.",590763,573585,1164348,23852.22,956128,"(A) Public Sector Banks","2017-01-18"
"IDBI Bank Ltd.",592216,574845,1167061,23449.1,958436,"(A) Public Sector Banks","2017-01-25"
"IDBI Bank Ltd.",592831,575332,1168163,22924.73,958833,"(A) Public Sector Banks","2017-02-01"
"IDBI Bank Ltd.",593572,576285,1169857,22273.4,959472,"(A) Public Sector Banks","2017-02-08"
"IDBI Bank Ltd.",596253,577782,1174035,22510.64,960500,"(A) Public Sector Banks","2017-02-22"
"IDBI Bank Ltd.",597408,578033,1175441,22192.63,961496,"(A) Public Sector Banks","2017-03-01"
"IDBI Bank Ltd.",598340,579465,1177805,22373.82,961696,"(A) Public Sector Banks","2017-03-08"
"IDBI Bank Ltd.",598842,579369,1178211,22401.48,961556,"(A) Public Sector Banks","2017-03-15"
"IDBI Bank Ltd.",599153,579521,1178674,22310.77,961557,"(A) Public Sector Banks","2017-03-22"
"IDBI Bank Ltd.",599324,579688,1179012,22533.74,961529,"(A) Public Sector Banks","2017-03-29"
"IDBI Bank Ltd.",599478,579874,1179352,22394.54,961843,"(A) Public Sector Banks","2017-04-05"
"IDBI Bank Ltd.",600591,580416,1181007,22287.41,962042,"(A) Public Sector Banks","2017-04-12"
"IDBI Bank Ltd.",600150,580505,1180655,22634.14,961872,"(A) Public Sector Banks","2017-04-19"
"IDBI Bank Ltd.",476400,405745,882145,22098.45,667718,"(A) Public Sector Banks","2017-04-26"
"IDBI Bank Ltd.",476045,405839,881884,19305.46,667509,"(A) Public Sector Banks","2017-05-03"
"IDBI Bank Ltd.",476830,406111,882941,19240.96,667432,"(A) Public Sector Banks","2017-05-10"
"IDBI Bank Ltd.",476354,384649,861003,19077.06,667467,"(A) Public Sector Banks","2017-05-17"
"IDBI Bank Ltd.",466506,373488,839994,18947.55,667462,"(A) Public Sector Banks","2017-05-24"
"IDBI Bank Ltd.",462828,361392,824220,19100.67,667369,"(A) Public Sector Banks","2017-05-31"
"IDBI Bank Ltd.",462983,361430,824413,19019.23,667243,"(A) Public Sector Banks","2017-06-07"
"IDBI Bank Ltd.",463101,361479,824580,18891.04,667403,"(A) Public Sector Banks","2017-06-14"
"IDBI Bank Ltd.",463249,361609,824858,18832.99,667418,"(A) Public Sector Banks","2017-06-28"
"IDBI Bank Ltd.",463160,361521,824681,18629.64,667107,"(A) Public Sector Banks","2017-07-05"
"IDBI Bank Ltd.",463245,361517,824762,18744.73,667153,"(A) Public Sector Banks","2017-07-12"
"IDBI Bank Ltd.",463504,361575,825079,18688.59,667152,"(A) Public Sector Banks","2017-07-19"
"IDBI Bank Ltd.",463577,361621,825198,18757.7,667301,"(A) Public Sector Banks","2017-07-26"
"IDBI Bank Ltd.",463577,361621,825198,18757.7,667301,"(A) Public Sector Banks","2017-08-02"
"IDBI Bank Ltd.",463906,361685,825591,18743.99,667440,"(A) Public Sector Banks","2017-08-09"
"IDBI Bank Ltd.",463959,361129,825088,18628.82,667083,"(A) Public Sector Banks","2017-08-16"
"IDBI Bank Ltd.",463944,361740,825684,18533.09,667551,"(A) Public Sector Banks","2017-08-23"
"IDBI Bank Ltd.",464032,361784,825816,18532.95,667520,"(A) Public Sector Banks","2017-08-30"
"IDBI Bank Ltd.",464074,361823,825897,18582.12,667458,"(A) Public Sector Banks","2017-09-06"
"IDBI Bank Ltd.",464274,361853,826127,18629.92,667494,"(A) Public Sector Banks","2017-09-13"
"IDBI Bank Ltd.",464104,361908,826012,18627.9,667680,"(A) Public Sector Banks","2017-09-20"
"IDBI Bank Ltd.",462250,361872,824122,18836.14,667581,"(A) Public Sector Banks","2017-09-27"
"IDBI Bank Ltd.",462240,361884,824124,18730.41,667622,"(A) Public Sector Banks","2017-10-04"
"IDBI Bank Ltd.",462195,361891,824086,18981.96,667573,"(A) Public Sector Banks","2017-10-11"
"IDBI Bank Ltd.",462144,361970,824114,18917.77,667481,"(A) Public Sector Banks","2017-10-18"
"IDBI Bank Ltd.",462112,361911,824023,18875.66,667438,"(A) Public Sector Banks","2017-11-01"
"IDBI Bank Ltd.",462069,361923,823992,18815.29,667366,"(A) Public Sector Banks","2017-11-08"
"IDBI Bank Ltd.",462002,361970,823972,19047.7,667333,"(A) Public Sector Banks","2017-11-15"
"IDBI Bank Ltd.",462014,361960,823974,19190.33,667335,"(A) Public Sector Banks","2017-11-22"
"IDBI Bank Ltd.",461475,361940,823415,19370.17,667266,"(A) Public Sector Banks","2017-11-29"
"IDBI Bank Ltd.",461460,362242,823702,19527.69,667244,"(A) Public Sector Banks","2017-12-06"
"IDBI Bank Ltd.",460824,362212,823036,19629.54,667274,"(A) Public Sector Banks","2017-12-13"
"IDBI Bank Ltd.",460225,362784,823009,19807.69,667211,"(A) Public Sector Banks","2017-12-20"
"IDBI Bank Ltd.",460243,362768,823011,20042.85,667140,"(A) Public Sector Banks","2017-12-27"
"IDBI Bank Ltd.",460292,362743,823035,20207.8,667024,"(A) Public Sector Banks","2018-01-03"
"IDBI Bank Ltd.",460332,362603,822935,20454.12,666773,"(A) Public Sector Banks","2018-01-10"
"IDBI Bank Ltd.",459342,363622,822964,20790.13,666678,"(A) Public Sector Banks","2018-01-17"
"IDBI Bank Ltd.",459338,363578,822916,20687.31,666552,"(A) Public Sector Banks","2018-01-24"
"IDBI Bank Ltd.",459034,363870,822904,20620.11,666446,"(A) Public Sector Banks","2018-01-31"
"IDBI Bank Ltd.",459145,364040,823185,20650.5,554475,"(A) Public Sector Banks","2018-02-07"
"IDBI Bank Ltd.",459181,364078,823259,20699.67,554396,"(A) Public Sector Banks","2018-02-14"
"IDBI Bank Ltd.",458955,364353,823308,20690.09,554396,"(A) Public Sector Banks","2018-02-21"
"IDBI Bank Ltd.",458232,364556,822788,21096.24,676339,"(A) Public Sector Banks","2018-03-07"
"IDBI Bank Ltd.",458211,364258,822469,21130.26,676259,"(A) Public Sector Banks","2018-03-14"
"IDBI Bank Ltd.",458151,364391,822542,21114.97,676176,"(A) Public Sector Banks","2018-03-21"
"IDBI Bank Ltd.",458125,364365,822490,21490.16,676221,"(A) Public Sector Banks","2018-03-28"
"IDBI Bank Ltd.",458238,364421,822659,21599.77,676285,"(A) Public Sector Banks","2018-04-04"
"IDBI Bank Ltd.",458248,364384,822632,21556.58,676245,"(A) Public Sector Banks","2018-04-11"
"IDBI Bank Ltd.",458391,364377,822768,21524.1,676213,"(A) Public Sector Banks","2018-04-18"
"IDBI Bank Ltd.",459677,364430,824107,21387.76,676174,"(A) Public Sector Banks","2018-04-25"
"IDBI Bank Ltd.",460811,364740,825551,21336.39,676154,"(A) Public Sector Banks","2018-05-02"
"IDBI Bank Ltd.",461311,364878,826189,21569.48,676237,"(A) Public Sector Banks","2018-05-09"
"IDBI Bank Ltd.",461410,365098,826508,21290.86,676214,"(A) Public Sector Banks","2018-05-23"
"IDBI Bank Ltd.",461533,365084,826617,21330.99,676209,"(A) Public Sector Banks","2018-05-30"
"IDBI Bank Ltd.",461561,365069,826630,21510.84,676135,"(A) Public Sector Banks","2018-06-06"
"IDBI Bank Ltd.",461625,365063,826688,21566.58,676126,"(A) Public Sector Banks","2018-06-13"
"IDBI Bank Ltd.",453938,316629,770567,20138.67,623953,"(A) Public Sector Banks","2018-06-20"
"IDBI Bank Ltd.",461747,365093,826840,21555.97,676114,"(A) Public Sector Banks","2018-06-27"
"IDBI Bank Ltd.",462066,365101,827167,21773.76,676126,"(A) Public Sector Banks","2018-07-04"
"IDBI Bank Ltd.",462933,365258,828191,21795.71,676166,"(A) Public Sector Banks","2018-07-18"
"IDBI Bank Ltd.",464006,366098,830104,21717.65,676665,"(A) Public Sector Banks","2018-08-01"
"IDBI Bank Ltd.",464548,366093,830641,21827.07,676786,"(A) Public Sector Banks","2018-08-08"
"IDBI Bank Ltd.",464745,366161,830906,21664.21,676748,"(A) Public Sector Banks","2018-08-15"
"IDBI Bank Ltd.",465016,366163,831179,21463.1,676772,"(A) Public Sector Banks","2018-08-22"
"IDBI Bank Ltd.",465376,366163,831539,21497.43,676830,"(A) Public Sector Banks","2018-08-29"
"IDBI Bank Ltd.",465602,366131,831733,21604.92,676832,"(A) Public Sector Banks","2018-09-05"
"IDBI Bank Ltd.",465815,366106,831921,21810.27,676826,"(A) Public Sector Banks","2018-09-12"
"IDBI Bank Ltd.",465924,366088,832012,21824.51,676817,"(A) Public Sector Banks","2018-09-19"
"IDBI Bank Ltd.",466093,366121,832214,22002.2,676823,"(A) Public Sector Banks","2018-09-26"
"IDBI Bank Ltd.",466135,366101,832236,22074.99,676797,"(A) Public Sector Banks","2018-10-03"
"IDBI Bank Ltd.",466441,366195,832636,22256.12,676769,"(A) Public Sector Banks","2018-10-10"
"IDBI Bank Ltd.",467291,366486,833777,22270.33,676857,"(A) Public Sector Banks","2018-10-17"
"IDBI Bank Ltd.",467729,366616,834345,22123.59,677036,"(A) Public Sector Banks","2018-10-24"
"IDBI Bank Ltd.",468160,367080,835240,22196.37,677117,"(A) Public Sector Banks","2018-10-31"
"IDBI Bank Ltd.",468291,367175,835466,22372.46,677215,"(A) Public Sector Banks","2018-11-07"
"IDBI Bank Ltd.",468575,367283,835858,22296.98,677250,"(A) Public Sector Banks","2018-11-14"
"IDBI Bank Ltd.",466739,367379,834118,22260.71,677271,"(A) Public Sector Banks","2018-11-21"
"IDBI Bank Ltd.",466739,367379,834118,22260.71,677271,"(A) Public Sector Banks","2018-11-28"
"IDBI Bank Ltd.",467463,367635,835098,22686.93,677441,"(A) Public Sector Banks","2018-12-05"
"IDBI Bank Ltd.",467843,367788,835631,22917.87,677474,"(A) Public Sector Banks","2018-12-12"
"IDBI Bank Ltd.",468322,367973,836295,22861.12,677403,"(A) Public Sector Banks","2018-12-19"
"IDBI Bank Ltd.",468657,368032,836689,22891.49,677571,"(A) Public Sector Banks","2018-12-26"
"IDBI Bank Ltd.",468712,368531,837243,22988.76,712082,"(A) Public Sector Banks","2019-01-02"
"IDBI Bank Ltd.",494207,396525,890732,23431.88,737350,"(A) Public Sector Banks","2019-01-16"
"IDBI Bank Ltd.",499082,398467,897549,23423.01,737157,"(A) Public Sector Banks","2019-01-23"
