Bank Name / Type,Number of Beneficiaries at rural/semiurban centre bank branches,Number of Beneficiaries at urban metro centre bank branches,Number of Total Beneficiaries,Deposits in Accounts(In lac),Number of Rupay Debit Cards issued to beneficiaries,level,date
"Indian Bank",863709,553175,1416884,685.83,868542,"(A) Public Sector Banks","2014-09-24"
"Indian Bank",940544,598693,1539237,666.55,1426828,"(A) Public Sector Banks","2014-10-08"
"Indian Bank",986649,622057,1608706,673.63,1595782,"(A) Public Sector Banks","2014-10-15"
"Indian Bank",1026941,641726,1668667,611.32,1623325,"(A) Public Sector Banks","2014-10-22"
"Indian Bank",1065510,655990,1721500,3657.4,1673750,"(A) Public Sector Banks","2014-10-29"
"Indian Bank",207048,34831,241879,583.57,0,"(B) Regional Rural Bank","2014-10-29"
"Indian Bank",1097882,669113,1766995,4651.53,1687501,"(A) Public Sector Banks","2014-11-05"
"Indian Bank",211624,35251,246875,624.83,0,"(B) Regional Rural Bank","2014-11-05"
"Indian Bank",1125178,680839,1806017,5028.45,1773063,"(A) Public Sector Banks","2014-11-12"
"Indian Bank",215496,35367,250863,640.76,0,"(B) Regional Rural Bank","2014-11-12"
"Indian Bank",1163483,697409,1860892,5549.72,1778859,"(A) Public Sector Banks","2014-11-19"
"Indian Bank",219846,35765,255611,688.8,0,"(B) Regional Rural Bank","2014-11-19"
"Indian Bank",1207745,716104,1923849,6013.47,1833965,"(A) Public Sector Banks","2014-11-26"
"Indian Bank",226528,35917,262445,752.91,0,"(B) Regional Rural Bank","2014-11-26"
"Indian Bank",1239063,732939,1972002,6537.37,1887390,"(A) Public Sector Banks","2014-12-03"
"Indian Bank",231914,36095,268009,790.19,0,"(B) Regional Rural Bank","2014-12-03"
"Indian Bank",1275045,753388,2028433,7326.27,1942939,"(A) Public Sector Banks","2014-12-10"
"Indian Bank",239327,36828,276155,865.44,0,"(B) Regional Rural Bank","2014-12-10"
"Indian Bank",1321239,777026,2098265,7928.62,2043664,"(A) Public Sector Banks","2014-12-17"
"Indian Bank",249274,37991,287265,915.92,0,"(B) Regional Rural Bank","2014-12-17"
"Indian Bank",1371387,800884,2172271,8419.8,2050844,"(A) Public Sector Banks","2014-12-24"
"Indian Bank",255866,38110,293976,962.65,3000,"(B) Regional Rural Bank","2014-12-24"
"Indian Bank",1405364,819938,2225302,9100.94,2172768,"(A) Public Sector Banks","2014-12-31"
"Indian Bank",260579,38196,298775,1053.29,114706,"(B) Regional Rural Bank","2014-12-31"
"Indian Bank",1437648,837303,2274951,9891.18,2226578,"(A) Public Sector Banks","2015-01-07"
"Indian Bank",267785,38282,306067,1121.9,124217,"(B) Regional Rural Bank","2015-01-07"
"Indian Bank",1461525,853296,2314821,10421.18,2280154,"(A) Public Sector Banks","2015-01-14"
"Indian Bank",271616,38489,310105,1145.71,139217,"(B) Regional Rural Bank","2015-01-14"
"Indian Bank",1511841,888550,2400391,11359.34,2313385,"(A) Public Sector Banks","2015-01-28"
"Indian Bank",278546,38851,317397,1256.67,150348,"(B) Regional Rural Bank","2015-01-28"
"Indian Bank",1542890,905624,2448514,12254.63,2313385,"(A) Public Sector Banks","2015-02-04"
"Indian Bank",282438,38974,321412,1335.24,150348,"(B) Regional Rural Bank","2015-02-04"
"Indian Bank",1561294,913117,2474411,13120.9,2368896,"(A) Public Sector Banks","2015-02-11"
"Indian Bank",284198,39056,323254,1405.12,150348,"(B) Regional Rural Bank","2015-02-11"
"Indian Bank",1574230,917154,2491384,13655.87,2369757,"(A) Public Sector Banks","2015-02-18"
"Indian Bank",285903,39140,325043,1514.59,150348,"(B) Regional Rural Bank","2015-02-18"
"Indian Bank",1590635,921986,2512621,14149.39,2370110,"(A) Public Sector Banks","2015-02-25"
"Indian Bank",293721,39201,332922,1605.29,150348,"(B) Regional Rural Bank","2015-02-25"
"Indian Bank",1603967,925214,2529181,14900.14,2456693,"(A) Public Sector Banks","2015-03-04"
"Indian Bank",301623,39265,340888,1680.67,150348,"(B) Regional Rural Bank","2015-03-04"
"Indian Bank",1613789,928101,2541890,15655.31,2456693,"(A) Public Sector Banks","2015-03-11"
"Indian Bank",306817,39315,346132,1755.38,150348,"(B) Regional Rural Bank","2015-03-11"
"Indian Bank",1628103,932261,2560364,16288.66,2521434,"(A) Public Sector Banks","2015-03-18"
"Indian Bank",313969,39356,353325,1803.53,277955,"(B) Regional Rural Bank","2015-03-18"
"Indian Bank",1641065,935147,2576212,16717.04,2521434,"(A) Public Sector Banks","2015-03-25"
"Indian Bank",316627,69440,386067,1878.73,277955,"(B) Regional Rural Bank","2015-03-25"
"Indian Bank",1650440,936714,2587154,17211.09,2521434,"(A) Public Sector Banks","2015-04-01"
"Indian Bank",317143,69440,386583,1957.19,279084,"(B) Regional Rural Bank","2015-04-01"
"Indian Bank",1656159,938117,2594276,17501.21,2526322,"(A) Public Sector Banks","2015-04-08"
"Indian Bank",317362,69468,386830,2002.81,279084,"(B) Regional Rural Bank","2015-04-08"
"Indian Bank",1663109,939394,2602503,17604.44,2534708,"(A) Public Sector Banks","2015-04-15"
"Indian Bank",317596,69475,387071,1968.32,279084,"(B) Regional Rural Bank","2015-04-15"
"Indian Bank",1672733,941002,2613735,17792.25,2584441,"(A) Public Sector Banks","2015-04-22"
"Indian Bank",318065,69460,387525,1965.92,279084,"(B) Regional Rural Bank","2015-04-22"
"Indian Bank",1682726,942331,2625057,17931.28,2595735,"(A) Public Sector Banks","2015-04-29"
"Indian Bank",318496,69448,387944,2014.13,279084,"(B) Regional Rural Bank","2015-04-29"
"Indian Bank",1688116,943191,2631307,18337.34,2599980,"(A) Public Sector Banks","2015-05-06"
"Indian Bank",319154,69428,388582,2025.57,279084,"(B) Regional Rural Bank","2015-05-06"
"Indian Bank",1696469,944954,2641423,18948.25,2610077,"(A) Public Sector Banks","2015-05-13"
"Indian Bank",320119,69403,389522,2055.09,279084,"(B) Regional Rural Bank","2015-05-13"
"Indian Bank",1704866,947106,2651972,19106.75,2620602,"(A) Public Sector Banks","2015-05-20"
"Indian Bank",321070,69420,390490,2091.3,280087,"(B) Regional Rural Bank","2015-05-20"
"Indian Bank",1720468,950002,2670470,19431.68,2639064,"(A) Public Sector Banks","2015-06-03"
"Indian Bank",322323,69325,391648,2170.07,280087,"(B) Regional Rural Bank","2015-06-03"
"Indian Bank",1727064,951112,2678176,19861.14,2646640,"(A) Public Sector Banks","2015-06-10"
"Indian Bank",322952,69349,392301,2198.47,280087,"(B) Regional Rural Bank","2015-06-10"
"Indian Bank",1735190,952101,2687291,19969.05,2655699,"(A) Public Sector Banks","2015-06-17"
"Indian Bank",323238,69356,392594,2205.99,280087,"(B) Regional Rural Bank","2015-06-17"
"Indian Bank",1746095,953443,2699538,20130.74,2667935,"(A) Public Sector Banks","2015-06-24"
"Indian Bank",323722,69375,393097,2231.37,280087,"(B) Regional Rural Bank","2015-06-24"
"Indian Bank",1757560,955247,2712807,20408.58,2681154,"(A) Public Sector Banks","2015-07-01"
"Indian Bank",324057,69390,393447,2268.64,280087,"(B) Regional Rural Bank","2015-07-01"
"Indian Bank",1772279,957262,2729541,21043.39,2697804,"(A) Public Sector Banks","2015-07-08"
"Indian Bank",324551,69397,393948,2304.54,280087,"(B) Regional Rural Bank","2015-07-08"
"Indian Bank",1786676,959316,2745992,21276.88,2714220,"(A) Public Sector Banks","2015-07-15"
"Indian Bank",325030,69493,394523,2310.78,280087,"(B) Regional Rural Bank","2015-07-15"
"Indian Bank",1798083,961129,2759212,21341.82,2727363,"(A) Public Sector Banks","2015-07-22"
"Indian Bank",325584,69521,395105,2411.1,280087,"(B) Regional Rural Bank","2015-07-22"
"Indian Bank",1813574,963182,2776756,21271.15,2744757,"(A) Public Sector Banks","2015-07-29"
"Indian Bank",325617,69512,395129,2424.58,271842,"(B) Regional Rural Bank","2015-07-29"
"Indian Bank",1820092,963482,2783574,21957.24,2751560,"(A) Public Sector Banks","2015-08-05"
"Indian Bank",328421,69751,398172,2498.67,271842,"(B) Regional Rural Bank","2015-08-05"
"Indian Bank",1829012,964813,2793825,22393.11,2761743,"(A) Public Sector Banks","2015-08-12"
"Indian Bank",328744,69830,398574,2501.31,271842,"(B) Regional Rural Bank","2015-08-12"
"Indian Bank",1836644,966086,2802730,22402.79,2770606,"(A) Public Sector Banks","2015-08-19"
"Indian Bank",329366,69819,399185,2510.8,271842,"(B) Regional Rural Bank","2015-08-19"
"Indian Bank",1843620,967399,2811019,22611.88,2778789,"(A) Public Sector Banks","2015-08-26"
"Indian Bank",329842,69816,399658,2537.83,271842,"(B) Regional Rural Bank","2015-08-26"
"Indian Bank",1848834,968556,2817390,22720.28,2785133,"(A) Public Sector Banks","2015-09-02"
"Indian Bank",330273,69868,400141,2538.89,271842,"(B) Regional Rural Bank","2015-09-02"
"Indian Bank",1854707,969922,2824629,23298.69,2792247,"(A) Public Sector Banks","2015-09-09"
"Indian Bank",332174,70093,402267,2631.02,271842,"(B) Regional Rural Bank","2015-09-09"
"Indian Bank",1860593,971550,2832143,23324.22,2799266,"(A) Public Sector Banks","2015-09-16"
"Indian Bank",332666,70197,402863,2617.82,271842,"(B) Regional Rural Bank","2015-09-16"
"Indian Bank",1867030,972975,2840005,23503.48,2807065,"(A) Public Sector Banks","2015-09-23"
"Indian Bank",332792,70184,402976,2646.42,271842,"(B) Regional Rural Bank","2015-09-23"
"Indian Bank",1875831,975211,2851042,24304.35,2817696,"(A) Public Sector Banks","2015-10-07"
"Indian Bank",333034,70175,403209,2728.3,271842,"(B) Regional Rural Bank","2015-10-07"
"Indian Bank",1881921,976197,2858118,24545.96,2824752,"(A) Public Sector Banks","2015-10-14"
"Indian Bank",333217,70200,403417,2718.57,271842,"(B) Regional Rural Bank","2015-10-14"
"Indian Bank",1887838,977029,2864867,24392.48,2831486,"(A) Public Sector Banks","2015-10-21"
"Indian Bank",334238,70320,404558,2723.18,271842,"(B) Regional Rural Bank","2015-10-21"
"Indian Bank",1892285,977691,2869976,24252.43,2836600,"(A) Public Sector Banks","2015-10-28"
"Indian Bank",334509,70335,404844,2717.88,271842,"(B) Regional Rural Bank","2015-10-28"
"Indian Bank",1899750,978778,2878528,24787.85,2845087,"(A) Public Sector Banks","2015-11-04"
"Indian Bank",334709,70329,405038,2739.97,271842,"(B) Regional Rural Bank","2015-11-04"
"Indian Bank",1904169,979274,2883443,25226.62,2849970,"(A) Public Sector Banks","2015-11-11"
"Indian Bank",334715,70328,405043,2739.39,271842,"(B) Regional Rural Bank","2015-11-11"
"Indian Bank",1908135,979529,2887664,25090.51,2854223,"(A) Public Sector Banks","2015-11-18"
"Indian Bank",334984,70383,405367,2774.05,271853,"(B) Regional Rural Bank","2015-11-18"
"Indian Bank",1910729,979988,2890717,24978.27,2857242,"(A) Public Sector Banks","2015-11-25"
"Indian Bank",335060,70495,405555,341.82,271861,"(B) Regional Rural Bank","2015-11-25"
"Indian Bank",1916849,981091,2897940,25333.46,2864461,"(A) Public Sector Banks","2015-12-02"
"Indian Bank",335356,70506,405862,557.91,271887,"(B) Regional Rural Bank","2015-12-02"
"Indian Bank",1919838,981445,2901283,25812.81,2867732,"(A) Public Sector Banks","2015-12-09"
"Indian Bank",335682,70570,406252,2838.09,271853,"(B) Regional Rural Bank","2015-12-09"
"Indian Bank",1926060,983219,2909279,26145.19,2875747,"(A) Public Sector Banks","2015-12-16"
"Indian Bank",336112,70632,406744,2814.68,271853,"(B) Regional Rural Bank","2015-12-16"
"Indian Bank",1934868,985133,2920001,26323.62,2886468,"(A) Public Sector Banks","2015-12-23"
"Indian Bank",336269,70819,407088,2841.94,271853,"(B) Regional Rural Bank","2015-12-23"
"Indian Bank",1940794,986792,2927586,26218.52,2894019,"(A) Public Sector Banks","2015-12-30"
"Indian Bank",336403,70938,407341,3070.76,271853,"(B) Regional Rural Bank","2015-12-30"
"Indian Bank",1946855,988317,2935172,27653.93,2901521,"(A) Public Sector Banks","2016-01-06"
"Indian Bank",336794,70961,407755,3306.94,274218,"(B) Regional Rural Bank","2016-01-06"
"Indian Bank",1951065,989421,2940486,27891.15,2906810,"(A) Public Sector Banks","2016-01-13"
"Indian Bank",337230,71003,408233,3225.93,274218,"(B) Regional Rural Bank","2016-01-13"
"Indian Bank",1954861,990425,2945286,27645.54,2911542,"(A) Public Sector Banks","2016-01-20"
"Indian Bank",337356,71023,408379,3211.33,274218,"(B) Regional Rural Bank","2016-01-20"
"Indian Bank",1959392,991259,2950651,27447.42,2916910,"(A) Public Sector Banks","2016-01-27"
"Indian Bank",337489,71060,408549,3187.69,274218,"(B) Regional Rural Bank","2016-01-27"
"Indian Bank",1972588,993752,2966340,29368.58,2932572,"(A) Public Sector Banks","2016-02-10"
"Indian Bank",337642,71310,408952,3214.79,282812,"(B) Regional Rural Bank","2016-02-10"
"Indian Bank",1974922,994408,2969330,29337.57,2935522,"(A) Public Sector Banks","2016-02-17"
"Indian Bank",337931,71811,409742,3231.82,282812,"(B) Regional Rural Bank","2016-02-17"
"Indian Bank",1979885,995504,2975389,29610.21,2941595,"(A) Public Sector Banks","2016-02-24"
"Indian Bank",337943,71811,409754,3243.05,345650,"(B) Regional Rural Bank","2016-02-24"
"Indian Bank",1983324,995923,2979247,30091.96,2945462,"(A) Public Sector Banks","2016-03-02"
"Indian Bank",338788,72704,411492,3289.97,345650,"(B) Regional Rural Bank","2016-03-02"
"Indian Bank",1987070,996351,2983421,30733.58,2949586,"(A) Public Sector Banks","2016-03-09"
"Indian Bank",339195,74625,413820,3304.24,345650,"(B) Regional Rural Bank","2016-03-09"
"Indian Bank",1990373,996901,2987274,30891.03,2953556,"(A) Public Sector Banks","2016-03-16"
"Indian Bank",339231,74656,413887,3403.7,345650,"(B) Regional Rural Bank","2016-03-16"
"Indian Bank",1992548,997788,2990336,31309.84,2956630,"(A) Public Sector Banks","2016-03-23"
"Indian Bank",339683,74769,414452,3378.54,345650,"(B) Regional Rural Bank","2016-03-23"
"Indian Bank",1994782,998343,2993125,31635.67,2959404,"(A) Public Sector Banks","2016-03-30"
"Indian Bank",339792,74783,414575,3429.59,345650,"(B) Regional Rural Bank","2016-03-30"
"Indian Bank",1997959,998947,2996906,32033.3,2963094,"(A) Public Sector Banks","2016-04-06"
"Indian Bank",339980,74786,414766,3513.37,345650,"(B) Regional Rural Bank","2016-04-06"
"Indian Bank",2000483,999627,3000110,31891.82,2966199,"(A) Public Sector Banks","2016-04-13"
"Indian Bank",340137,74786,414923,3534.77,345650,"(B) Regional Rural Bank","2016-04-13"
"Indian Bank",2003070,999947,3003017,31820.3,2969113,"(A) Public Sector Banks","2016-04-20"
"Indian Bank",340326,74772,415098,3450.46,345650,"(B) Regional Rural Bank","2016-04-20"
"Indian Bank",2006402,1000072,3006474,31730.47,2972558,"(A) Public Sector Banks","2016-04-27"
"Indian Bank",340333,74772,415105,3349.24,345650,"(B) Regional Rural Bank","2016-04-27"
"Indian Bank",2008469,1000107,3008576,32606.96,2974942,"(A) Public Sector Banks","2016-05-04"
"Indian Bank",340964,80051,421015,3542.32,345650,"(B) Regional Rural Bank","2016-05-04"
"Indian Bank",2010759,1000906,3011665,33244.22,2978011,"(A) Public Sector Banks","2016-05-11"
"Indian Bank",341059,80061,421120,3717.24,345650,"(B) Regional Rural Bank","2016-05-11"
"Indian Bank",2011330,1001172,3012502,33100.04,2978866,"(A) Public Sector Banks","2016-05-18"
"Indian Bank",341074,80078,421152,3708.51,345650,"(B) Regional Rural Bank","2016-05-18"
"Indian Bank",1986015,999040,2985055,32444.07,2951675,"(A) Public Sector Banks","2016-05-25"
"Indian Bank",341421,81263,422684,3718.39,345650,"(B) Regional Rural Bank","2016-05-25"
"Indian Bank",1953161,994960,2948121,32306.39,2915365,"(A) Public Sector Banks","2016-06-01"
"Indian Bank",341597,80916,422513,3641.07,345650,"(B) Regional Rural Bank","2016-06-01"
"Indian Bank",1485959,873076,2359035,10914.18,2313385,"(A) Public Sector Banks","2015-01-21"
"Indian Bank",274568,38682,313250,1199.46,150348,"(B) Regional Rural Bank","2015-01-21"
"Indian Bank",1713091,948508,2661599,19137.57,2630217,"(A) Public Sector Banks","2015-05-27"
"Indian Bank",321986,69454,391440,2135.19,280087,"(B) Regional Rural Bank","2015-05-27"
"Indian Bank",1870997,973967,2844964,24008.97,2811694,"(A) Public Sector Banks","2015-09-30"
"Indian Bank",332826,70175,403001,2782.78,271842,"(B) Regional Rural Bank","2015-09-30"
"Indian Bank",1968243,992704,2960947,28625.05,2927168,"(A) Public Sector Banks","2016-02-03"
"Indian Bank",337553,71201,408754,3197.4,282812,"(B) Regional Rural Bank","2016-02-03"
"Indian Bank",1897946,983922,2881868,32263.51,2850374,"(A) Public Sector Banks","2016-06-08"
"Indian Bank",341750,80531,422281,3635.92,345650,"(B) Regional Rural Bank","2016-06-08"
"Indian Bank",2022901,1023109,3046010,32751.18,2253369,"(A) Public Sector Banks","2016-10-12"
"Indian Bank",358387,81337,439724,4005.22,347091,"(B) Regional Rural Bank","2016-10-12"
"Indian Bank",2163175,1083361,3246536,50047.45,3194179,"(A) Public Sector Banks","2017-02-15"
"Indian Bank",399428,101438,500866,7647.78,374076,"(B) Regional Rural Bank","2017-02-15"
"Indian Bank",2175784,1086510,3262294,44470.44,3226592,"(A) Public Sector Banks","2017-06-21"
"Indian Bank",403459,119855,523314,6376.21,456038,"(B) Regional Rural Bank","2017-06-21"
"Indian Bank",2190228,1089827,3280055,44338.35,3253258,"(A) Public Sector Banks","2017-10-25"
"Indian Bank",415836,124107,539943,6714.24,467108,"(B) Regional Rural Bank","2017-10-25"
"Indian Bank",2207417,1101838,3309255,47474.59,3286071,"(A) Public Sector Banks","2018-02-28"
"Indian Bank",428364,134891,563255,7214.96,493744,"(B) Regional Rural Bank","2018-02-28"
"Indian Bank",2249324,1116655,3365979,50375.86,3329526,"(A) Public Sector Banks","2018-07-11"
"Indian Bank",441043,144984,586027,7569.72,496331,"(B) Regional Rural Bank","2018-07-11"
"Indian Bank",1899625,984546,2884171,31855.72,2850374,"(A) Public Sector Banks","2016-06-15"
"Indian Bank",342059,80500,422559,3672.41,345650,"(B) Regional Rural Bank","2016-06-15"
"Indian Bank",1908523,986841,2895364,31377.86,2861483,"(A) Public Sector Banks","2016-06-22"
"Indian Bank",342623,80556,423179,3696.12,345650,"(B) Regional Rural Bank","2016-06-22"
"Indian Bank",1915929,987549,2903478,30903.25,2861483,"(A) Public Sector Banks","2016-06-29"
"Indian Bank",343406,81251,424657,3738.07,345650,"(B) Regional Rural Bank","2016-06-29"
"Indian Bank",1926552,991635,2918187,30913.42,2876192,"(A) Public Sector Banks","2016-07-06"
"Indian Bank",344277,81261,425538,15319.98,345650,"(B) Regional Rural Bank","2016-07-06"
"Indian Bank",1935476,993475,2928951,31316.65,2876192,"(A) Public Sector Banks","2016-07-13"
"Indian Bank",344901,80639,425540,3816.75,345650,"(B) Regional Rural Bank","2016-07-13"
"Indian Bank",1943362,995613,2938975,31545.15,2886214,"(A) Public Sector Banks","2016-07-20"
"Indian Bank",345931,80662,426593,3850.79,345650,"(B) Regional Rural Bank","2016-07-20"
"Indian Bank",1953017,999253,2952270,31399.5,2892931,"(A) Public Sector Banks","2016-07-27"
"Indian Bank",346608,80721,427329,3909.99,345650,"(B) Regional Rural Bank","2016-07-27"
"Indian Bank",1961714,1002675,2964389,31873.43,2897766,"(A) Public Sector Banks","2016-08-03"
"Indian Bank",347716,80855,428571,3941.46,346960,"(B) Regional Rural Bank","2016-08-03"
"Indian Bank",1971546,1006948,2978494,32213.82,2904891,"(A) Public Sector Banks","2016-08-10"
"Indian Bank",350095,80956,431051,3882.93,346960,"(B) Regional Rural Bank","2016-08-10"
"Indian Bank",1978913,1009476,2988389,32080.73,2910839,"(A) Public Sector Banks","2016-08-17"
"Indian Bank",350324,80989,431313,3898.47,347040,"(B) Regional Rural Bank","2016-08-17"
"Indian Bank",1988426,1011374,2999800,31953.58,2913120,"(A) Public Sector Banks","2016-08-24"
"Indian Bank",349389,81100,430489,3916.72,347040,"(B) Regional Rural Bank","2016-08-24"
"Indian Bank",1998733,1013767,3012500,32188.58,2925820,"(A) Public Sector Banks","2016-08-31"
"Indian Bank",349614,81106,430720,3934.92,347040,"(B) Regional Rural Bank","2016-08-31"
"Indian Bank",1994475,1012832,3007307,32240.84,2920627,"(A) Public Sector Banks","2016-09-07"
"Indian Bank",351281,81227,432508,3886.1,347091,"(B) Regional Rural Bank","2016-09-07"
"Indian Bank",1999431,1014493,3013924,32545.52,2926593,"(A) Public Sector Banks","2016-09-14"
"Indian Bank",352064,81236,433300,3928.19,347091,"(B) Regional Rural Bank","2016-09-14"
"Indian Bank",2008254,1016640,3024894,32611.89,2937563,"(A) Public Sector Banks","2016-09-21"
"Indian Bank",353661,81268,434929,3936.85,347091,"(B) Regional Rural Bank","2016-09-21"
"Indian Bank",2016933,1021528,3038461,32667.37,2253369,"(A) Public Sector Banks","2016-09-28"
"Indian Bank",354433,81288,435721,3921.73,347091,"(B) Regional Rural Bank","2016-09-28"
"Indian Bank",2021684,1022895,3044579,32938.11,2253369,"(A) Public Sector Banks","2016-10-05"
"Indian Bank",357902,81325,439227,4063.03,347091,"(B) Regional Rural Bank","2016-10-05"
"Indian Bank",2024722,1023430,3048152,33334.79,2253369,"(A) Public Sector Banks","2016-10-19"
"Indian Bank",359644,81331,440975,4048.83,347091,"(B) Regional Rural Bank","2016-10-19"
"Indian Bank",2024722,1023430,3048152,33334.79,2253369,"(A) Public Sector Banks","2016-10-26"
"Indian Bank",359644,81331,440975,4048.83,347091,"(B) Regional Rural Bank","2016-10-26"
"Indian Bank",2037773,1028415,3066188,33533.98,2271405,"(A) Public Sector Banks","2016-11-02"
"Indian Bank",361595,81363,442958,4130.24,347091,"(B) Regional Rural Bank","2016-11-02"
"Indian Bank",2044150,1029673,3073823,38347.49,2279040,"(A) Public Sector Banks","2016-11-09"
"Indian Bank",361829,81369,443198,4154.02,347091,"(B) Regional Rural Bank","2016-11-09"
"Indian Bank",2044623,1030034,3074657,61131.3,2279874,"(A) Public Sector Banks","2016-11-16"
"Indian Bank",362038,81369,443407,9400.68,347091,"(B) Regional Rural Bank","2016-11-16"
"Indian Bank",2047091,1032483,3079574,63606.81,2284791,"(A) Public Sector Banks","2016-11-23"
"Indian Bank",372688,100940,473628,9753.09,347463,"(B) Regional Rural Bank","2016-11-23"
"Indian Bank",2059098,1038225,3097323,62301.41,2302540,"(A) Public Sector Banks","2016-11-30"
"Indian Bank",379653,101420,481073,9389.65,347479,"(B) Regional Rural Bank","2016-11-30"
"Indian Bank",2079569,1047566,3127135,61514.11,2504524,"(A) Public Sector Banks","2016-12-07"
"Indian Bank",385269,101420,486689,9332.53,368341,"(B) Regional Rural Bank","2016-12-07"
"Indian Bank",2096364,1054198,3150562,61283.62,2527951,"(A) Public Sector Banks","2016-12-14"
"Indian Bank",386636,101412,488048,9072.55,368399,"(B) Regional Rural Bank","2016-12-14"
"Indian Bank",2118810,1063220,3182030,60140.8,2619680,"(A) Public Sector Banks","2016-12-21"
"Indian Bank",390571,101416,491987,8556.5,368445,"(B) Regional Rural Bank","2016-12-21"
"Indian Bank",2134164,1069157,3203321,58824.78,2640971,"(A) Public Sector Banks","2016-12-28"
"Indian Bank",392835,101426,494261,8286.14,368450,"(B) Regional Rural Bank","2016-12-28"
"Indian Bank",2143620,1072924,3216544,56177.79,2654064,"(A) Public Sector Banks","2017-01-04"
"Indian Bank",393454,101432,494886,8028.54,369735,"(B) Regional Rural Bank","2017-01-04"
"Indian Bank",2150148,1075434,3225582,55633.38,2700446,"(A) Public Sector Banks","2017-01-11"
"Indian Bank",394464,101434,495898,7792.37,370565,"(B) Regional Rural Bank","2017-01-11"
"Indian Bank",2153469,1078708,3232177,54001.55,3158727,"(A) Public Sector Banks","2017-01-18"
"Indian Bank",396204,101438,497642,7841.87,371219,"(B) Regional Rural Bank","2017-01-18"
"Indian Bank",2156032,1080516,3236548,52506.92,3163098,"(A) Public Sector Banks","2017-01-25"
"Indian Bank",396836,101438,498274,7752.17,371510,"(B) Regional Rural Bank","2017-01-25"
"Indian Bank",2158613,1081379,3239992,51962.23,3167748,"(A) Public Sector Banks","2017-02-01"
"Indian Bank",397779,101438,499217,7805.54,372007,"(B) Regional Rural Bank","2017-02-01"
"Indian Bank",2160069,1082246,3242315,50872.79,3178295,"(A) Public Sector Banks","2017-02-08"
"Indian Bank",398390,101438,499828,7673.36,372920,"(B) Regional Rural Bank","2017-02-08"
"Indian Bank",2163639,1083662,3247301,49787.89,3197039,"(A) Public Sector Banks","2017-02-22"
"Indian Bank",401387,101442,502829,7518.9,375394,"(B) Regional Rural Bank","2017-02-22"
"Indian Bank",2164006,1083753,3247759,48911.23,3198097,"(A) Public Sector Banks","2017-03-01"
"Indian Bank",401705,101442,503147,7306.43,376803,"(B) Regional Rural Bank","2017-03-01"
"Indian Bank",2164474,1083859,3248333,48541.4,3200068,"(A) Public Sector Banks","2017-03-08"
"Indian Bank",402084,101473,503557,8058.85,400411,"(B) Regional Rural Bank","2017-03-08"
"Indian Bank",2164640,1084019,3248659,47548.63,3204128,"(A) Public Sector Banks","2017-03-15"
"Indian Bank",402416,101473,503889,6974.65,426604,"(B) Regional Rural Bank","2017-03-15"
"Indian Bank",2164713,1084064,3248777,46662.62,3205617,"(A) Public Sector Banks","2017-03-22"
"Indian Bank",402628,101473,504101,6850.27,428149,"(B) Regional Rural Bank","2017-03-22"
"Indian Bank",2164804,1084109,3248913,46574.26,3206900,"(A) Public Sector Banks","2017-03-29"
"Indian Bank",402705,101473,504178,6879.43,429984,"(B) Regional Rural Bank","2017-03-29"
"Indian Bank",2165123,1084109,3249232,46459.83,3210782,"(A) Public Sector Banks","2017-04-05"
"Indian Bank",404134,101473,505607,6706.26,438188,"(B) Regional Rural Bank","2017-04-05"
"Indian Bank",2165624,1084109,3249733,46447.76,3211103,"(A) Public Sector Banks","2017-04-12"
"Indian Bank",404416,101473,505889,6706.26,438188,"(B) Regional Rural Bank","2017-04-12"
"Indian Bank",2166309,1084585,3250894,46298.75,3212369,"(A) Public Sector Banks","2017-04-19"
"Indian Bank",404575,101838,506413,6671.92,444064,"(B) Regional Rural Bank","2017-04-19"
"Indian Bank",2167644,1084793,3252437,46119.62,3215891,"(A) Public Sector Banks","2017-04-26"
"Indian Bank",405230,102719,507949,6718.67,445897,"(B) Regional Rural Bank","2017-04-26"
"Indian Bank",2168587,1085040,3253627,46553.66,3217609,"(A) Public Sector Banks","2017-05-03"
"Indian Bank",400575,119032,519607,6829.18,449276,"(B) Regional Rural Bank","2017-05-03"
"Indian Bank",2169487,1085324,3254811,47373.59,3218625,"(A) Public Sector Banks","2017-05-10"
"Indian Bank",400697,119306,520003,6730.31,449847,"(B) Regional Rural Bank","2017-05-10"
"Indian Bank",2170214,1085508,3255722,46558.86,3220020,"(A) Public Sector Banks","2017-05-17"
"Indian Bank",400955,119306,520261,6635.18,451997,"(B) Regional Rural Bank","2017-05-17"
"Indian Bank",2171282,1085694,3256976,45209.84,3221274,"(A) Public Sector Banks","2017-05-24"
"Indian Bank",401498,119400,520898,6509.22,452123,"(B) Regional Rural Bank","2017-05-24"
"Indian Bank",2172541,1085943,3258484,45007.04,3222782,"(A) Public Sector Banks","2017-05-31"
"Indian Bank",402058,119433,521491,6651.48,454265,"(B) Regional Rural Bank","2017-05-31"
"Indian Bank",2173538,1086083,3259621,43251.27,3223919,"(A) Public Sector Banks","2017-06-07"
"Indian Bank",402400,119702,522102,6539.94,454710,"(B) Regional Rural Bank","2017-06-07"
"Indian Bank",2174508,1086306,3260814,45363.79,3225112,"(A) Public Sector Banks","2017-06-14"
"Indian Bank",402804,119763,522567,6388.32,455727,"(B) Regional Rural Bank","2017-06-14"
"Indian Bank",2176812,1086635,3263447,43085.32,3227745,"(A) Public Sector Banks","2017-06-28"
"Indian Bank",404014,119905,523919,6332.89,456495,"(B) Regional Rural Bank","2017-06-28"
"Indian Bank",2178278,1086635,3264913,43867.81,3229211,"(A) Public Sector Banks","2017-07-05"
"Indian Bank",404958,119983,524941,5197.45,456561,"(B) Regional Rural Bank","2017-07-05"
"Indian Bank",2178483,1086880,3265363,44729.09,3229670,"(A) Public Sector Banks","2017-07-12"
"Indian Bank",405824,120366,526190,6364.84,456749,"(B) Regional Rural Bank","2017-07-12"
"Indian Bank",2178797,1087159,3265956,44187.87,3230225,"(A) Public Sector Banks","2017-07-19"
"Indian Bank",406162,120434,526596,6356.86,457352,"(B) Regional Rural Bank","2017-07-19"
"Indian Bank",2179217,1087352,3266569,43666.45,3230838,"(A) Public Sector Banks","2017-07-26"
"Indian Bank",406186,120555,526741,6271.56,457428,"(B) Regional Rural Bank","2017-07-26"
"Indian Bank",2180718,1087638,3268356,44886.76,3234438,"(A) Public Sector Banks","2017-08-02"
"Indian Bank",406333,120780,527113,6423.74,457461,"(B) Regional Rural Bank","2017-08-02"
"Indian Bank",2181517,1087721,3269238,45142.61,3235652,"(A) Public Sector Banks","2017-08-09"
"Indian Bank",407668,120973,528641,6522.43,457487,"(B) Regional Rural Bank","2017-08-09"
"Indian Bank",2182030,1087783,3269813,45062.02,3236227,"(A) Public Sector Banks","2017-08-16"
"Indian Bank",408084,120981,529065,6380.71,457571,"(B) Regional Rural Bank","2017-08-16"
"Indian Bank",2182670,1087846,3270516,44477.04,3237149,"(A) Public Sector Banks","2017-08-23"
"Indian Bank",408456,120988,529444,6357.94,457594,"(B) Regional Rural Bank","2017-08-23"
"Indian Bank",2183729,1088019,3271748,44475.07,3238448,"(A) Public Sector Banks","2017-08-30"
"Indian Bank",409673,121028,530701,6349.02,458996,"(B) Regional Rural Bank","2017-08-30"
"Indian Bank",2187510,1088179,3275689,44884.65,3247629,"(A) Public Sector Banks","2017-09-06"
"Indian Bank",410875,121355,532230,6423.18,459036,"(B) Regional Rural Bank","2017-09-06"
"Indian Bank",2188172,1088684,3276856,44904.89,3248796,"(A) Public Sector Banks","2017-09-13"
"Indian Bank",410906,121355,532261,6311.06,459079,"(B) Regional Rural Bank","2017-09-13"
"Indian Bank",2188428,1088736,3277164,44461.95,3250452,"(A) Public Sector Banks","2017-09-20"
"Indian Bank",412377,121505,533882,6335.31,459121,"(B) Regional Rural Bank","2017-09-20"
"Indian Bank",2188428,1088885,3277313,44462.94,3250470,"(A) Public Sector Banks","2017-09-27"
"Indian Bank",412423,121505,533928,6335.31,461342,"(B) Regional Rural Bank","2017-09-27"
"Indian Bank",2188755,1089112,3277867,44720.33,3251136,"(A) Public Sector Banks","2017-10-04"
"Indian Bank",412609,121511,534120,6447.81,461802,"(B) Regional Rural Bank","2017-10-04"
"Indian Bank",2189034,1089324,3278358,45655.07,3251561,"(A) Public Sector Banks","2017-10-11"
"Indian Bank",414931,122103,537034,6463.07,465886,"(B) Regional Rural Bank","2017-10-11"
"Indian Bank",2189403,1089521,3278924,44929.99,3252127,"(A) Public Sector Banks","2017-10-18"
"Indian Bank",415092,124107,539199,6512.57,466742,"(B) Regional Rural Bank","2017-10-18"
"Indian Bank",2190783,1089991,3280774,44931.27,3253977,"(A) Public Sector Banks","2017-11-01"
"Indian Bank",416425,124210,540635,6675.75,467420,"(B) Regional Rural Bank","2017-11-01"
"Indian Bank",2191138,1090297,3281435,44931.27,3254636,"(A) Public Sector Banks","2017-11-08"
"Indian Bank",416622,124210,540832,6706.2,467516,"(B) Regional Rural Bank","2017-11-08"
"Indian Bank",2191579,1093954,3285533,46054.95,3256800,"(A) Public Sector Banks","2017-11-15"
"Indian Bank",417500,127569,545069,6724.23,472462,"(B) Regional Rural Bank","2017-11-15"
"Indian Bank",2196532,1094491,3291023,45344.28,3259934,"(A) Public Sector Banks","2017-11-22"
"Indian Bank",418174,128837,547011,6729.25,488129,"(B) Regional Rural Bank","2017-11-22"
"Indian Bank",2197230,1094830,3292060,45348.43,3269219,"(A) Public Sector Banks","2017-11-29"
"Indian Bank",420445,129587,550032,6716.61,488129,"(B) Regional Rural Bank","2017-11-29"
"Indian Bank",2197279,1094922,3292201,45348.43,3269362,"(A) Public Sector Banks","2017-12-06"
"Indian Bank",420979,129644,550623,6913.25,488149,"(B) Regional Rural Bank","2017-12-06"
"Indian Bank",2197300,1097396,3294696,46820.7,3271695,"(A) Public Sector Banks","2017-12-13"
"Indian Bank",421309,129683,550992,7016.4,489920,"(B) Regional Rural Bank","2017-12-13"
"Indian Bank",2198936,1096998,3295934,46467.06,3272812,"(A) Public Sector Banks","2017-12-20"
"Indian Bank",422608,131614,554222,6906.26,491224,"(B) Regional Rural Bank","2017-12-20"
"Indian Bank",2199563,1097243,3296806,46094.43,3273630,"(A) Public Sector Banks","2017-12-27"
"Indian Bank",423003,131651,554654,6932.1,492465,"(B) Regional Rural Bank","2017-12-27"
"Indian Bank",2200173,1097738,3297911,46790.52,3274676,"(A) Public Sector Banks","2018-01-03"
"Indian Bank",422165,132847,555012,6951.56,493164,"(B) Regional Rural Bank","2018-01-03"
"Indian Bank",2201113,1098539,3299652,47987.6,3276429,"(A) Public Sector Banks","2018-01-10"
"Indian Bank",423103,133074,556177,6987.97,493212,"(B) Regional Rural Bank","2018-01-10"
"Indian Bank",2201685,1098680,3300365,47151.41,3277137,"(A) Public Sector Banks","2018-01-17"
"Indian Bank",423242,133068,556310,6906.3,493212,"(B) Regional Rural Bank","2018-01-17"
"Indian Bank",2202593,1099353,3301946,46520.73,3278720,"(A) Public Sector Banks","2018-01-24"
"Indian Bank",424154,133649,557803,6906.3,493305,"(B) Regional Rural Bank","2018-01-24"
"Indian Bank",2203005,1099619,3302624,47251.14,3279991,"(A) Public Sector Banks","2018-01-31"
"Indian Bank",424892,133671,558563,7168.56,493356,"(B) Regional Rural Bank","2018-01-31"
"Indian Bank",2204343,1100185,3304528,48564.19,3281516,"(A) Public Sector Banks","2018-02-07"
"Indian Bank",425521,134303,559824,7191.89,493356,"(B) Regional Rural Bank","2018-02-07"
"Indian Bank",2204905,1100378,3305283,48758.18,3282242,"(A) Public Sector Banks","2018-02-14"
"Indian Bank",426472,134337,560809,7169.72,493693,"(B) Regional Rural Bank","2018-02-14"
"Indian Bank",2205912,1101465,3307377,47527.3,3284303,"(A) Public Sector Banks","2018-02-21"
"Indian Bank",427480,134877,562357,7210.48,493693,"(B) Regional Rural Bank","2018-02-21"
"Indian Bank",2208082,1101884,3309966,48761.66,3286755,"(A) Public Sector Banks","2018-03-07"
"Indian Bank",429868,134927,564795,7180.72,493757,"(B) Regional Rural Bank","2018-03-07"
"Indian Bank",2208100,1101961,3310061,48872.72,3286846,"(A) Public Sector Banks","2018-03-14"
"Indian Bank",430384,134927,565311,7332.61,493770,"(B) Regional Rural Bank","2018-03-14"
"Indian Bank",2208188,1101964,3310152,48757.38,3286874,"(A) Public Sector Banks","2018-03-21"
"Indian Bank",429301,137425,566726,7445.27,493804,"(B) Regional Rural Bank","2018-03-21"
"Indian Bank",2208346,1102397,3310743,49427.89,3287289,"(A) Public Sector Banks","2018-03-28"
"Indian Bank",429301,137425,566726,7445.27,493804,"(B) Regional Rural Bank","2018-03-28"
"Indian Bank",2208406,1102867,3311273,49427.89,3287483,"(A) Public Sector Banks","2018-04-04"
"Indian Bank",430271,139972,570243,7517.34,493804,"(B) Regional Rural Bank","2018-04-04"
"Indian Bank",2208406,1102867,3311273,51573.03,3288675,"(A) Public Sector Banks","2018-04-11"
"Indian Bank",430271,139972,570243,7517.34,493804,"(B) Regional Rural Bank","2018-04-11"
"Indian Bank",2209442,1103523,3312965,50935.08,3288955,"(A) Public Sector Banks","2018-04-18"
"Indian Bank",431762,139800,571562,7917.68,493921,"(B) Regional Rural Bank","2018-04-18"
"Indian Bank",2210816,1104971,3315787,49919.57,3293396,"(A) Public Sector Banks","2018-04-25"
"Indian Bank",432113,142326,574439,7749.89,494397,"(B) Regional Rural Bank","2018-04-25"
"Indian Bank",2235404,1104753,3340157,50147.72,3317846,"(A) Public Sector Banks","2018-05-02"
"Indian Bank",432113,142326,574439,7749.89,494397,"(B) Regional Rural Bank","2018-05-02"
"Indian Bank",2235851,1104951,3340802,50984.57,3318256,"(A) Public Sector Banks","2018-05-09"
"Indian Bank",433605,143313,576918,7816.32,495626,"(B) Regional Rural Bank","2018-05-09"
"Indian Bank",2236858,1105105,3341963,49594.55,3319205,"(A) Public Sector Banks","2018-05-23"
"Indian Bank",434647,143883,578530,7850.23,495837,"(B) Regional Rural Bank","2018-05-23"
"Indian Bank",2237554,1105544,3343098,49405.67,3320136,"(A) Public Sector Banks","2018-05-30"
"Indian Bank",435189,143718,578907,7714.76,495837,"(B) Regional Rural Bank","2018-05-30"
"Indian Bank",2238124,1105871,3343995,50703.44,3321003,"(A) Public Sector Banks","2018-06-06"
"Indian Bank",435787,143665,579452,7954.88,495837,"(B) Regional Rural Bank","2018-06-06"
"Indian Bank",2244924,1115238,3360162,50703.44,3323688,"(A) Public Sector Banks","2018-06-13"
"Indian Bank",436405,144836,581241,7949.61,496331,"(B) Regional Rural Bank","2018-06-13"
"Indian Bank",2246406,1115604,3362010,49362.62,3325426,"(A) Public Sector Banks","2018-06-20"
"Indian Bank",437235,144872,582107,7786.33,496331,"(B) Regional Rural Bank","2018-06-20"
"Indian Bank",2247244,1115848,3363092,49031.02,3326645,"(A) Public Sector Banks","2018-06-27"
"Indian Bank",438402,144886,583288,7644.21,496331,"(B) Regional Rural Bank","2018-06-27"
"Indian Bank",2248389,1116012,3364401,49861.19,3328071,"(A) Public Sector Banks","2018-07-04"
"Indian Bank",439850,145004,584854,7725.53,496331,"(B) Regional Rural Bank","2018-07-04"
"Indian Bank",2250301,1117397,3367698,50119.56,3331116,"(A) Public Sector Banks","2018-07-18"
"Indian Bank",441043,144984,586027,7569.72,496331,"(B) Regional Rural Bank","2018-07-18"
"Indian Bank",2253493,1118054,3371547,50087.27,3335131,"(A) Public Sector Banks","2018-08-01"
"Indian Bank",444297,147523,591820,7634.78,496331,"(B) Regional Rural Bank","2018-08-01"
"Indian Bank",2255210,1119002,3374212,51023.44,3338004,"(A) Public Sector Banks","2018-08-08"
"Indian Bank",445139,150715,595854,7791.7,496331,"(B) Regional Rural Bank","2018-08-08"
"Indian Bank",2255797,1119179,3374976,50603.33,3338806,"(A) Public Sector Banks","2018-08-15"
"Indian Bank",445662,150719,596381,7583.66,496331,"(B) Regional Rural Bank","2018-08-15"
"Indian Bank",2255797,1119179,3374976,50603.33,3338806,"(A) Public Sector Banks","2018-08-22"
"Indian Bank",445662,150719,596381,7583.66,496331,"(B) Regional Rural Bank","2018-08-22"
"Indian Bank",2255797,1119179,3374976,50603.33,3338806,"(A) Public Sector Banks","2018-08-29"
"Indian Bank",445662,150719,596381,7583.66,496331,"(B) Regional Rural Bank","2018-08-29"
"Indian Bank",2258300,1120096,3378396,50125.12,3342081,"(A) Public Sector Banks","2018-09-05"
"Indian Bank",449456,151609,601065,8629.7,496331,"(B) Regional Rural Bank","2018-09-05"
"Indian Bank",2258827,1120148,3378975,50125.12,3342660,"(A) Public Sector Banks","2018-09-12"
"Indian Bank",449456,151609,601065,8629.7,496331,"(B) Regional Rural Bank","2018-09-12"
"Indian Bank",2262333,1120148,3382481,50125.12,3345439,"(A) Public Sector Banks","2018-09-19"
"Indian Bank",450143,151622,601765,7828.28,496331,"(B) Regional Rural Bank","2018-09-19"
"Indian Bank",2262333,1120148,3382481,50125.12,3345439,"(A) Public Sector Banks","2018-09-26"
"Indian Bank",450143,151622,601765,7828.28,496331,"(B) Regional Rural Bank","2018-09-26"
"Indian Bank",2276378,1127140,3403518,51473.72,3366625,"(A) Public Sector Banks","2018-10-03"
"Indian Bank",454096,156212,610308,7896.41,496332,"(B) Regional Rural Bank","2018-10-03"
"Indian Bank",2280544,1128843,3409387,52245.52,3373718,"(A) Public Sector Banks","2018-10-10"
"Indian Bank",455128,156522,611650,7614.37,497131,"(B) Regional Rural Bank","2018-10-10"
"Indian Bank",2284082,1130168,3414250,51167.15,3378584,"(A) Public Sector Banks","2018-10-17"
"Indian Bank",455996,156977,612973,7663,497305,"(B) Regional Rural Bank","2018-10-17"
"Indian Bank",2305658,1137639,3443297,51348.86,3408696,"(A) Public Sector Banks","2018-10-24"
"Indian Bank",457099,158507,615606,7669.19,522588,"(B) Regional Rural Bank","2018-10-24"
"Indian Bank",2324592,1138747,3463339,52414.15,3428738,"(A) Public Sector Banks","2018-10-31"
"Indian Bank",461639,159244,620883,7763.36,527908,"(B) Regional Rural Bank","2018-10-31"
"Indian Bank",2348819,1140333,3489152,53499.36,3454551,"(A) Public Sector Banks","2018-11-07"
"Indian Bank",462897,159244,622141,7804.77,563053,"(B) Regional Rural Bank","2018-11-07"
"Indian Bank",2366845,1146331,3513176,52380.36,3478575,"(A) Public Sector Banks","2018-11-14"
"Indian Bank",467760,161333,629093,7742.06,564180,"(B) Regional Rural Bank","2018-11-14"
"Indian Bank",2385390,1154998,3540388,51217.56,3505787,"(A) Public Sector Banks","2018-11-21"
"Indian Bank",471200,162809,634009,7981.03,564280,"(B) Regional Rural Bank","2018-11-21"
"Indian Bank",2396316,1158073,3554389,51504.98,3519788,"(A) Public Sector Banks","2018-11-28"
"Indian Bank",473344,163572,636916,8429.69,564484,"(B) Regional Rural Bank","2018-11-28"
"Indian Bank",2400010,1159397,3559407,52485.54,3524806,"(A) Public Sector Banks","2018-12-05"
"Indian Bank",475963,166149,642112,8184.12,564713,"(B) Regional Rural Bank","2018-12-05"
"Indian Bank",2403077,1160461,3563538,52864.22,3528937,"(A) Public Sector Banks","2018-12-12"
"Indian Bank",477319,166435,643754,8095.86,564911,"(B) Regional Rural Bank","2018-12-12"
"Indian Bank",2406919,1161968,3568887,52419.21,3534286,"(A) Public Sector Banks","2018-12-19"
"Indian Bank",478482,166674,645156,8086.56,565104,"(B) Regional Rural Bank","2018-12-19"
"Indian Bank",2408301,1162534,3570835,52198.46,3536234,"(A) Public Sector Banks","2018-12-26"
"Indian Bank",479389,166908,646297,8110.78,565177,"(B) Regional Rural Bank","2018-12-26"
"Indian Bank",2408301,1162534,3570835,52198.46,3536234,"(A) Public Sector Banks","2019-01-02"
"Indian Bank",479389,166908,646297,8110.78,565177,"(B) Regional Rural Bank","2019-01-02"
"Indian Bank",2416930,1165327,3582257,55933.01,3547656,"(A) Public Sector Banks","2019-01-16"
"Indian Bank",482386,172256,654642,8277.69,565570,"(B) Regional Rural Bank","2019-01-16"
"Indian Bank",2416930,1165327,3582257,55933.01,3547656,"(A) Public Sector Banks","2019-01-23"
"Indian Bank",483567,172442,656009,8062.97,565609,"(B) Regional Rural Bank","2019-01-23"
