Bank Name / Type,Number of Beneficiaries at rural/semiurban centre bank branches,Number of Beneficiaries at urban metro centre bank branches,Number of Total Beneficiaries,Deposits in Accounts(In lac),Number of Rupay Debit Cards issued to beneficiaries,level,date
"Karur Vysya Bank",3392,36906,40298,12.49,16922,"(C) Major Private Banks","2014-09-24"
"Karur Vysya Bank",3666,40301,43967,14.71,36018,"(C) Major Private Banks","2014-10-08"
"Karur Vysya Bank",3872,44186,48058,22.76,38078,"(C) Major Private Banks","2014-10-15"
"Karur Vysya Bank",4003,47389,51392,26.84,39630,"(C) Major Private Banks","2014-10-22"
"Karur Vysya Bank",4169,49549,53718,96.77,42744,"(C) Major Private Banks","2014-10-29"
"Karur Vysya Bank",4250,50881,55131,109.29,42744,"(C) Major Private Banks","2014-11-05"
"Karur Vysya Bank",4326,52143,56469,92.96,48035,"(C) Major Private Banks","2014-11-12"
"Karur Vysya Bank",4406,54013,58419,105.9,49711,"(C) Major Private Banks","2014-11-19"
"Karur Vysya Bank",4461,56674,61135,122.54,51996,"(C) Major Private Banks","2014-11-26"
"Karur Vysya Bank",4523,58880,63403,128.13,55758,"(C) Major Private Banks","2014-12-03"
"Karur Vysya Bank",4695,62202,66897,128.37,55756,"(C) Major Private Banks","2014-12-10"
"Karur Vysya Bank",4922,68826,73748,157.89,61557,"(C) Major Private Banks","2014-12-17"
"Karur Vysya Bank",5428,73726,79154,159.04,66966,"(C) Major Private Banks","2014-12-24"
"Karur Vysya Bank",5670,77925,83595,199.65,75695,"(C) Major Private Banks","2014-12-31"
"Karur Vysya Bank",5772,79941,85713,211.4,81366,"(C) Major Private Banks","2015-01-07"
"Karur Vysya Bank",6014,82392,88406,243.6,83176,"(C) Major Private Banks","2015-01-14"
"Karur Vysya Bank",6594,85090,91684,292.18,87978,"(C) Major Private Banks","2015-01-28"
"Karur Vysya Bank",6880,86619,93499,295.29,89948,"(C) Major Private Banks","2015-02-04"
"Karur Vysya Bank",7232,88418,95650,347.59,91412,"(C) Major Private Banks","2015-02-11"
"Karur Vysya Bank",7833,89984,97817,401.12,93803,"(C) Major Private Banks","2015-02-18"
"Karur Vysya Bank",8363,91742,100105,391.93,95670,"(C) Major Private Banks","2015-02-25"
"Karur Vysya Bank",9175,93130,102305,416.84,97771,"(C) Major Private Banks","2015-03-04"
"Karur Vysya Bank",9611,94306,103917,455.98,99249,"(C) Major Private Banks","2015-03-11"
"Karur Vysya Bank",10076,95790,105866,446.92,100666,"(C) Major Private Banks","2015-03-18"
"Karur Vysya Bank",10284,96687,106971,487.31,103829,"(C) Major Private Banks","2015-03-25"
"Karur Vysya Bank",10428,98074,108502,519.17,104889,"(C) Major Private Banks","2015-04-01"
"Karur Vysya Bank",10520,98780,109300,571.73,105349,"(C) Major Private Banks","2015-04-08"
"Karur Vysya Bank",10637,99435,110072,573.79,105944,"(C) Major Private Banks","2015-04-15"
"Karur Vysya Bank",10935,100202,111137,541.31,107079,"(C) Major Private Banks","2015-04-22"
"Karur Vysya Bank",11159,100959,112118,572.48,107804,"(C) Major Private Banks","2015-04-29"
"Karur Vysya Bank",11300,101470,112770,774.86,107981,"(C) Major Private Banks","2015-05-06"
"Karur Vysya Bank",11601,102183,113784,570.24,109052,"(C) Major Private Banks","2015-05-13"
"Karur Vysya Bank",11939,102936,114875,602.74,110112,"(C) Major Private Banks","2015-05-20"
"Karur Vysya Bank",12675,104210,116885,565.1,111930,"(C) Major Private Banks","2015-06-03"
"Karur Vysya Bank",13074,104647,117721,634.41,112536,"(C) Major Private Banks","2015-06-10"
"Karur Vysya Bank",13698,105296,118994,664.78,113600,"(C) Major Private Banks","2015-06-17"
"Karur Vysya Bank",14036,105970,120006,714.58,114902,"(C) Major Private Banks","2015-06-24"
"Karur Vysya Bank",14311,106448,120759,695.86,115568,"(C) Major Private Banks","2015-07-01"
"Karur Vysya Bank",14509,106708,121217,703.44,115566,"(C) Major Private Banks","2015-07-08"
"Karur Vysya Bank",14736,107085,121821,658.72,115836,"(C) Major Private Banks","2015-07-15"
"Karur Vysya Bank",14979,107436,122415,669.2,116451,"(C) Major Private Banks","2015-07-22"
"Karur Vysya Bank",15146,107815,122961,683.06,117224,"(C) Major Private Banks","2015-07-29"
"Karur Vysya Bank",15202,108164,123366,658.71,117342,"(C) Major Private Banks","2015-08-05"
"Karur Vysya Bank",15353,108595,123948,686.23,117795,"(C) Major Private Banks","2015-08-12"
"Karur Vysya Bank",15475,108928,124403,708.45,117794,"(C) Major Private Banks","2015-08-19"
"Karur Vysya Bank",15682,109298,124980,752.41,118602,"(C) Major Private Banks","2015-08-26"
"Karur Vysya Bank",15817,109580,125397,759.27,118791,"(C) Major Private Banks","2015-09-02"
"Karur Vysya Bank",16100,109905,126005,768.22,118946,"(C) Major Private Banks","2015-09-09"
"Karur Vysya Bank",16260,110346,126606,788.06,119033,"(C) Major Private Banks","2015-09-16"
"Karur Vysya Bank",16420,110643,127063,811.24,119454,"(C) Major Private Banks","2015-09-23"
"Karur Vysya Bank",16709,111273,127982,791.7,119968,"(C) Major Private Banks","2015-10-07"
"Karur Vysya Bank",16845,111562,128407,784.35,120310,"(C) Major Private Banks","2015-10-14"
"Karur Vysya Bank",16955,111803,128758,920.27,120476,"(C) Major Private Banks","2015-10-21"
"Karur Vysya Bank",17017,112037,129054,903.95,120559,"(C) Major Private Banks","2015-10-28"
"Karur Vysya Bank",17120,112380,129500,945.48,120747,"(C) Major Private Banks","2015-11-04"
"Karur Vysya Bank",17156,112657,129813,933.94,120869,"(C) Major Private Banks","2015-11-11"
"Karur Vysya Bank",17227,112938,130165,954.24,120967,"(C) Major Private Banks","2015-11-18"
"Karur Vysya Bank",17398,113206,130604,911.09,120966,"(C) Major Private Banks","2015-11-25"
"Karur Vysya Bank",17468,113434,130902,933.47,121195,"(C) Major Private Banks","2015-12-02"
"Karur Vysya Bank",17575,113691,131266,951.83,121326,"(C) Major Private Banks","2015-12-09"
"Karur Vysya Bank",17680,114214,131894,1008.74,121462,"(C) Major Private Banks","2015-12-16"
"Karur Vysya Bank",17772,114735,132507,984.22,121875,"(C) Major Private Banks","2015-12-23"
"Karur Vysya Bank",17840,114824,132664,1077.67,121899,"(C) Major Private Banks","2015-12-30"
"Karur Vysya Bank",17936,115537,133473,1109.92,122445,"(C) Major Private Banks","2016-01-06"
"Karur Vysya Bank",17993,115928,133921,900.72,122772,"(C) Major Private Banks","2016-01-13"
"Karur Vysya Bank",18046,116238,134284,939.62,122771,"(C) Major Private Banks","2016-01-20"
"Karur Vysya Bank",18105,116931,135036,952.65,123100,"(C) Major Private Banks","2016-01-27"
"Karur Vysya Bank",18419,118337,136756,990.86,123738,"(C) Major Private Banks","2016-02-10"
"Karur Vysya Bank",18550,119086,137636,1000.09,123665,"(C) Major Private Banks","2016-02-17"
"Karur Vysya Bank",18643,120028,138671,1014.74,123553,"(C) Major Private Banks","2016-02-24"
"Karur Vysya Bank",18858,120936,139794,1061.48,123482,"(C) Major Private Banks","2016-03-02"
"Karur Vysya Bank",19037,122030,141067,1033.54,123369,"(C) Major Private Banks","2016-03-09"
"Karur Vysya Bank",19168,123073,142241,1136.14,123318,"(C) Major Private Banks","2016-03-16"
"Karur Vysya Bank",19239,123937,143176,1145.04,123157,"(C) Major Private Banks","2016-03-23"
"Karur Vysya Bank",19289,124579,143868,1130.29,123105,"(C) Major Private Banks","2016-03-30"
"Karur Vysya Bank",19324,125406,144730,1155.75,123058,"(C) Major Private Banks","2016-04-06"
"Karur Vysya Bank",19380,126039,145419,1316.62,123006,"(C) Major Private Banks","2016-04-13"
"Karur Vysya Bank",19425,126489,145914,1197.98,122989,"(C) Major Private Banks","2016-04-20"
"Karur Vysya Bank",19461,127207,146668,1145.97,122870,"(C) Major Private Banks","2016-04-27"
"Karur Vysya Bank",19586,128114,147700,1155.92,136611,"(C) Major Private Banks","2016-05-04"
"Karur Vysya Bank",19630,128740,148370,1192.29,136862,"(C) Major Private Banks","2016-05-11"
"Karur Vysya Bank",19646,129145,148791,1200.37,137151,"(C) Major Private Banks","2016-05-18"
"Karur Vysya Bank",19683,129487,149170,1206.45,137617,"(C) Major Private Banks","2016-05-25"
"Karur Vysya Bank",19761,130008,149769,1202.57,137892,"(C) Major Private Banks","2016-06-01"
"Karur Vysya Bank",6254,83565,89819,239.32,87794,"(C) Major Private Banks","2015-01-21"
"Karur Vysya Bank",12254,103578,115832,566.48,110880,"(C) Major Private Banks","2015-05-27"
"Karur Vysya Bank",16540,110972,127512,857.44,119693,"(C) Major Private Banks","2015-09-30"
"Karur Vysya Bank",18265,117665,135930,951.82,123871,"(C) Major Private Banks","2016-02-03"
"Karur Vysya Bank",19761,130008,149769,1202.57,137892,"(C) Major Private Banks","2016-06-08"
"Karur Vysya Bank",21974,138395,160369,1323,146342,"(C) Major Private Banks","2016-10-12"
"Karur Vysya Bank",22911,147509,170420,2028.56,154060,"(C) Major Private Banks","2017-02-15"
"Karur Vysya Bank",24050,155631,179681,1651.82,162108,"(C) Major Private Banks","2017-06-21"
"Karur Vysya Bank",24900,159480,184380,1514.15,182120,"(C) Major Private Banks","2017-10-25"
"Karur Vysya Bank",25321,162531,187852,1654,185417,"(C) Major Private Banks","2018-02-28"
"Karur Vysya Bank",26418,167658,194076,1709.34,190839,"(C) Major Private Banks","2018-07-11"
"Karur Vysya Bank",20065,131122,151187,1176.29,139131,"(C) Major Private Banks","2016-06-15"
"Karur Vysya Bank",20242,131531,151773,1174.24,139728,"(C) Major Private Banks","2016-06-22"
"Karur Vysya Bank",20385,132032,152417,1169.58,140270,"(C) Major Private Banks","2016-06-29"
"Karur Vysya Bank",20570,132578,153148,1193.06,140538,"(C) Major Private Banks","2016-07-06"
"Karur Vysya Bank",20715,132945,153660,1220.85,140903,"(C) Major Private Banks","2016-07-13"
"Karur Vysya Bank",20970,133589,154559,1322.49,141727,"(C) Major Private Banks","2016-07-20"
"Karur Vysya Bank",21053,134068,155121,1277.23,142361,"(C) Major Private Banks","2016-07-27"
"Karur Vysya Bank",21141,134565,155706,1267.03,142544,"(C) Major Private Banks","2016-08-03"
"Karur Vysya Bank",21255,134858,156113,1271.89,142695,"(C) Major Private Banks","2016-08-10"
"Karur Vysya Bank",21327,135317,156644,1306.36,143246,"(C) Major Private Banks","2016-08-17"
"Karur Vysya Bank",21494,135845,157339,1275.35,143733,"(C) Major Private Banks","2016-08-24"
"Karur Vysya Bank",21573,136181,157754,1294.38,144067,"(C) Major Private Banks","2016-08-31"
"Karur Vysya Bank",21636,136406,158042,1259.3,144365,"(C) Major Private Banks","2016-09-07"
"Karur Vysya Bank",21684,136753,158437,1295.82,144363,"(C) Major Private Banks","2016-09-14"
"Karur Vysya Bank",21800,137422,159222,1333.83,145292,"(C) Major Private Banks","2016-09-21"
"Karur Vysya Bank",21914,137863,159777,1343.84,146051,"(C) Major Private Banks","2016-09-28"
"Karur Vysya Bank",21962,138267,160229,1319.17,146332,"(C) Major Private Banks","2016-10-05"
"Karur Vysya Bank",22046,138726,160772,1336.99,146929,"(C) Major Private Banks","2016-10-19"
"Karur Vysya Bank",22128,139240,161368,1353.51,146829,"(C) Major Private Banks","2016-10-26"
"Karur Vysya Bank",22176,139441,161617,1327.09,147166,"(C) Major Private Banks","2016-11-02"
"Karur Vysya Bank",22209,139647,161856,1359.55,147304,"(C) Major Private Banks","2016-11-09"
"Karur Vysya Bank",22212,139718,161930,2918.92,147326,"(C) Major Private Banks","2016-11-16"
"Karur Vysya Bank",22217,139869,162086,3100.28,147419,"(C) Major Private Banks","2016-11-23"
"Karur Vysya Bank",22241,140047,162288,2933.31,147561,"(C) Major Private Banks","2016-11-30"
"Karur Vysya Bank",22344,141019,163363,2950.37,147072,"(C) Major Private Banks","2016-12-07"
"Karur Vysya Bank",22424,141833,164257,2896.12,147449,"(C) Major Private Banks","2016-12-14"
"Karur Vysya Bank",22497,143234,165731,2760.54,149213,"(C) Major Private Banks","2016-12-21"
"Karur Vysya Bank",22534,143947,166481,2573.4,150029,"(C) Major Private Banks","2016-12-28"
"Karur Vysya Bank",22615,144625,167240,2465.37,150666,"(C) Major Private Banks","2017-01-04"
"Karur Vysya Bank",22665,145081,167746,2352.67,151376,"(C) Major Private Banks","2017-01-11"
"Karur Vysya Bank",22676,145384,168060,2271.39,151832,"(C) Major Private Banks","2017-01-18"
"Karur Vysya Bank",22735,146065,168800,2110.09,152216,"(C) Major Private Banks","2017-01-25"
"Karur Vysya Bank",22761,146383,169144,2062.76,152758,"(C) Major Private Banks","2017-02-01"
"Karur Vysya Bank",22852,146993,169845,2073.28,152979,"(C) Major Private Banks","2017-02-08"
"Karur Vysya Bank",22979,148004,170983,1966.17,154700,"(C) Major Private Banks","2017-02-22"
"Karur Vysya Bank",23011,148261,171272,2038.27,155147,"(C) Major Private Banks","2017-03-01"
"Karur Vysya Bank",23076,148891,171967,2504.12,155361,"(C) Major Private Banks","2017-03-08"
"Karur Vysya Bank",23099,149520,172619,2087.24,156241,"(C) Major Private Banks","2017-03-15"
"Karur Vysya Bank",23179,150384,173563,2149.35,157106,"(C) Major Private Banks","2017-03-22"
"Karur Vysya Bank",23232,151015,174247,1906.17,157858,"(C) Major Private Banks","2017-03-29"
"Karur Vysya Bank",23355,151434,174789,1780.43,158382,"(C) Major Private Banks","2017-04-05"
"Karur Vysya Bank",23441,151389,174830,1808.12,158614,"(C) Major Private Banks","2017-04-12"
"Karur Vysya Bank",23479,159777,183256,2247.64,166571,"(C) Major Private Banks","2017-04-19"
"Karur Vysya Bank",23553,152925,176478,1766.24,160196,"(C) Major Private Banks","2017-04-26"
"Karur Vysya Bank",23600,153231,176831,1691.93,160582,"(C) Major Private Banks","2017-05-03"
"Karur Vysya Bank",23656,153578,177234,1752.64,160948,"(C) Major Private Banks","2017-05-10"
"Karur Vysya Bank",23711,153898,177609,1700.23,161319,"(C) Major Private Banks","2017-05-17"
"Karur Vysya Bank",23778,154202,177980,1954.2,161677,"(C) Major Private Banks","2017-05-24"
"Karur Vysya Bank",23830,154541,178371,1708.32,161544,"(C) Major Private Banks","2017-05-31"
"Karur Vysya Bank",23910,154950,178860,1704.29,161276,"(C) Major Private Banks","2017-06-07"
"Karur Vysya Bank",23983,155282,179265,1740.65,161722,"(C) Major Private Banks","2017-06-14"
"Karur Vysya Bank",24112,155899,180011,1616.28,162486,"(C) Major Private Banks","2017-06-28"
"Karur Vysya Bank",24219,156313,180532,0.68,135670,"(C) Major Private Banks","2017-07-05"
"Karur Vysya Bank",24219,156313,180532,0.68,135670,"(C) Major Private Banks","2017-07-12"
"Karur Vysya Bank",24399,156761,181160,1563.39,178822,"(C) Major Private Banks","2017-07-19"
"Karur Vysya Bank",24472,156911,181383,1614.32,179118,"(C) Major Private Banks","2017-07-26"
"Karur Vysya Bank",24527,157327,181854,1550.68,179424,"(C) Major Private Banks","2017-08-02"
"Karur Vysya Bank",24574,157615,182189,1612.13,179731,"(C) Major Private Banks","2017-08-09"
"Karur Vysya Bank",24595,157710,182305,1574.67,180022,"(C) Major Private Banks","2017-08-16"
"Karur Vysya Bank",24639,157882,182521,1555.96,180261,"(C) Major Private Banks","2017-08-23"
"Karur Vysya Bank",24661,158178,182839,1548.91,180436,"(C) Major Private Banks","2017-08-30"
"Karur Vysya Bank",24698,158356,183054,1601.22,180764,"(C) Major Private Banks","2017-09-06"
"Karur Vysya Bank",24725,158528,183253,1580.29,180895,"(C) Major Private Banks","2017-09-13"
"Karur Vysya Bank",24775,158750,183525,1520.29,181245,"(C) Major Private Banks","2017-09-20"
"Karur Vysya Bank",24805,158951,183756,1533.29,181492,"(C) Major Private Banks","2017-09-27"
"Karur Vysya Bank",24830,159034,183864,1528.56,181578,"(C) Major Private Banks","2017-10-04"
"Karur Vysya Bank",24867,159218,184085,1624.17,181658,"(C) Major Private Banks","2017-10-11"
"Karur Vysya Bank",24867,159218,184085,1624.17,181658,"(C) Major Private Banks","2017-10-18"
"Karur Vysya Bank",24906,159627,184533,1510.86,182204,"(C) Major Private Banks","2017-11-01"
"Karur Vysya Bank",24925,159764,184689,1599.27,182370,"(C) Major Private Banks","2017-11-08"
"Karur Vysya Bank",24950,159909,184859,1565.41,182580,"(C) Major Private Banks","2017-11-15"
"Karur Vysya Bank",24979,160123,185102,1541.52,182758,"(C) Major Private Banks","2017-11-22"
"Karur Vysya Bank",25015,160269,185284,1524.99,182948,"(C) Major Private Banks","2017-11-29"
"Karur Vysya Bank",25028,160389,185417,1577.92,183152,"(C) Major Private Banks","2017-12-06"
"Karur Vysya Bank",25050,160524,185574,1631.12,183316,"(C) Major Private Banks","2017-12-13"
"Karur Vysya Bank",25099,160694,185793,1550.81,183532,"(C) Major Private Banks","2017-12-20"
"Karur Vysya Bank",25122,160830,185952,1548.55,183601,"(C) Major Private Banks","2017-12-27"
"Karur Vysya Bank",25133,161022,186155,1639.82,183823,"(C) Major Private Banks","2018-01-03"
"Karur Vysya Bank",25157,161198,186355,1767.72,184030,"(C) Major Private Banks","2018-01-10"
"Karur Vysya Bank",25174,161287,186461,1641.87,184128,"(C) Major Private Banks","2018-01-17"
"Karur Vysya Bank",25220,161481,186701,1609.77,184365,"(C) Major Private Banks","2018-01-24"
"Karur Vysya Bank",25226,160701,185927,1582.52,183643,"(C) Major Private Banks","2018-01-31"
"Karur Vysya Bank",25247,161791,187038,1721.97,184699,"(C) Major Private Banks","2018-02-07"
"Karur Vysya Bank",25271,161962,187233,1668.74,184888,"(C) Major Private Banks","2018-02-14"
"Karur Vysya Bank",25305,160368,185673,1697.79,183350,"(C) Major Private Banks","2018-02-21"
"Karur Vysya Bank",25334,162852,188186,1813.38,185545,"(C) Major Private Banks","2018-03-07"
"Karur Vysya Bank",25366,163219,188585,1742.23,186116,"(C) Major Private Banks","2018-03-14"
"Karur Vysya Bank",27186,163777,190963,1690.83,188439,"(C) Major Private Banks","2018-03-21"
"Karur Vysya Bank",25420,163796,189216,1661.74,186728,"(C) Major Private Banks","2018-03-28"
"Karur Vysya Bank",25426,163996,189422,1705.29,186991,"(C) Major Private Banks","2018-04-04"
"Karur Vysya Bank",25426,163996,189422,1705.29,186991,"(C) Major Private Banks","2018-04-11"
"Karur Vysya Bank",25472,164542,190014,1787.43,187543,"(C) Major Private Banks","2018-04-18"
"Karur Vysya Bank",25510,164772,190282,1662.05,187872,"(C) Major Private Banks","2018-04-25"
"Karur Vysya Bank",25531,164988,190519,1694.75,188005,"(C) Major Private Banks","2018-05-02"
"Karur Vysya Bank",25561,165292,190853,1734.33,188311,"(C) Major Private Banks","2018-05-09"
"Karur Vysya Bank",25657,165792,191449,1662.23,188817,"(C) Major Private Banks","2018-05-23"
"Karur Vysya Bank",25691,166037,191728,1686.69,189024,"(C) Major Private Banks","2018-05-30"
"Karur Vysya Bank",25720,166269,191989,1704.39,189234,"(C) Major Private Banks","2018-06-06"
"Karur Vysya Bank",25876,166563,192439,1693.04,189467,"(C) Major Private Banks","2018-06-13"
"Karur Vysya Bank",26126,166778,192904,1634.56,189961,"(C) Major Private Banks","2018-06-20"
"Karur Vysya Bank",26240,167060,193300,1632.87,190079,"(C) Major Private Banks","2018-06-27"
"Karur Vysya Bank",26347,167416,193763,1694.06,190639,"(C) Major Private Banks","2018-07-04"
"Karur Vysya Bank",26451,167767,194218,1671.44,191258,"(C) Major Private Banks","2018-07-18"
"Karur Vysya Bank",26504,168094,194598,1680.67,191563,"(C) Major Private Banks","2018-08-01"
"Karur Vysya Bank",26531,168529,195060,1755.95,191873,"(C) Major Private Banks","2018-08-08"
"Karur Vysya Bank",26551,168486,195037,1701.83,192017,"(C) Major Private Banks","2018-08-15"
"Karur Vysya Bank",26590,168650,195240,1617.48,192208,"(C) Major Private Banks","2018-08-22"
"Karur Vysya Bank",26590,168650,195240,1617.48,192208,"(C) Major Private Banks","2018-08-29"
"Karur Vysya Bank",26652,168907,195559,1692.71,192554,"(C) Major Private Banks","2018-09-05"
"Karur Vysya Bank",26673,169065,195738,1706.19,192663,"(C) Major Private Banks","2018-09-12"
"Karur Vysya Bank",26734,169196,195930,1660.66,192843,"(C) Major Private Banks","2018-09-19"
"Karur Vysya Bank",26783,169370,196153,1668.1,193039,"(C) Major Private Banks","2018-09-26"
"Karur Vysya Bank",26783,169370,196153,1668.1,193039,"(C) Major Private Banks","2018-10-03"
"Karur Vysya Bank",26846,169344,196190,1762.28,193160,"(C) Major Private Banks","2018-10-10"
"Karur Vysya Bank",26846,169344,196190,1762.28,193160,"(C) Major Private Banks","2018-10-17"
"Karur Vysya Bank",26891,519193,546084,0.76,193755,"(C) Major Private Banks","2018-10-24"
"Karur Vysya Bank",26916,170161,197077,1700.96,193824,"(C) Major Private Banks","2018-10-31"
"Karur Vysya Bank",26933,170349,197282,1784.33,193952,"(C) Major Private Banks","2018-11-07"
"Karur Vysya Bank",26946,170467,197413,1743.26,194028,"(C) Major Private Banks","2018-11-14"
"Karur Vysya Bank",26970,170587,197557,1682.04,194215,"(C) Major Private Banks","2018-11-21"
"Karur Vysya Bank",27027,170827,197854,1702.98,194421,"(C) Major Private Banks","2018-11-28"
"Karur Vysya Bank",27027,170827,197854,1702.98,194421,"(C) Major Private Banks","2018-12-05"
"Karur Vysya Bank",27103,171118,198221,1772.85,194782,"(C) Major Private Banks","2018-12-12"
"Karur Vysya Bank",27146,171339,198485,1695.45,195051,"(C) Major Private Banks","2018-12-19"
"Karur Vysya Bank",27157,171363,198520,1662.93,195206,"(C) Major Private Banks","2018-12-26"
"Karur Vysya Bank",27194,171481,198675,1718.5,195238,"(C) Major Private Banks","2019-01-02"
"Karur Vysya Bank",27225,171651,198876,1853.05,195558,"(C) Major Private Banks","2019-01-16"
"Karur Vysya Bank",27245,171767,199012,1793.56,195676,"(C) Major Private Banks","2019-01-23"
