Bank Name / Type,Number of Beneficiaries at rural/semiurban centre bank branches,Number of Beneficiaries at urban metro centre bank branches,Number of Total Beneficiaries,Deposits in Accounts(In lac),Number of Rupay Debit Cards issued to beneficiaries,level,date
"Kotak Mahindra Bank Ltd",14116,9338,23454,3.14,0,"(C) Major Private Banks","2014-09-24"
"Kotak Mahindra Bank Ltd",17153,12643,29796,8.21,0,"(C) Major Private Banks","2014-10-08"
"Kotak Mahindra Bank Ltd",19457,13677,33134,18.04,0,"(C) Major Private Banks","2014-10-15"
"Kotak Mahindra Bank Ltd",20766,14797,35563,35.72,34239,"(C) Major Private Banks","2014-10-29"
"Kotak Mahindra Bank Ltd",21239,15285,36524,43.74,35899,"(C) Major Private Banks","2014-11-05"
"Kotak Mahindra Bank Ltd",21653,15655,37308,68.73,36200,"(C) Major Private Banks","2014-11-12"
"Kotak Mahindra Bank Ltd",22186,16146,38332,88.78,37157,"(C) Major Private Banks","2014-11-19"
"Kotak Mahindra Bank Ltd",22915,17049,39964,101.15,38351,"(C) Major Private Banks","2014-11-26"
"Kotak Mahindra Bank Ltd",23395,17463,40858,116.19,39837,"(C) Major Private Banks","2014-12-03"
"Kotak Mahindra Bank Ltd",24009,17924,41933,117.1,40082,"(C) Major Private Banks","2014-12-10"
"Kotak Mahindra Bank Ltd",24587,18345,42932,180.77,40208,"(C) Major Private Banks","2014-12-17"
"Kotak Mahindra Bank Ltd",25814,21305,47119,201.82,46566,"(C) Major Private Banks","2014-12-24"
"Kotak Mahindra Bank Ltd",27009,22775,49784,202.37,48596,"(C) Major Private Banks","2014-12-31"
"Kotak Mahindra Bank Ltd",29072,24865,53937,211.94,53225,"(C) Major Private Banks","2015-01-07"
"Kotak Mahindra Bank Ltd",30705,26006,56711,284.55,56246,"(C) Major Private Banks","2015-01-14"
"Kotak Mahindra Bank Ltd",54877,45403,100280,310.08,89713,"(C) Major Private Banks","2015-01-28"
"Kotak Mahindra Bank Ltd",54877,45403,100280,330.3,90376,"(C) Major Private Banks","2015-02-04"
"Kotak Mahindra Bank Ltd",50011,50269,100280,375.86,90376,"(C) Major Private Banks","2015-02-11"
"Kotak Mahindra Bank Ltd",50011,50269,100280,401.29,90376,"(C) Major Private Banks","2015-02-18"
"Kotak Mahindra Bank Ltd",51458,54383,105841,471.45,99392,"(C) Major Private Banks","2015-02-25"
"Kotak Mahindra Bank Ltd",53117,58308,111425,535.37,103900,"(C) Major Private Banks","2015-03-04"
"Kotak Mahindra Bank Ltd",53470,58576,112046,561.85,104389,"(C) Major Private Banks","2015-03-11"
"Kotak Mahindra Bank Ltd",54079,58975,113054,591.47,105287,"(C) Major Private Banks","2015-03-18"
"Kotak Mahindra Bank Ltd",54172,59079,113251,605.24,105445,"(C) Major Private Banks","2015-03-25"
"Kotak Mahindra Bank Ltd",54353,59214,113567,634.35,105999,"(C) Major Private Banks","2015-04-01"
"Kotak Mahindra Bank Ltd",79818,84261,164079,870.33,106456,"(C) Major Private Banks","2015-04-08"
"Kotak Mahindra Bank Ltd",80435,84581,165016,928.14,107177,"(C) Major Private Banks","2015-04-15"
"Kotak Mahindra Bank Ltd",80897,86307,167204,902.77,109156,"(C) Major Private Banks","2015-04-22"
"Kotak Mahindra Bank Ltd",81252,86513,167765,936.56,109328,"(C) Major Private Banks","2015-04-29"
"Kotak Mahindra Bank Ltd",81711,86772,168483,934.46,109606,"(C) Major Private Banks","2015-05-06"
"Kotak Mahindra Bank Ltd",82256,87155,169411,928.47,110371,"(C) Major Private Banks","2015-05-13"
"Kotak Mahindra Bank Ltd",82234,87095,169329,944.83,110659,"(C) Major Private Banks","2015-05-20"
"Kotak Mahindra Bank Ltd",83069,87511,170580,987.69,110888,"(C) Major Private Banks","2015-06-03"
"Kotak Mahindra Bank Ltd",83154,87568,170722,1003.47,110936,"(C) Major Private Banks","2015-06-10"
"Kotak Mahindra Bank Ltd",83285,87770,171055,1017,111032,"(C) Major Private Banks","2015-06-17"
"Kotak Mahindra Bank Ltd",83639,87909,171548,1004.01,111177,"(C) Major Private Banks","2015-06-24"
"Kotak Mahindra Bank Ltd",84032,88021,172053,1014.94,111250,"(C) Major Private Banks","2015-07-01"
"Kotak Mahindra Bank Ltd",84215,88082,172297,2521.22,111412,"(C) Major Private Banks","2015-07-08"
"Kotak Mahindra Bank Ltd",84303,88132,172435,1083.61,111513,"(C) Major Private Banks","2015-07-15"
"Kotak Mahindra Bank Ltd",84376,88172,172548,1060.66,111601,"(C) Major Private Banks","2015-07-22"
"Kotak Mahindra Bank Ltd",85512,88859,174371,1060.74,111673,"(C) Major Private Banks","2015-07-29"
"Kotak Mahindra Bank Ltd",86124,89091,175215,1083.62,111743,"(C) Major Private Banks","2015-08-05"
"Kotak Mahindra Bank Ltd",86540,89327,175867,1122.12,111796,"(C) Major Private Banks","2015-08-12"
"Kotak Mahindra Bank Ltd",86778,89444,176222,1122.31,111849,"(C) Major Private Banks","2015-08-19"
"Kotak Mahindra Bank Ltd",87197,89579,176776,299.58,111887,"(C) Major Private Banks","2015-08-26"
"Kotak Mahindra Bank Ltd",87638,89763,177401,1108.02,112035,"(C) Major Private Banks","2015-09-02"
"Kotak Mahindra Bank Ltd",87922,89873,177795,1150.78,112079,"(C) Major Private Banks","2015-09-09"
"Kotak Mahindra Bank Ltd",88169,89976,178145,1158.59,112132,"(C) Major Private Banks","2015-09-16"
"Kotak Mahindra Bank Ltd",88390,90137,178527,1146.77,112165,"(C) Major Private Banks","2015-09-23"
"Kotak Mahindra Bank Ltd",88766,90287,179053,1177.52,112235,"(C) Major Private Banks","2015-10-07"
"Kotak Mahindra Bank Ltd",89004,90354,179358,1219.1,112282,"(C) Major Private Banks","2015-10-14"
"Kotak Mahindra Bank Ltd",89285,90507,179792,1234.79,112379,"(C) Major Private Banks","2015-10-21"
"Kotak Mahindra Bank Ltd",89428,90547,179975,1251.36,112391,"(C) Major Private Banks","2015-10-28"
"Kotak Mahindra Bank Ltd",89586,90614,180200,1302.12,112426,"(C) Major Private Banks","2015-11-04"
"Kotak Mahindra Bank Ltd",89861,90680,180541,1353.41,112467,"(C) Major Private Banks","2015-11-11"
"Kotak Mahindra Bank Ltd",89911,90705,180616,1320.82,112481,"(C) Major Private Banks","2015-11-18"
"Kotak Mahindra Bank Ltd",90090,90741,180831,1334.99,112519,"(C) Major Private Banks","2015-11-25"
"Kotak Mahindra Bank Ltd",90292,90773,181065,1329.33,112587,"(C) Major Private Banks","2015-12-02"
"Kotak Mahindra Bank Ltd",90564,90843,181407,1384.86,112671,"(C) Major Private Banks","2015-12-09"
"Kotak Mahindra Bank Ltd",90721,90877,181598,1378.51,112690,"(C) Major Private Banks","2015-12-16"
"Kotak Mahindra Bank Ltd",90828,90950,181778,1410.23,112708,"(C) Major Private Banks","2015-12-23"
"Kotak Mahindra Bank Ltd",90875,91005,181880,1441.62,112725,"(C) Major Private Banks","2015-12-30"
"Kotak Mahindra Bank Ltd",91015,91075,182090,1461.98,112755,"(C) Major Private Banks","2016-01-06"
"Kotak Mahindra Bank Ltd",91140,91117,182257,1454,112781,"(C) Major Private Banks","2016-01-13"
"Kotak Mahindra Bank Ltd",91294,91175,182469,1427.18,112844,"(C) Major Private Banks","2016-01-20"
"Kotak Mahindra Bank Ltd",91365,91256,182621,1401.71,112908,"(C) Major Private Banks","2016-01-27"
"Kotak Mahindra Bank Ltd",91708,91399,183107,1485.95,112246,"(C) Major Private Banks","2016-02-10"
"Kotak Mahindra Bank Ltd",91887,91418,183305,1491.9,113024,"(C) Major Private Banks","2016-02-17"
"Kotak Mahindra Bank Ltd",91962,91498,183460,1497.21,113040,"(C) Major Private Banks","2016-02-24"
"Kotak Mahindra Bank Ltd",92073,91560,183633,1521.85,113068,"(C) Major Private Banks","2016-03-02"
"Kotak Mahindra Bank Ltd",92190,91583,183773,1637.6,113087,"(C) Major Private Banks","2016-03-09"
"Kotak Mahindra Bank Ltd",92285,91626,183911,1603.33,113134,"(C) Major Private Banks","2016-03-16"
"Kotak Mahindra Bank Ltd",92360,91671,184031,1598.08,113195,"(C) Major Private Banks","2016-03-23"
"Kotak Mahindra Bank Ltd",92387,91722,184109,1631.94,113206,"(C) Major Private Banks","2016-03-30"
"Kotak Mahindra Bank Ltd",92426,91769,184195,1663.84,113218,"(C) Major Private Banks","2016-04-06"
"Kotak Mahindra Bank Ltd",92460,91820,184280,1644.17,113255,"(C) Major Private Banks","2016-04-13"
"Kotak Mahindra Bank Ltd",92468,91825,184293,1632.89,113258,"(C) Major Private Banks","2016-04-20"
"Kotak Mahindra Bank Ltd",92470,91828,184298,1631.78,113265,"(C) Major Private Banks","2016-04-27"
"Kotak Mahindra Bank Ltd",92483,91835,184318,1655.51,113284,"(C) Major Private Banks","2016-05-04"
"Kotak Mahindra Bank Ltd",92487,91838,184325,1695.78,113296,"(C) Major Private Banks","2016-05-11"
"Kotak Mahindra Bank Ltd",92487,91838,184325,1695.78,113296,"(C) Major Private Banks","2016-05-18"
"Kotak Mahindra Bank Ltd",92487,91838,184325,1695.78,113296,"(C) Major Private Banks","2016-05-25"
"Kotak Mahindra Bank Ltd",109122,75232,184354,1671.63,113327,"(C) Major Private Banks","2016-06-01"
"Kotak Mahindra Bank Ltd",32670,28028,60698,284.57,59530,"(C) Major Private Banks","2015-01-21"
"Kotak Mahindra Bank Ltd",82833,87409,170242,933.87,110792,"(C) Major Private Banks","2015-05-27"
"Kotak Mahindra Bank Ltd",88502,90189,178691,1145.14,112179,"(C) Major Private Banks","2015-09-30"
"Kotak Mahindra Bank Ltd",91512,91348,182860,1439.02,112959,"(C) Major Private Banks","2016-02-03"
"Kotak Mahindra Bank Ltd",93610,90754,184364,1595.53,113327,"(C) Major Private Banks","2016-06-08"
"Kotak Mahindra Bank Ltd",109224,75271,184495,1686.88,113472,"(C) Major Private Banks","2016-10-12"
"Kotak Mahindra Bank Ltd",108218,72964,181182,2176.71,133507,"(C) Major Private Banks","2017-02-15"
"Kotak Mahindra Bank Ltd",108135,72415,180550,1830.93,133012,"(C) Major Private Banks","2017-06-21"
"Kotak Mahindra Bank Ltd",107831,72110,179941,1768.76,132588,"(C) Major Private Banks","2017-10-25"
"Kotak Mahindra Bank Ltd",107187,71108,178295,1890.41,130706,"(C) Major Private Banks","2018-02-28"
"Kotak Mahindra Bank Ltd",106985,70786,177771,1974.43,130544,"(C) Major Private Banks","2018-07-11"
"Kotak Mahindra Bank Ltd",109142,75233,184375,1696.43,113349,"(C) Major Private Banks","2016-06-15"
"Kotak Mahindra Bank Ltd",108430,75218,183648,1696.03,113362,"(C) Major Private Banks","2016-06-22"
"Kotak Mahindra Bank Ltd",109160,75242,184402,1703,113376,"(C) Major Private Banks","2016-06-29"
"Kotak Mahindra Bank Ltd",109165,75242,184407,1740.08,36309,"(C) Major Private Banks","2016-07-06"
"Kotak Mahindra Bank Ltd",109180,75242,184422,1771.98,112299,"(C) Major Private Banks","2016-07-13"
"Kotak Mahindra Bank Ltd",109183,75243,184426,1744.91,113402,"(C) Major Private Banks","2016-07-20"
"Kotak Mahindra Bank Ltd",109192,75245,184437,1738.6,113413,"(C) Major Private Banks","2016-07-27"
"Kotak Mahindra Bank Ltd",109196,75264,184460,1850.82,113436,"(C) Major Private Banks","2016-08-03"
"Kotak Mahindra Bank Ltd",109198,75265,184463,1813.32,113439,"(C) Major Private Banks","2016-08-10"
"Kotak Mahindra Bank Ltd",109202,75267,184469,1782.47,113445,"(C) Major Private Banks","2016-08-17"
"Kotak Mahindra Bank Ltd",109204,75268,184472,1716.95,113448,"(C) Major Private Banks","2016-08-24"
"Kotak Mahindra Bank Ltd",109208,75268,184476,1709.73,113452,"(C) Major Private Banks","2016-08-31"
"Kotak Mahindra Bank Ltd",109209,75268,184477,1724.98,113454,"(C) Major Private Banks","2016-09-07"
"Kotak Mahindra Bank Ltd",109211,75268,184479,1749.87,113456,"(C) Major Private Banks","2016-09-14"
"Kotak Mahindra Bank Ltd",109213,75268,184481,1712.01,113458,"(C) Major Private Banks","2016-09-21"
"Kotak Mahindra Bank Ltd",108493,75254,183747,1666.07,113464,"(C) Major Private Banks","2016-09-28"
"Kotak Mahindra Bank Ltd",75271,109224,184495,1703.71,113472,"(C) Major Private Banks","2016-10-05"
"Kotak Mahindra Bank Ltd",109224,75271,184495,1688.32,113472,"(C) Major Private Banks","2016-10-19"
"Kotak Mahindra Bank Ltd",109224,75271,184495,1673.56,113472,"(C) Major Private Banks","2016-10-26"
"Kotak Mahindra Bank Ltd",109225,75272,184497,1711.83,113474,"(C) Major Private Banks","2016-11-02"
"Kotak Mahindra Bank Ltd",109232,75275,184507,1689.8,113477,"(C) Major Private Banks","2016-11-09"
"Kotak Mahindra Bank Ltd",109237,75275,184512,3132.03,113479,"(C) Major Private Banks","2016-11-16"
"Kotak Mahindra Bank Ltd",109237,75275,184512,3414.71,113479,"(C) Major Private Banks","2016-11-23"
"Kotak Mahindra Bank Ltd",109240,75275,184515,3414.32,113481,"(C) Major Private Banks","2016-11-30"
"Kotak Mahindra Bank Ltd",109305,75275,184580,3365.62,113481,"(C) Major Private Banks","2016-12-07"
"Kotak Mahindra Bank Ltd",109313,75276,184589,3335.81,134196,"(C) Major Private Banks","2016-12-14"
"Kotak Mahindra Bank Ltd",109358,75276,184634,3277.48,134198,"(C) Major Private Banks","2016-12-21"
"Kotak Mahindra Bank Ltd",102590,80995,183585,3208.81,135863,"(C) Major Private Banks","2016-12-28"
"Kotak Mahindra Bank Ltd",109193,74416,183609,3131.88,135873,"(C) Major Private Banks","2017-01-04"
"Kotak Mahindra Bank Ltd",109204,74416,183620,3001.66,135892,"(C) Major Private Banks","2017-01-11"
"Kotak Mahindra Bank Ltd",109210,74417,183627,2904.1,104525,"(C) Major Private Banks","2017-01-18"
"Kotak Mahindra Bank Ltd",109210,74417,183627,2904.1,104525,"(C) Major Private Banks","2017-01-25"
"Kotak Mahindra Bank Ltd",109217,74419,183636,2794.96,135910,"(C) Major Private Banks","2017-02-01"
"Kotak Mahindra Bank Ltd",108472,73367,181839,2299.06,134143,"(C) Major Private Banks","2017-02-08"
"Kotak Mahindra Bank Ltd",108194,72933,181127,2147.55,133455,"(C) Major Private Banks","2017-02-22"
"Kotak Mahindra Bank Ltd",108193,72911,181104,2127.13,133432,"(C) Major Private Banks","2017-03-01"
"Kotak Mahindra Bank Ltd",108180,72875,181055,2059.11,133388,"(C) Major Private Banks","2017-03-08"
"Kotak Mahindra Bank Ltd",108196,72842,181038,2010.03,133375,"(C) Major Private Banks","2017-03-15"
"Kotak Mahindra Bank Ltd",108193,72811,181004,2001.28,133343,"(C) Major Private Banks","2017-03-22"
"Kotak Mahindra Bank Ltd",108204,72784,180988,1988.44,133339,"(C) Major Private Banks","2017-03-29"
"Kotak Mahindra Bank Ltd",108196,72762,180958,1987.93,133311,"(C) Major Private Banks","2017-04-05"
"Kotak Mahindra Bank Ltd",108187,72727,180914,1969.05,133274,"(C) Major Private Banks","2017-04-12"
"Kotak Mahindra Bank Ltd",108171,72696,180867,1926.66,133237,"(C) Major Private Banks","2017-04-19"
"Kotak Mahindra Bank Ltd",108175,72676,180851,1916.3,133229,"(C) Major Private Banks","2017-04-26"
"Kotak Mahindra Bank Ltd",108164,72606,180770,1890.38,133156,"(C) Major Private Banks","2017-05-03"
"Kotak Mahindra Bank Ltd",108160,72585,180745,1893.05,133143,"(C) Major Private Banks","2017-05-10"
"Kotak Mahindra Bank Ltd",108163,72555,180718,1887.21,133121,"(C) Major Private Banks","2017-05-17"
"Kotak Mahindra Bank Ltd",108160,72514,180674,1867.08,133086,"(C) Major Private Banks","2017-05-24"
"Kotak Mahindra Bank Ltd",108155,72480,180635,1839.41,133055,"(C) Major Private Banks","2017-05-31"
"Kotak Mahindra Bank Ltd",108150,72449,180599,1870.7,133031,"(C) Major Private Banks","2017-06-07"
"Kotak Mahindra Bank Ltd",108140,72429,180569,1840.91,133013,"(C) Major Private Banks","2017-06-14"
"Kotak Mahindra Bank Ltd",108131,72390,180521,1812.57,132994,"(C) Major Private Banks","2017-06-28"
"Kotak Mahindra Bank Ltd",108132,72371,180503,1822.24,132974,"(C) Major Private Banks","2017-07-05"
"Kotak Mahindra Bank Ltd",108118,72357,180475,1793.27,132952,"(C) Major Private Banks","2017-07-12"
"Kotak Mahindra Bank Ltd",108105,72332,180437,1773.04,132929,"(C) Major Private Banks","2017-07-19"
"Kotak Mahindra Bank Ltd",108115,72316,180431,1770.07,132914,"(C) Major Private Banks","2017-07-26"
"Kotak Mahindra Bank Ltd",108117,72291,180408,1786.67,132887,"(C) Major Private Banks","2017-08-02"
"Kotak Mahindra Bank Ltd",108109,72271,180380,1780.23,132869,"(C) Major Private Banks","2017-08-09"
"Kotak Mahindra Bank Ltd",108103,72260,180363,1775.74,132859,"(C) Major Private Banks","2017-08-16"
"Kotak Mahindra Bank Ltd",108095,72250,180345,1790.09,132843,"(C) Major Private Banks","2017-08-23"
"Kotak Mahindra Bank Ltd",108092,72240,180332,1795.21,132830,"(C) Major Private Banks","2017-08-30"
"Kotak Mahindra Bank Ltd",108080,72223,180303,1796.27,132810,"(C) Major Private Banks","2017-09-06"
"Kotak Mahindra Bank Ltd",108067,72208,180275,1789.15,132785,"(C) Major Private Banks","2017-09-13"
"Kotak Mahindra Bank Ltd",108056,72192,180248,1787.88,132760,"(C) Major Private Banks","2017-09-20"
"Kotak Mahindra Bank Ltd",108001,72173,180174,1756.19,132717,"(C) Major Private Banks","2017-09-27"
"Kotak Mahindra Bank Ltd",107855,72138,179993,1791.52,132629,"(C) Major Private Banks","2017-10-04"
"Kotak Mahindra Bank Ltd",107850,72124,179974,1794.81,132616,"(C) Major Private Banks","2017-10-11"
"Kotak Mahindra Bank Ltd",107835,72113,179948,1761.25,132594,"(C) Major Private Banks","2017-10-18"
"Kotak Mahindra Bank Ltd",107830,72093,179923,1764.04,132246,"(C) Major Private Banks","2017-11-01"
"Kotak Mahindra Bank Ltd",107823,72076,179899,1791.26,132551,"(C) Major Private Banks","2017-11-08"
"Kotak Mahindra Bank Ltd",107788,72005,179793,1785.43,132122,"(C) Major Private Banks","2017-11-15"
"Kotak Mahindra Bank Ltd",107775,71989,179764,1787.65,132097,"(C) Major Private Banks","2017-11-22"
"Kotak Mahindra Bank Ltd",107763,71952,179715,1811.85,132377,"(C) Major Private Banks","2017-11-29"
"Kotak Mahindra Bank Ltd",107751,71935,179686,1813.2,132354,"(C) Major Private Banks","2017-12-06"
"Kotak Mahindra Bank Ltd",107749,71926,179675,1804.97,132347,"(C) Major Private Banks","2017-12-13"
"Kotak Mahindra Bank Ltd",107726,71896,179622,1820.22,132299,"(C) Major Private Banks","2017-12-20"
"Kotak Mahindra Bank Ltd",107724,71887,179611,1821.4,131957,"(C) Major Private Banks","2017-12-27"
"Kotak Mahindra Bank Ltd",107709,71867,179576,1855.17,132259,"(C) Major Private Banks","2018-01-03"
"Kotak Mahindra Bank Ltd",107698,71843,179541,1869.32,132226,"(C) Major Private Banks","2018-01-10"
"Kotak Mahindra Bank Ltd",107698,71839,179537,1861.36,132225,"(C) Major Private Banks","2018-01-17"
"Kotak Mahindra Bank Ltd",107680,71810,179490,1867.18,132183,"(C) Major Private Banks","2018-01-24"
"Kotak Mahindra Bank Ltd",107686,71801,179487,1858.74,132178,"(C) Major Private Banks","2018-01-31"
"Kotak Mahindra Bank Ltd",107686,71800,179486,1882.55,132183,"(C) Major Private Banks","2018-02-07"
"Kotak Mahindra Bank Ltd",107194,71123,178317,1876.27,131067,"(C) Major Private Banks","2018-02-14"
"Kotak Mahindra Bank Ltd",107186,71108,178294,1875.93,130699,"(C) Major Private Banks","2018-02-21"
"Kotak Mahindra Bank Ltd",107187,71108,178295,1981.84,130709,"(C) Major Private Banks","2018-03-07"
"Kotak Mahindra Bank Ltd",107152,71061,178213,1940.31,130631,"(C) Major Private Banks","2018-03-14"
"Kotak Mahindra Bank Ltd",107143,71040,178183,1954.35,130603,"(C) Major Private Banks","2018-03-21"
"Kotak Mahindra Bank Ltd",107137,71032,178169,1958.17,130593,"(C) Major Private Banks","2018-03-28"
"Kotak Mahindra Bank Ltd",107110,70999,178109,1978.83,130538,"(C) Major Private Banks","2018-04-04"
"Kotak Mahindra Bank Ltd",107102,70977,178079,1976.96,130512,"(C) Major Private Banks","2018-04-11"
"Kotak Mahindra Bank Ltd",107097,70970,178067,1990.37,130501,"(C) Major Private Banks","2018-04-18"
"Kotak Mahindra Bank Ltd",107097,70970,178067,1990.37,130501,"(C) Major Private Banks","2018-04-25"
"Kotak Mahindra Bank Ltd",107062,70933,177995,1973.91,130781,"(C) Major Private Banks","2018-05-02"
"Kotak Mahindra Bank Ltd",107055,70922,177977,1947.73,130421,"(C) Major Private Banks","2018-05-09"
"Kotak Mahindra Bank Ltd",107055,70923,177978,1979.71,130776,"(C) Major Private Banks","2018-05-23"
"Kotak Mahindra Bank Ltd",107024,70871,177895,1949.5,130341,"(C) Major Private Banks","2018-05-30"
"Kotak Mahindra Bank Ltd",107009,70840,177849,2008.26,130648,"(C) Major Private Banks","2018-06-06"
"Kotak Mahindra Bank Ltd",106993,70822,177815,1979.45,130265,"(C) Major Private Banks","2018-06-13"
"Kotak Mahindra Bank Ltd",106993,70822,177815,1961.72,130266,"(C) Major Private Banks","2018-06-20"
"Kotak Mahindra Bank Ltd",106999,70824,177823,1960.66,130275,"(C) Major Private Banks","2018-06-27"
"Kotak Mahindra Bank Ltd",107007,70809,177816,1978.85,130590,"(C) Major Private Banks","2018-07-04"
"Kotak Mahindra Bank Ltd",106978,70771,177749,1978.59,130526,"(C) Major Private Banks","2018-07-18"
"Kotak Mahindra Bank Ltd",106963,70747,177710,1960.78,130488,"(C) Major Private Banks","2018-08-01"
"Kotak Mahindra Bank Ltd",106940,70719,177659,1980.23,130438,"(C) Major Private Banks","2018-08-08"
"Kotak Mahindra Bank Ltd",106931,70706,177637,1962.65,130418,"(C) Major Private Banks","2018-08-15"
"Kotak Mahindra Bank Ltd",106904,70686,177590,1995.67,130371,"(C) Major Private Banks","2018-08-22"
"Kotak Mahindra Bank Ltd",106904,70690,177594,2013.08,130021,"(C) Major Private Banks","2018-08-29"
"Kotak Mahindra Bank Ltd",106904,70690,177594,2012.51,130021,"(C) Major Private Banks","2018-09-05"
"Kotak Mahindra Bank Ltd",106904,70690,177594,1981.31,130370,"(C) Major Private Banks","2018-09-12"
"Kotak Mahindra Bank Ltd",106861,70631,177492,1967.17,130269,"(C) Major Private Banks","2018-09-19"
"Kotak Mahindra Bank Ltd",106857,70615,177472,1989.56,130245,"(C) Major Private Banks","2018-09-26"
"Kotak Mahindra Bank Ltd",106849,70595,177444,2012.29,130217,"(C) Major Private Banks","2018-10-03"
"Kotak Mahindra Bank Ltd",106828,70573,177401,2028.29,130175,"(C) Major Private Banks","2018-10-10"
"Kotak Mahindra Bank Ltd",106821,70558,177379,2024.95,130153,"(C) Major Private Banks","2018-10-17"
"Kotak Mahindra Bank Ltd",106817,70547,177364,2018.45,130136,"(C) Major Private Banks","2018-10-24"
"Kotak Mahindra Bank Ltd",106817,70547,177364,2040.47,130136,"(C) Major Private Banks","2018-10-31"
"Kotak Mahindra Bank Ltd",106817,70547,177364,2053.15,130136,"(C) Major Private Banks","2018-11-07"
"Kotak Mahindra Bank Ltd",106812,70541,177353,2045.1,130125,"(C) Major Private Banks","2018-11-14"
"Kotak Mahindra Bank Ltd",106812,70541,177353,2055.24,130125,"(C) Major Private Banks","2018-11-21"
"Kotak Mahindra Bank Ltd",106766,70472,177238,2052.29,129663,"(C) Major Private Banks","2018-11-28"
"Kotak Mahindra Bank Ltd",106752,70452,177204,2074.54,129974,"(C) Major Private Banks","2018-12-05"
"Kotak Mahindra Bank Ltd",106748,70446,177194,2061.14,129963,"(C) Major Private Banks","2018-12-12"
"Kotak Mahindra Bank Ltd",106734,70420,177154,2053.97,129924,"(C) Major Private Banks","2018-12-19"
"Kotak Mahindra Bank Ltd",106727,70408,177135,2045.42,129904,"(C) Major Private Banks","2018-12-26"
"Kotak Mahindra Bank Ltd",106725,70405,177130,2089.8,129899,"(C) Major Private Banks","2019-01-02"
"Kotak Mahindra Bank Ltd",106480,70339,176819,2061.05,128745,"(C) Major Private Banks","2019-01-16"
"Kotak Mahindra Bank Ltd",106479,70338,176817,2061.01,128743,"(C) Major Private Banks","2019-01-23"
