Bank Name / Type,Number of Beneficiaries at rural/semiurban centre bank branches,Number of Beneficiaries at urban metro centre bank branches,Number of Total Beneficiaries,Deposits in Accounts(In lac),Number of Rupay Debit Cards issued to beneficiaries,level,date
"Lakshmi Vilas Bank Ltd",2851,13672,16523,33.45,0,"(C) Major Private Banks","2014-10-29"
"Lakshmi Vilas Bank Ltd",2912,14079,16991,37.3,0,"(C) Major Private Banks","2014-11-05"
"Lakshmi Vilas Bank Ltd",3138,14669,17807,35,0,"(C) Major Private Banks","2014-11-12"
"Lakshmi Vilas Bank Ltd",3588,16470,20058,38.97,0,"(C) Major Private Banks","2014-11-19"
"Lakshmi Vilas Bank Ltd",3912,17352,21264,0,0,"(C) Major Private Banks","2014-11-26"
"Lakshmi Vilas Bank Ltd",4260,18299,22559,51.66,0,"(C) Major Private Banks","2014-12-03"
"Lakshmi Vilas Bank Ltd",4358,18674,23032,59.43,0,"(C) Major Private Banks","2014-12-10"
"Lakshmi Vilas Bank Ltd",4560,19784,24344,65.3,0,"(C) Major Private Banks","2014-12-17"
"Lakshmi Vilas Bank Ltd",4888,21426,26314,73.13,10573,"(C) Major Private Banks","2014-12-24"
"Lakshmi Vilas Bank Ltd",9242,31926,41168,84.36,10573,"(C) Major Private Banks","2014-12-31"
"Lakshmi Vilas Bank Ltd",15174,45781,60955,84.35,10573,"(C) Major Private Banks","2015-01-07"
"Lakshmi Vilas Bank Ltd",15174,45781,60955,110.71,10573,"(C) Major Private Banks","2015-01-14"
"Lakshmi Vilas Bank Ltd",15174,45781,60955,134.5,20320,"(C) Major Private Banks","2015-01-28"
"Lakshmi Vilas Bank Ltd",9335,53903,63238,144.4,20320,"(C) Major Private Banks","2015-02-04"
"Lakshmi Vilas Bank Ltd",9706,55065,64771,159.71,20320,"(C) Major Private Banks","2015-02-11"
"Lakshmi Vilas Bank Ltd",10017,55791,65808,170,20320,"(C) Major Private Banks","2015-02-18"
"Lakshmi Vilas Bank Ltd",10150,56258,66408,185.24,20320,"(C) Major Private Banks","2015-02-25"
"Lakshmi Vilas Bank Ltd",10532,56514,67046,199.07,30931,"(C) Major Private Banks","2015-03-04"
"Lakshmi Vilas Bank Ltd",10747,56925,67672,210.1,48495,"(C) Major Private Banks","2015-03-11"
"Lakshmi Vilas Bank Ltd",11135,57262,68397,228.92,48495,"(C) Major Private Banks","2015-03-18"
"Lakshmi Vilas Bank Ltd",11971,57548,69519,232.96,48495,"(C) Major Private Banks","2015-03-25"
"Lakshmi Vilas Bank Ltd",12719,58030,70749,248.95,48495,"(C) Major Private Banks","2015-04-01"
"Lakshmi Vilas Bank Ltd",13545,58541,72086,258.48,48495,"(C) Major Private Banks","2015-04-08"
"Lakshmi Vilas Bank Ltd",13609,59072,72681,254.9,48495,"(C) Major Private Banks","2015-04-15"
"Lakshmi Vilas Bank Ltd",13826,59399,73225,253.68,48495,"(C) Major Private Banks","2015-04-22"
"Lakshmi Vilas Bank Ltd",14153,59714,73867,258.05,48495,"(C) Major Private Banks","2015-04-29"
"Lakshmi Vilas Bank Ltd",14372,59910,74282,276.41,48495,"(C) Major Private Banks","2015-05-06"
"Lakshmi Vilas Bank Ltd",14731,60264,74995,286,48495,"(C) Major Private Banks","2015-05-13"
"Lakshmi Vilas Bank Ltd",14905,60493,75398,287.79,48495,"(C) Major Private Banks","2015-05-20"
"Lakshmi Vilas Bank Ltd",53761,127201,180962,936.89,48495,"(C) Major Private Banks","2015-06-03"
"Lakshmi Vilas Bank Ltd",53778,127746,181524,922.49,48495,"(C) Major Private Banks","2015-06-10"
"Lakshmi Vilas Bank Ltd",53935,127932,181867,951.87,48495,"(C) Major Private Banks","2015-06-17"
"Lakshmi Vilas Bank Ltd",54038,128189,182227,994.14,48495,"(C) Major Private Banks","2015-06-24"
"Lakshmi Vilas Bank Ltd",54137,128378,182515,966.74,48495,"(C) Major Private Banks","2015-07-01"
"Lakshmi Vilas Bank Ltd",54212,128586,182798,945.3,48495,"(C) Major Private Banks","2015-07-08"
"Lakshmi Vilas Bank Ltd",54333,128680,183013,962.32,48495,"(C) Major Private Banks","2015-07-15"
"Lakshmi Vilas Bank Ltd",54540,128816,183356,948.22,48495,"(C) Major Private Banks","2015-07-22"
"Lakshmi Vilas Bank Ltd",54849,129140,183989,933.04,48495,"(C) Major Private Banks","2015-07-29"
"Lakshmi Vilas Bank Ltd",54899,129204,184103,945.14,48495,"(C) Major Private Banks","2015-08-05"
"Lakshmi Vilas Bank Ltd",54967,129384,184351,967.34,48495,"(C) Major Private Banks","2015-08-12"
"Lakshmi Vilas Bank Ltd",55130,129553,184683,976.89,48495,"(C) Major Private Banks","2015-08-19"
"Lakshmi Vilas Bank Ltd",55230,129650,184880,1.85,48495,"(C) Major Private Banks","2015-08-26"
"Lakshmi Vilas Bank Ltd",49629,88527,138156,959.85,48495,"(C) Major Private Banks","2015-09-02"
"Lakshmi Vilas Bank Ltd",51952,89204,141156,972.83,48495,"(C) Major Private Banks","2015-09-09"
"Lakshmi Vilas Bank Ltd",52690,91164,143854,973.79,48495,"(C) Major Private Banks","2015-09-16"
"Lakshmi Vilas Bank Ltd",53475,91174,144649,991.03,48495,"(C) Major Private Banks","2015-09-23"
"Lakshmi Vilas Bank Ltd",53677,96518,150195,1009.81,48495,"(C) Major Private Banks","2015-10-07"
"Lakshmi Vilas Bank Ltd",55240,97185,152425,1036.37,48495,"(C) Major Private Banks","2015-10-14"
"Lakshmi Vilas Bank Ltd",55990,97778,153768,1042.41,48495,"(C) Major Private Banks","2015-10-21"
"Lakshmi Vilas Bank Ltd",56044,97991,154035,1050.86,48495,"(C) Major Private Banks","2015-10-28"
"Lakshmi Vilas Bank Ltd",56135,98117,154252,1018.76,48495,"(C) Major Private Banks","2015-11-04"
"Lakshmi Vilas Bank Ltd",56205,98274,154479,1048.96,48495,"(C) Major Private Banks","2015-11-11"
"Lakshmi Vilas Bank Ltd",56245,98363,154608,1083.96,48495,"(C) Major Private Banks","2015-11-18"
"Lakshmi Vilas Bank Ltd",56628,98540,155168,1051.86,48495,"(C) Major Private Banks","2015-11-25"
"Lakshmi Vilas Bank Ltd",56628,98540,155168,1051.86,48495,"(C) Major Private Banks","2015-12-02"
"Lakshmi Vilas Bank Ltd",56872,98944,155816,1043.07,48495,"(C) Major Private Banks","2015-12-09"
"Lakshmi Vilas Bank Ltd",56906,99094,156000,1036.93,48495,"(C) Major Private Banks","2015-12-16"
"Lakshmi Vilas Bank Ltd",57172,99251,156423,1053.8,146956,"(C) Major Private Banks","2015-12-23"
"Lakshmi Vilas Bank Ltd",57226,99485,156711,1057.22,146956,"(C) Major Private Banks","2015-12-30"
"Lakshmi Vilas Bank Ltd",57320,99583,156903,1049.8,146956,"(C) Major Private Banks","2016-01-06"
"Lakshmi Vilas Bank Ltd",57386,99950,157336,1060.92,146956,"(C) Major Private Banks","2016-01-13"
"Lakshmi Vilas Bank Ltd",57425,100080,157505,1095.68,146956,"(C) Major Private Banks","2016-01-20"
"Lakshmi Vilas Bank Ltd",57449,100303,157752,1129.4,146956,"(C) Major Private Banks","2016-01-27"
"Lakshmi Vilas Bank Ltd",57633,101088,158721,1074.1,146956,"(C) Major Private Banks","2016-02-10"
"Lakshmi Vilas Bank Ltd",57732,101358,159090,1087.53,146956,"(C) Major Private Banks","2016-02-17"
"Lakshmi Vilas Bank Ltd",57797,101493,159290,1130.98,146956,"(C) Major Private Banks","2016-02-24"
"Lakshmi Vilas Bank Ltd",57797,101493,159290,1130.98,146956,"(C) Major Private Banks","2016-03-02"
"Lakshmi Vilas Bank Ltd",57965,101822,159787,1139.06,156341,"(C) Major Private Banks","2016-03-09"
"Lakshmi Vilas Bank Ltd",58030,101939,159969,1168.94,156341,"(C) Major Private Banks","2016-03-16"
"Lakshmi Vilas Bank Ltd",58082,102122,160204,1199.72,156812,"(C) Major Private Banks","2016-03-23"
"Lakshmi Vilas Bank Ltd",58128,102265,160393,1224.91,156812,"(C) Major Private Banks","2016-03-30"
"Lakshmi Vilas Bank Ltd",58167,102369,160536,1199.14,156812,"(C) Major Private Banks","2016-04-06"
"Lakshmi Vilas Bank Ltd",58201,102444,160645,1162.26,157501,"(C) Major Private Banks","2016-04-13"
"Lakshmi Vilas Bank Ltd",58279,102619,160898,1164.4,157501,"(C) Major Private Banks","2016-04-20"
"Lakshmi Vilas Bank Ltd",58279,102619,160898,1164.4,157501,"(C) Major Private Banks","2016-04-27"
"Lakshmi Vilas Bank Ltd",58427,102778,161205,1237.35,157966,"(C) Major Private Banks","2016-05-04"
"Lakshmi Vilas Bank Ltd",58496,102879,161375,1279.39,157966,"(C) Major Private Banks","2016-05-11"
"Lakshmi Vilas Bank Ltd",58524,102918,161442,1307.62,157966,"(C) Major Private Banks","2016-05-18"
"Lakshmi Vilas Bank Ltd",58545,103057,161602,1271.45,157966,"(C) Major Private Banks","2016-05-25"
"Lakshmi Vilas Bank Ltd",58624,103146,161770,1225.15,157966,"(C) Major Private Banks","2016-06-01"
"Lakshmi Vilas Bank Ltd",15174,45781,60955,110.71,10573,"(C) Major Private Banks","2015-01-21"
"Lakshmi Vilas Bank Ltd",15389,60826,76215,294.13,48495,"(C) Major Private Banks","2015-05-27"
"Lakshmi Vilas Bank Ltd",53475,91174,144649,991.03,48495,"(C) Major Private Banks","2015-09-30"
"Lakshmi Vilas Bank Ltd",57449,100303,157752,1129.4,146956,"(C) Major Private Banks","2016-02-03"
"Lakshmi Vilas Bank Ltd",58879,103347,162226,1232.02,158641,"(C) Major Private Banks","2016-06-08"
"Lakshmi Vilas Bank Ltd",61241,107052,168293,1300.53,165512,"(C) Major Private Banks","2016-10-12"
"Lakshmi Vilas Bank Ltd",61977,110665,172642,2018.63,170125,"(C) Major Private Banks","2017-02-15"
"Lakshmi Vilas Bank Ltd",49160,127585,176745,1596.82,175260,"(C) Major Private Banks","2017-06-21"
"Lakshmi Vilas Bank Ltd",49786,130408,180194,1546.02,178934,"(C) Major Private Banks","2017-10-25"
"Lakshmi Vilas Bank Ltd",38596,97182,135778,1575.53,125451,"(C) Major Private Banks","2018-02-28"
"Lakshmi Vilas Bank Ltd",38742,99792,138534,1706.03,124377,"(C) Major Private Banks","2018-07-11"
"Lakshmi Vilas Bank Ltd",58879,103347,162226,1232.02,158641,"(C) Major Private Banks","2016-06-15"
"Lakshmi Vilas Bank Ltd",59119,103782,162901,1243.96,158641,"(C) Major Private Banks","2016-06-22"
"Lakshmi Vilas Bank Ltd",59210,104219,163429,1245.63,159248,"(C) Major Private Banks","2016-06-29"
"Lakshmi Vilas Bank Ltd",59407,104616,164023,1184.74,159248,"(C) Major Private Banks","2016-07-06"
"Lakshmi Vilas Bank Ltd",59463,104915,164378,1253.53,161188,"(C) Major Private Banks","2016-07-13"
"Lakshmi Vilas Bank Ltd",59710,105395,165105,1371.44,161188,"(C) Major Private Banks","2016-07-20"
"Lakshmi Vilas Bank Ltd",59835,105471,165306,1335.39,161188,"(C) Major Private Banks","2016-07-27"
"Lakshmi Vilas Bank Ltd",59942,105663,165605,1292.76,162597,"(C) Major Private Banks","2016-08-03"
"Lakshmi Vilas Bank Ltd",60064,105889,165953,1273.03,162597,"(C) Major Private Banks","2016-08-10"
"Lakshmi Vilas Bank Ltd",60190,106026,166216,1356.02,162597,"(C) Major Private Banks","2016-08-17"
"Lakshmi Vilas Bank Ltd",60190,106026,166216,1356.02,163294,"(C) Major Private Banks","2016-08-24"
"Lakshmi Vilas Bank Ltd",60332,106150,166482,1259.98,163294,"(C) Major Private Banks","2016-08-31"
"Lakshmi Vilas Bank Ltd",60634,106347,166981,1242.92,163294,"(C) Major Private Banks","2016-09-07"
"Lakshmi Vilas Bank Ltd",60893,106431,167324,1284.08,163294,"(C) Major Private Banks","2016-09-14"
"Lakshmi Vilas Bank Ltd",61026,106603,167629,1289.51,165113,"(C) Major Private Banks","2016-09-21"
"Lakshmi Vilas Bank Ltd",61104,106802,167906,1258.99,165113,"(C) Major Private Banks","2016-09-28"
"Lakshmi Vilas Bank Ltd",61104,106802,167906,1258.99,165113,"(C) Major Private Banks","2016-10-05"
"Lakshmi Vilas Bank Ltd",61309,107187,168496,1392.73,165512,"(C) Major Private Banks","2016-10-19"
"Lakshmi Vilas Bank Ltd",61330,107287,168617,1335.44,165512,"(C) Major Private Banks","2016-10-26"
"Lakshmi Vilas Bank Ltd",61366,107339,168705,1302.53,165512,"(C) Major Private Banks","2016-11-02"
"Lakshmi Vilas Bank Ltd",61417,107447,168864,1350.36,165512,"(C) Major Private Banks","2016-11-09"
"Lakshmi Vilas Bank Ltd",61406,107586,168992,2715.71,166913,"(C) Major Private Banks","2016-11-16"
"Lakshmi Vilas Bank Ltd",61403,107592,168995,2896.35,166913,"(C) Major Private Banks","2016-11-23"
"Lakshmi Vilas Bank Ltd",61414,107646,169060,2799.22,167083,"(C) Major Private Banks","2016-11-30"
"Lakshmi Vilas Bank Ltd",61418,107736,169154,2635.02,167191,"(C) Major Private Banks","2016-12-07"
"Lakshmi Vilas Bank Ltd",61420,107898,169318,2601.64,167290,"(C) Major Private Banks","2016-12-14"
"Lakshmi Vilas Bank Ltd",61534,108172,169706,2514.09,167290,"(C) Major Private Banks","2016-12-21"
"Lakshmi Vilas Bank Ltd",61631,108415,170046,2405.37,167401,"(C) Major Private Banks","2016-12-28"
"Lakshmi Vilas Bank Ltd",48201,122481,170682,2236.37,168242,"(C) Major Private Banks","2017-01-04"
"Lakshmi Vilas Bank Ltd",48378,122616,170994,2290.58,168651,"(C) Major Private Banks","2017-01-11"
"Lakshmi Vilas Bank Ltd",48527,122891,171418,2332.41,168922,"(C) Major Private Banks","2017-01-18"
"Lakshmi Vilas Bank Ltd",48477,123137,171614,2150.55,169382,"(C) Major Private Banks","2017-01-25"
"Lakshmi Vilas Bank Ltd",61935,109807,171742,2071.8,169382,"(C) Major Private Banks","2017-02-01"
"Lakshmi Vilas Bank Ltd",61931,110065,171996,2023.9,169698,"(C) Major Private Banks","2017-02-08"
"Lakshmi Vilas Bank Ltd",62037,111158,173195,1926.16,170616,"(C) Major Private Banks","2017-02-22"
"Lakshmi Vilas Bank Ltd",62049,111466,173515,1885.63,170616,"(C) Major Private Banks","2017-03-01"
"Lakshmi Vilas Bank Ltd",48249,88895,137144,1574.47,172305,"(C) Major Private Banks","2017-03-08"
"Lakshmi Vilas Bank Ltd",109343,64756,174099,1847.54,172539,"(C) Major Private Banks","2017-03-15"
"Lakshmi Vilas Bank Ltd",62251,112268,174519,1772.79,172734,"(C) Major Private Banks","2017-03-22"
"Lakshmi Vilas Bank Ltd",62274,112406,174680,1745.18,173163,"(C) Major Private Banks","2017-03-29"
"Lakshmi Vilas Bank Ltd",62288,112586,174874,1693.22,173302,"(C) Major Private Banks","2017-04-05"
"Lakshmi Vilas Bank Ltd",48857,126137,174994,1809.71,173460,"(C) Major Private Banks","2017-04-12"
"Lakshmi Vilas Bank Ltd",48894,126182,175076,1841.82,173719,"(C) Major Private Banks","2017-04-19"
"Lakshmi Vilas Bank Ltd",48929,126429,175358,1784.11,173885,"(C) Major Private Banks","2017-04-26"
"Lakshmi Vilas Bank Ltd",48981,126568,175549,1811.25,174105,"(C) Major Private Banks","2017-05-03"
"Lakshmi Vilas Bank Ltd",48989,126696,175685,1909.09,174215,"(C) Major Private Banks","2017-05-10"
"Lakshmi Vilas Bank Ltd",49003,126829,175832,1791.42,174346,"(C) Major Private Banks","2017-05-17"
"Lakshmi Vilas Bank Ltd",49003,126964,175967,1704.03,174565,"(C) Major Private Banks","2017-05-24"
"Lakshmi Vilas Bank Ltd",49003,126964,175967,1704.03,174565,"(C) Major Private Banks","2017-05-31"
"Lakshmi Vilas Bank Ltd",49089,127345,176434,1745.02,175004,"(C) Major Private Banks","2017-06-07"
"Lakshmi Vilas Bank Ltd",49122,127432,176554,1736.71,175147,"(C) Major Private Banks","2017-06-14"
"Lakshmi Vilas Bank Ltd",49182,127749,176931,1572.81,175517,"(C) Major Private Banks","2017-06-28"
"Lakshmi Vilas Bank Ltd",49234,127955,177189,1553.92,175679,"(C) Major Private Banks","2017-07-05"
"Lakshmi Vilas Bank Ltd",49269,128109,177378,1698.81,176022,"(C) Major Private Banks","2017-07-12"
"Lakshmi Vilas Bank Ltd",49285,128316,177601,1550.58,176131,"(C) Major Private Banks","2017-07-19"
"Lakshmi Vilas Bank Ltd",49328,128502,177830,1552.31,176318,"(C) Major Private Banks","2017-07-26"
"Lakshmi Vilas Bank Ltd",49379,128681,178060,1723.52,176589,"(C) Major Private Banks","2017-08-02"
"Lakshmi Vilas Bank Ltd",49423,128838,178261,1768.74,176595,"(C) Major Private Banks","2017-08-09"
"Lakshmi Vilas Bank Ltd",49475,128960,178435,1750.42,176595,"(C) Major Private Banks","2017-08-16"
"Lakshmi Vilas Bank Ltd",49528,129157,178685,1630.5,177472,"(C) Major Private Banks","2017-08-23"
"Lakshmi Vilas Bank Ltd",49540,129258,178798,1599.29,177541,"(C) Major Private Banks","2017-08-30"
"Lakshmi Vilas Bank Ltd",49625,129406,179031,1633.26,177707,"(C) Major Private Banks","2017-09-06"
"Lakshmi Vilas Bank Ltd",49622,129464,179086,1670.18,177855,"(C) Major Private Banks","2017-09-13"
"Lakshmi Vilas Bank Ltd",49630,129561,179191,1600.76,177971,"(C) Major Private Banks","2017-09-20"
"Lakshmi Vilas Bank Ltd",49694,129778,179472,1557.15,178239,"(C) Major Private Banks","2017-09-27"
"Lakshmi Vilas Bank Ltd",49705,129878,179583,1568.02,178315,"(C) Major Private Banks","2017-10-04"
"Lakshmi Vilas Bank Ltd",49727,130129,179856,1722.12,178479,"(C) Major Private Banks","2017-10-11"
"Lakshmi Vilas Bank Ltd",49794,130264,180058,1593.4,178771,"(C) Major Private Banks","2017-10-18"
"Lakshmi Vilas Bank Ltd",49862,130562,180424,1554.86,179141,"(C) Major Private Banks","2017-11-01"
"Lakshmi Vilas Bank Ltd",49893,130673,180566,1717.36,179353,"(C) Major Private Banks","2017-11-08"
"Lakshmi Vilas Bank Ltd",50477,130224,180701,1708.06,179450,"(C) Major Private Banks","2017-11-15"
"Lakshmi Vilas Bank Ltd",50528,130472,181000,1626.03,179696,"(C) Major Private Banks","2017-11-22"
"Lakshmi Vilas Bank Ltd",50556,130627,181183,1623.51,179904,"(C) Major Private Banks","2017-11-29"
"Lakshmi Vilas Bank Ltd",50559,130737,181296,1630.41,180062,"(C) Major Private Banks","2017-12-06"
"Lakshmi Vilas Bank Ltd",49821,126532,176353,1658.29,158616,"(C) Major Private Banks","2017-12-13"
"Lakshmi Vilas Bank Ltd",38659,95981,134640,1495.4,124452,"(C) Major Private Banks","2017-12-20"
"Lakshmi Vilas Bank Ltd",38667,96099,134766,1471.75,124559,"(C) Major Private Banks","2017-12-27"
"Lakshmi Vilas Bank Ltd",38523,95920,134443,1534.81,124265,"(C) Major Private Banks","2018-01-03"
"Lakshmi Vilas Bank Ltd",38547,96181,134728,1652.74,124515,"(C) Major Private Banks","2018-01-10"
"Lakshmi Vilas Bank Ltd",38562,96291,134853,1555.03,124631,"(C) Major Private Banks","2018-01-17"
"Lakshmi Vilas Bank Ltd",38569,96456,135025,1466.39,124768,"(C) Major Private Banks","2018-01-24"
"Lakshmi Vilas Bank Ltd",38550,96596,135146,1517.56,124892,"(C) Major Private Banks","2018-01-31"
"Lakshmi Vilas Bank Ltd",38562,96753,135315,1704.42,125062,"(C) Major Private Banks","2018-02-07"
"Lakshmi Vilas Bank Ltd",38582,96845,135427,1611.82,125170,"(C) Major Private Banks","2018-02-14"
"Lakshmi Vilas Bank Ltd",38583,97033,135616,1562.33,125311,"(C) Major Private Banks","2018-02-21"
"Lakshmi Vilas Bank Ltd",38602,97316,135918,1661.44,125592,"(C) Major Private Banks","2018-03-07"
"Lakshmi Vilas Bank Ltd",38613,97459,136072,1666.74,125737,"(C) Major Private Banks","2018-03-14"
"Lakshmi Vilas Bank Ltd",38606,97578,136184,1574.59,125861,"(C) Major Private Banks","2018-03-21"
"Lakshmi Vilas Bank Ltd",38618,97679,136297,1559.52,122650,"(C) Major Private Banks","2018-03-28"
"Lakshmi Vilas Bank Ltd",38634,97760,136394,1581.02,122757,"(C) Major Private Banks","2018-04-04"
"Lakshmi Vilas Bank Ltd",38632,97894,136526,1714.95,122828,"(C) Major Private Banks","2018-04-11"
"Lakshmi Vilas Bank Ltd",38625,98023,136648,1663.21,122869,"(C) Major Private Banks","2018-04-18"
"Lakshmi Vilas Bank Ltd",38625,98140,136765,1603.12,123001,"(C) Major Private Banks","2018-04-25"
"Lakshmi Vilas Bank Ltd",38634,98207,136841,1644.04,123091,"(C) Major Private Banks","2018-05-02"
"Lakshmi Vilas Bank Ltd",38667,98326,136993,1733.59,123154,"(C) Major Private Banks","2018-05-09"
"Lakshmi Vilas Bank Ltd",38704,98626,137330,1605.63,123315,"(C) Major Private Banks","2018-05-23"
"Lakshmi Vilas Bank Ltd",38716,98804,137520,1612.46,123557,"(C) Major Private Banks","2018-05-30"
"Lakshmi Vilas Bank Ltd",38714,98944,137658,1614.24,123719,"(C) Major Private Banks","2018-06-06"
"Lakshmi Vilas Bank Ltd",38728,99061,137789,1692.21,123817,"(C) Major Private Banks","2018-06-13"
"Lakshmi Vilas Bank Ltd",38724,99232,137956,1632.01,123894,"(C) Major Private Banks","2018-06-20"
"Lakshmi Vilas Bank Ltd",38733,99364,138097,1621.61,124014,"(C) Major Private Banks","2018-06-27"
"Lakshmi Vilas Bank Ltd",38745,99642,138387,1631.2,124155,"(C) Major Private Banks","2018-07-04"
"Lakshmi Vilas Bank Ltd",38762,99990,138752,1636.49,124442,"(C) Major Private Banks","2018-07-18"
"Lakshmi Vilas Bank Ltd",38793,100387,139180,1635.86,124831,"(C) Major Private Banks","2018-08-01"
"Lakshmi Vilas Bank Ltd",38792,100544,139336,1783.19,124981,"(C) Major Private Banks","2018-08-08"
"Lakshmi Vilas Bank Ltd",38794,100678,139472,1694.67,125103,"(C) Major Private Banks","2018-08-15"
"Lakshmi Vilas Bank Ltd",38826,100801,139627,1634.78,125172,"(C) Major Private Banks","2018-08-22"
"Lakshmi Vilas Bank Ltd",38835,100918,139753,1644.85,125278,"(C) Major Private Banks","2018-08-29"
"Lakshmi Vilas Bank Ltd",38857,101105,139962,1679.77,125486,"(C) Major Private Banks","2018-09-05"
"Lakshmi Vilas Bank Ltd",38881,101234,140115,1777.42,125618,"(C) Major Private Banks","2018-09-12"
"Lakshmi Vilas Bank Ltd",38901,101387,140288,1713.97,125740,"(C) Major Private Banks","2018-09-19"
"Lakshmi Vilas Bank Ltd",38938,101563,140501,1685.97,125916,"(C) Major Private Banks","2018-09-26"
"Lakshmi Vilas Bank Ltd",38962,101731,140693,1714.12,126116,"(C) Major Private Banks","2018-10-03"
"Lakshmi Vilas Bank Ltd",39001,101913,140914,1884.5,126283,"(C) Major Private Banks","2018-10-10"
"Lakshmi Vilas Bank Ltd",53126,145885,199011,1959.17,162679,"(C) Major Private Banks","2018-10-17"
"Lakshmi Vilas Bank Ltd",53126,145933,199059,1953.59,162687,"(C) Major Private Banks","2018-10-24"
"Lakshmi Vilas Bank Ltd",39010,102322,141332,1739.38,126737,"(C) Major Private Banks","2018-10-31"
"Lakshmi Vilas Bank Ltd",39050,102442,141492,1845.26,126873,"(C) Major Private Banks","2018-11-07"
"Lakshmi Vilas Bank Ltd",39049,102539,141588,1767.16,126851,"(C) Major Private Banks","2018-11-14"
"Lakshmi Vilas Bank Ltd",39068,102616,141684,1715.33,127021,"(C) Major Private Banks","2018-11-21"
"Lakshmi Vilas Bank Ltd",39075,102770,141845,1694.72,127175,"(C) Major Private Banks","2018-11-28"
"Lakshmi Vilas Bank Ltd",39085,102889,141974,1714.42,127298,"(C) Major Private Banks","2018-12-05"
"Lakshmi Vilas Bank Ltd",39079,103080,142159,1802.48,127345,"(C) Major Private Banks","2018-12-12"
"Lakshmi Vilas Bank Ltd",39086,103193,142279,1726.69,127428,"(C) Major Private Banks","2018-12-19"
"Lakshmi Vilas Bank Ltd",39086,103350,142436,1718.17,127660,"(C) Major Private Banks","2018-12-26"
"Lakshmi Vilas Bank Ltd",39080,103432,142512,1757.25,127919,"(C) Major Private Banks","2019-01-02"
"Lakshmi Vilas Bank Ltd",39050,103639,142689,1871.07,128401,"(C) Major Private Banks","2019-01-16"
"Lakshmi Vilas Bank Ltd",39048,103739,142787,1798.34,128445,"(C) Major Private Banks","2019-01-23"
