Bank Name / Type,Number of Beneficiaries at rural/semiurban centre bank branches,Number of Beneficiaries at urban metro centre bank branches,Number of Total Beneficiaries,Deposits in Accounts(In lac),Number of Rupay Debit Cards issued to beneficiaries,level,date
"Oriental Bank of Commerce",611187,468934,1080121,1619.58,116799,"(A) Public Sector Banks","2014-09-24"
"Oriental Bank of Commerce",687386,515288,1202674,1603.92,431155,"(A) Public Sector Banks","2014-10-08"
"Oriental Bank of Commerce",731758,541935,1273693,2577.28,509214,"(A) Public Sector Banks","2014-10-15"
"Oriental Bank of Commerce",790671,580467,1371138,32730.56,624934,"(A) Public Sector Banks","2014-10-29"
"Oriental Bank of Commerce",822529,599402,1421931,38976.36,703817,"(A) Public Sector Banks","2014-11-05"
"Oriental Bank of Commerce",845311,612873,1458184,43121.8,733689,"(A) Public Sector Banks","2014-11-12"
"Oriental Bank of Commerce",885949,635625,1521574,47129.21,1015588,"(A) Public Sector Banks","2014-11-19"
"Oriental Bank of Commerce",925780,659342,1585122,51015.52,1040005,"(A) Public Sector Banks","2014-11-26"
"Oriental Bank of Commerce",957466,678835,1636301,54847.13,1156024,"(A) Public Sector Banks","2014-12-03"
"Oriental Bank of Commerce",998377,701680,1700057,59587.45,1212333,"(A) Public Sector Banks","2014-12-10"
"Oriental Bank of Commerce",1065068,730934,1796002,62921.12,1352803,"(A) Public Sector Banks","2014-12-17"
"Oriental Bank of Commerce",1038312,727764,1766076,67570.39,1542000,"(A) Public Sector Banks","2014-12-24"
"Oriental Bank of Commerce",1079784,749457,1829241,81600.19,1605966,"(A) Public Sector Banks","2014-12-31"
"Oriental Bank of Commerce",1113644,771709,1885353,78070.63,1752304,"(A) Public Sector Banks","2015-01-07"
"Oriental Bank of Commerce",1135451,808391,1943842,82656.41,1879484,"(A) Public Sector Banks","2015-01-14"
"Oriental Bank of Commerce",1206449,857144,2063593,87211.44,1995002,"(A) Public Sector Banks","2015-01-28"
"Oriental Bank of Commerce",1236075,875854,2111929,91776.02,2024151,"(A) Public Sector Banks","2015-02-04"
"Oriental Bank of Commerce",1265308,892742,2158050,96369,2076090,"(A) Public Sector Banks","2015-02-11"
"Oriental Bank of Commerce",1284752,908295,2193047,100650.41,2146354,"(A) Public Sector Banks","2015-02-18"
"Oriental Bank of Commerce",1306214,922183,2228397,103312.3,2190198,"(A) Public Sector Banks","2015-02-25"
"Oriental Bank of Commerce",1328675,934987,2263662,105911.86,2216375,"(A) Public Sector Banks","2015-03-04"
"Oriental Bank of Commerce",1345032,945425,2290457,109392.64,2258003,"(A) Public Sector Banks","2015-03-11"
"Oriental Bank of Commerce",1369878,961307,2331185,117373.27,2290244,"(A) Public Sector Banks","2015-03-18"
"Oriental Bank of Commerce",1394522,975110,2369632,122245.57,2319935,"(A) Public Sector Banks","2015-03-25"
"Oriental Bank of Commerce",1411183,985467,2396650,136388.39,2342186,"(A) Public Sector Banks","2015-04-01"
"Oriental Bank of Commerce",1423552,991728,2415280,135048,2390290,"(A) Public Sector Banks","2015-04-08"
"Oriental Bank of Commerce",1418741,987788,2406529,126967.98,2361969,"(A) Public Sector Banks","2015-04-15"
"Oriental Bank of Commerce",1433854,996144,2429998,128356.6,2381471,"(A) Public Sector Banks","2015-04-22"
"Oriental Bank of Commerce",1448545,1005890,2454435,129240.06,2407148,"(A) Public Sector Banks","2015-04-29"
"Oriental Bank of Commerce",1461708,1014147,2475855,133304.39,2434418,"(A) Public Sector Banks","2015-05-06"
"Oriental Bank of Commerce",1481839,1026494,2508333,137175.99,2475972,"(A) Public Sector Banks","2015-05-13"
"Oriental Bank of Commerce",1501846,1037822,2539668,140134.84,2487764,"(A) Public Sector Banks","2015-05-20"
"Oriental Bank of Commerce",1538759,1063498,2602257,149625.04,2570810,"(A) Public Sector Banks","2015-06-03"
"Oriental Bank of Commerce",1555895,1074274,2630169,151542.64,2601550,"(A) Public Sector Banks","2015-06-10"
"Oriental Bank of Commerce",1578319,1083896,2662215,157253.15,2631956,"(A) Public Sector Banks","2015-06-17"
"Oriental Bank of Commerce",1595739,1094614,2690353,160283.51,2656041,"(A) Public Sector Banks","2015-06-24"
"Oriental Bank of Commerce",1607623,1103107,2710730,174511.4,2682724,"(A) Public Sector Banks","2015-07-01"
"Oriental Bank of Commerce",1628397,1116882,2745279,171818.73,2712321,"(A) Public Sector Banks","2015-07-08"
"Oriental Bank of Commerce",1644306,1126883,2771189,173856.95,2738559,"(A) Public Sector Banks","2015-07-15"
"Oriental Bank of Commerce",1660615,1136458,2797073,175478.16,2769254,"(A) Public Sector Banks","2015-07-22"
"Oriental Bank of Commerce",1679570,1149633,2829203,176780.05,2801699,"(A) Public Sector Banks","2015-07-29"
"Oriental Bank of Commerce",1699341,1161440,2860781,180677.79,2832541,"(A) Public Sector Banks","2015-08-05"
"Oriental Bank of Commerce",1719145,1174054,2893199,185023.95,2860442,"(A) Public Sector Banks","2015-08-12"
"Oriental Bank of Commerce",1735362,1183012,2918374,185658.89,2882258,"(A) Public Sector Banks","2015-08-19"
"Oriental Bank of Commerce",1753776,1197090,2950866,188932.78,2921552,"(A) Public Sector Banks","2015-08-26"
"Oriental Bank of Commerce",1767567,1207416,2974983,191602.82,2949681,"(A) Public Sector Banks","2015-09-02"
"Oriental Bank of Commerce",1787050,1220189,3007239,196937.24,2985533,"(A) Public Sector Banks","2015-09-09"
"Oriental Bank of Commerce",1804587,1232903,3037490,199892.24,3010928,"(A) Public Sector Banks","2015-09-16"
"Oriental Bank of Commerce",1824663,1244936,3069599,201197.21,3044079,"(A) Public Sector Banks","2015-09-23"
"Oriental Bank of Commerce",1852354,1262769,3115123,210470.18,3092474,"(A) Public Sector Banks","2015-10-07"
"Oriental Bank of Commerce",1869415,1273229,3142644,212508.6,3115939,"(A) Public Sector Banks","2015-10-14"
"Oriental Bank of Commerce",1885414,1283565,3168979,212849.3,3136221,"(A) Public Sector Banks","2015-10-21"
"Oriental Bank of Commerce",1894801,1289739,3184540,212743.58,3148872,"(A) Public Sector Banks","2015-10-28"
"Oriental Bank of Commerce",1911793,1300474,3212267,219657.13,3171183,"(A) Public Sector Banks","2015-11-04"
"Oriental Bank of Commerce",1923600,1307740,3231340,224943.38,3186354,"(A) Public Sector Banks","2015-11-11"
"Oriental Bank of Commerce",1933895,1313970,3247865,225183.76,3200929,"(A) Public Sector Banks","2015-11-18"
"Oriental Bank of Commerce",1947650,1322022,3269672,225393.91,3219352,"(A) Public Sector Banks","2015-11-25"
"Oriental Bank of Commerce",1961812,1330985,3292797,229670.96,3238876,"(A) Public Sector Banks","2015-12-02"
"Oriental Bank of Commerce",1978041,1341172,3319213,236655.41,3260503,"(A) Public Sector Banks","2015-12-09"
"Oriental Bank of Commerce",1992948,1351787,3344735,238956.02,3283100,"(A) Public Sector Banks","2015-12-16"
"Oriental Bank of Commerce",2008672,1362804,3371476,243610.26,3307586,"(A) Public Sector Banks","2015-12-23"
"Oriental Bank of Commerce",2024308,1372493,3396801,250578.15,3331599,"(A) Public Sector Banks","2015-12-30"
"Oriental Bank of Commerce",2042901,1383499,3426400,260491.36,3358536,"(A) Public Sector Banks","2016-01-06"
"Oriental Bank of Commerce",2057202,1392789,3449991,265296.07,3380359,"(A) Public Sector Banks","2016-01-13"
"Oriental Bank of Commerce",2066006,1399005,3465011,265267.16,3392755,"(A) Public Sector Banks","2016-01-20"
"Oriental Bank of Commerce",2086369,1408959,3495328,269026.12,3418168,"(A) Public Sector Banks","2016-01-27"
"Oriental Bank of Commerce",2111824,1447144,3558968,280440.09,3476185,"(A) Public Sector Banks","2016-02-10"
"Oriental Bank of Commerce",2126659,1456455,3583114,282624.8,3495970,"(A) Public Sector Banks","2016-02-17"
"Oriental Bank of Commerce",2144958,1469512,3614470,285218.51,3528314,"(A) Public Sector Banks","2016-02-24"
"Oriental Bank of Commerce",2147894,1471381,3619275,285610.94,3531241,"(A) Public Sector Banks","2016-03-02"
"Oriental Bank of Commerce",2159390,1478664,3638054,289753.36,3547469,"(A) Public Sector Banks","2016-03-09"
"Oriental Bank of Commerce",2174692,1487816,3662508,296536.94,3567731,"(A) Public Sector Banks","2016-03-16"
"Oriental Bank of Commerce",2177619,1489626,3667245,297865.1,3575503,"(A) Public Sector Banks","2016-03-23"
"Oriental Bank of Commerce",2180363,1491399,3671762,299219.03,3579232,"(A) Public Sector Banks","2016-03-30"
"Oriental Bank of Commerce",2180026,1491435,3671461,304017.04,3568202,"(A) Public Sector Banks","2016-04-06"
"Oriental Bank of Commerce",2183228,1492479,3675707,306856.34,3569003,"(A) Public Sector Banks","2016-04-13"
"Oriental Bank of Commerce",2184857,1493405,3678262,303862.42,3569979,"(A) Public Sector Banks","2016-04-20"
"Oriental Bank of Commerce",2187959,1494681,3682640,302302.28,3570879,"(A) Public Sector Banks","2016-04-27"
"Oriental Bank of Commerce",2191940,1496343,3688283,305484.85,3571169,"(A) Public Sector Banks","2016-05-04"
"Oriental Bank of Commerce",2196614,1497818,3694432,308585.21,3571756,"(A) Public Sector Banks","2016-05-11"
"Oriental Bank of Commerce",2200369,1499639,3700008,308139.84,3571666,"(A) Public Sector Banks","2016-05-18"
"Oriental Bank of Commerce",2204776,1501335,3706111,307502.8,3572822,"(A) Public Sector Banks","2016-05-25"
"Oriental Bank of Commerce",2212412,1500051,3712463,308383.98,3573969,"(A) Public Sector Banks","2016-06-01"
"Oriental Bank of Commerce",1167638,829296,1996934,85308.84,1935427,"(A) Public Sector Banks","2015-01-21"
"Oriental Bank of Commerce",1519674,1049820,2569494,143241,2541644,"(A) Public Sector Banks","2015-05-27"
"Oriental Bank of Commerce",1837086,1253912,3090998,222690.75,3068282,"(A) Public Sector Banks","2015-09-30"
"Oriental Bank of Commerce",2091830,1436556,3528386,273676.01,3448601,"(A) Public Sector Banks","2016-02-03"
"Oriental Bank of Commerce",2216950,1501775,3718725,312377.69,3575723,"(A) Public Sector Banks","2016-06-08"
"Oriental Bank of Commerce",2292356,1532112,3824468,321734.59,3632754,"(A) Public Sector Banks","2016-10-12"
"Oriental Bank of Commerce",2204136,1724730,3928866,438658.69,3677081,"(A) Public Sector Banks","2017-02-15"
"Oriental Bank of Commerce",2276735,1757866,4034601,409905.11,3709552,"(A) Public Sector Banks","2017-06-21"
"Oriental Bank of Commerce",2352022,1800119,4152141,408147.64,3756417,"(A) Public Sector Banks","2017-10-25"
"Oriental Bank of Commerce",2395977,1829841,4225818,425511.04,3782650,"(A) Public Sector Banks","2018-02-28"
"Oriental Bank of Commerce",2458406,1866674,4325080,445327.06,3820472,"(A) Public Sector Banks","2018-07-11"
"Oriental Bank of Commerce",2220216,1504099,3724315,312043.18,3577267,"(A) Public Sector Banks","2016-06-15"
"Oriental Bank of Commerce",2224924,1505848,3730772,310389.73,3618462,"(A) Public Sector Banks","2016-06-22"
"Oriental Bank of Commerce",2228239,1507321,3735560,308172.65,3618274,"(A) Public Sector Banks","2016-06-29"
"Oriental Bank of Commerce",2233401,1509575,3742976,312035.5,3620359,"(A) Public Sector Banks","2016-07-06"
"Oriental Bank of Commerce",2236050,1510479,3746529,313205.98,3620503,"(A) Public Sector Banks","2016-07-13"
"Oriental Bank of Commerce",2240445,1511826,3752271,312741.83,3620488,"(A) Public Sector Banks","2016-07-20"
"Oriental Bank of Commerce",2245065,1513637,3758702,310975.69,3621483,"(A) Public Sector Banks","2016-07-27"
"Oriental Bank of Commerce",2250078,1515829,3765907,314415.91,3625312,"(A) Public Sector Banks","2016-08-03"
"Oriental Bank of Commerce",2256679,1518021,3774700,315876.55,3626928,"(A) Public Sector Banks","2016-08-10"
"Oriental Bank of Commerce",2260344,1519302,3779646,313513.5,3628503,"(A) Public Sector Banks","2016-08-17"
"Oriental Bank of Commerce",2266898,1521391,3788289,311427.63,3630853,"(A) Public Sector Banks","2016-08-24"
"Oriental Bank of Commerce",2271361,1523281,3794642,312837.92,3632733,"(A) Public Sector Banks","2016-08-31"
"Oriental Bank of Commerce",2274287,1524378,3798665,318386.2,3632939,"(A) Public Sector Banks","2016-09-07"
"Oriental Bank of Commerce",2277923,1525610,3803533,319410.12,3633598,"(A) Public Sector Banks","2016-09-14"
"Oriental Bank of Commerce",2282124,1527049,3809173,318557.95,3634083,"(A) Public Sector Banks","2016-09-21"
"Oriental Bank of Commerce",2286215,1529000,3815215,318014.87,3630462,"(A) Public Sector Banks","2016-09-28"
"Oriental Bank of Commerce",2290618,1531201,3821819,322106.61,3629574,"(A) Public Sector Banks","2016-10-05"
"Oriental Bank of Commerce",2294691,1533211,3827902,320932.52,3633025,"(A) Public Sector Banks","2016-10-19"
"Oriental Bank of Commerce",2299505,1535151,3834656,320372.45,3632604,"(A) Public Sector Banks","2016-10-26"
"Oriental Bank of Commerce",2302706,1536604,3839310,322749.48,3631791,"(A) Public Sector Banks","2016-11-02"
"Oriental Bank of Commerce",2306924,1538124,3845048,323711.77,3634901,"(A) Public Sector Banks","2016-11-09"
"Oriental Bank of Commerce",2148905,1698167,3847072,438446.79,3635908,"(A) Public Sector Banks","2016-11-16"
"Oriental Bank of Commerce",2150164,1698977,3849141,480331.03,3636175,"(A) Public Sector Banks","2016-11-23"
"Oriental Bank of Commerce",2153357,1700530,3853887,492559.95,3638638,"(A) Public Sector Banks","2016-11-30"
"Oriental Bank of Commerce",2158422,1702924,3861346,497945.01,3642681,"(A) Public Sector Banks","2016-12-07"
"Oriental Bank of Commerce",2161813,1704569,3866382,497215.4,3645339,"(A) Public Sector Banks","2016-12-14"
"Oriental Bank of Commerce",2170067,1708142,3878209,489988.21,3649944,"(A) Public Sector Banks","2016-12-21"
"Oriental Bank of Commerce",2175947,1710785,3886732,480267.55,3652910,"(A) Public Sector Banks","2016-12-28"
"Oriental Bank of Commerce",2181813,1713264,3895077,473077.27,3657476,"(A) Public Sector Banks","2017-01-04"
"Oriental Bank of Commerce",2187219,1715724,3902943,467338.03,3661133,"(A) Public Sector Banks","2017-01-11"
"Oriental Bank of Commerce",2191514,1718353,3909867,459589.22,3664702,"(A) Public Sector Banks","2017-01-18"
"Oriental Bank of Commerce",2195067,1720755,3915822,450711.23,3670158,"(A) Public Sector Banks","2017-01-25"
"Oriental Bank of Commerce",2197409,1721698,3919107,445120.11,3671191,"(A) Public Sector Banks","2017-02-01"
"Oriental Bank of Commerce",2201121,1723283,3924404,443010.79,3676251,"(A) Public Sector Banks","2017-02-08"
"Oriental Bank of Commerce",2206288,1725821,3932109,433572.85,3681584,"(A) Public Sector Banks","2017-02-22"
"Oriental Bank of Commerce",2209338,1727317,3936655,427290.99,3683528,"(A) Public Sector Banks","2017-03-01"
"Oriental Bank of Commerce",2213228,1729577,3942805,427954.95,3685301,"(A) Public Sector Banks","2017-03-08"
"Oriental Bank of Commerce",2215795,1731109,3946904,423535.64,3686387,"(A) Public Sector Banks","2017-03-15"
"Oriental Bank of Commerce",2219540,1733598,3953138,417480.57,3688295,"(A) Public Sector Banks","2017-03-22"
"Oriental Bank of Commerce",2223085,1735581,3958666,414861.34,3688735,"(A) Public Sector Banks","2017-03-29"
"Oriental Bank of Commerce",2226716,1737573,3964289,418409.15,3692086,"(A) Public Sector Banks","2017-04-05"
"Oriental Bank of Commerce",2231045,1739205,3970250,416721.39,3693305,"(A) Public Sector Banks","2017-04-12"
"Oriental Bank of Commerce",2234824,1740879,3975703,412866.78,3693882,"(A) Public Sector Banks","2017-04-19"
"Oriental Bank of Commerce",2238021,1742168,3980189,411769.32,3696496,"(A) Public Sector Banks","2017-04-26"
"Oriental Bank of Commerce",2243121,1744303,3987424,413849.35,3698174,"(A) Public Sector Banks","2017-05-03"
"Oriental Bank of Commerce",2246774,1745832,3992606,417118.52,3698707,"(A) Public Sector Banks","2017-05-10"
"Oriental Bank of Commerce",2251596,1747615,3999211,416349.72,3700809,"(A) Public Sector Banks","2017-05-17"
"Oriental Bank of Commerce",2258051,1749950,4008001,412011.18,3701795,"(A) Public Sector Banks","2017-05-24"
"Oriental Bank of Commerce",2262638,1751837,4014475,410457.23,3704540,"(A) Public Sector Banks","2017-05-31"
"Oriental Bank of Commerce",2267313,1753469,4020782,413195.48,3705232,"(A) Public Sector Banks","2017-06-07"
"Oriental Bank of Commerce",2272216,1755711,4027927,412776.38,3707426,"(A) Public Sector Banks","2017-06-14"
"Oriental Bank of Commerce",2279147,1759149,4038296,409167.11,3709982,"(A) Public Sector Banks","2017-06-28"
"Oriental Bank of Commerce",2283057,1761211,4044268,411118.57,3711998,"(A) Public Sector Banks","2017-07-05"
"Oriental Bank of Commerce",2286998,1763276,4050274,412026.06,3713334,"(A) Public Sector Banks","2017-07-12"
"Oriental Bank of Commerce",2291953,1766017,4057970,409743.26,3714936,"(A) Public Sector Banks","2017-07-19"
"Oriental Bank of Commerce",2298432,1768570,4067002,408268.99,3719218,"(A) Public Sector Banks","2017-07-26"
"Oriental Bank of Commerce",2305971,1772148,4078119,410369.58,3722286,"(A) Public Sector Banks","2017-08-02"
"Oriental Bank of Commerce",2312310,1774915,4087225,412681.09,3725094,"(A) Public Sector Banks","2017-08-09"
"Oriental Bank of Commerce",2317128,1776943,4094071,410569.72,3730265,"(A) Public Sector Banks","2017-08-16"
"Oriental Bank of Commerce",2318903,1777214,4096117,409669.73,3730004,"(A) Public Sector Banks","2017-08-23"
"Oriental Bank of Commerce",2326112,1781351,4107463,406613.9,3736050,"(A) Public Sector Banks","2017-08-30"
"Oriental Bank of Commerce",2331086,1784019,4115105,410263.28,3739750,"(A) Public Sector Banks","2017-09-06"
"Oriental Bank of Commerce",2334832,1786686,4121518,410828.54,3743157,"(A) Public Sector Banks","2017-09-13"
"Oriental Bank of Commerce",2338653,1789433,4128086,408513.33,3745456,"(A) Public Sector Banks","2017-09-20"
"Oriental Bank of Commerce",2340690,1790939,4131629,406095.81,3745384,"(A) Public Sector Banks","2017-09-27"
"Oriental Bank of Commerce",2344228,1794081,4138309,407595.21,3749712,"(A) Public Sector Banks","2017-10-04"
"Oriental Bank of Commerce",2347226,1796331,4143557,411512.53,3751385,"(A) Public Sector Banks","2017-10-11"
"Oriental Bank of Commerce",2349530,1798122,4147652,410885.76,3754031,"(A) Public Sector Banks","2017-10-18"
"Oriental Bank of Commerce",2354437,1801816,4156253,409723.13,3757472,"(A) Public Sector Banks","2017-11-01"
"Oriental Bank of Commerce",2357668,1804075,4161743,416552.52,3759652,"(A) Public Sector Banks","2017-11-08"
"Oriental Bank of Commerce",2359767,1805828,4165595,416383.3,3759956,"(A) Public Sector Banks","2017-11-15"
"Oriental Bank of Commerce",2362309,1807799,4170108,415837.28,3760965,"(A) Public Sector Banks","2017-11-22"
"Oriental Bank of Commerce",2364082,1809133,4173215,415054.35,3763107,"(A) Public Sector Banks","2017-11-29"
"Oriental Bank of Commerce",2366147,1810244,4176391,419709.29,3764286,"(A) Public Sector Banks","2017-12-06"
"Oriental Bank of Commerce",2368024,1811609,4179633,422071.99,3764626,"(A) Public Sector Banks","2017-12-13"
"Oriental Bank of Commerce",2371003,1813633,4184636,420622.33,3764732,"(A) Public Sector Banks","2017-12-20"
"Oriental Bank of Commerce",2372792,1814949,4187741,420324.21,3764823,"(A) Public Sector Banks","2017-12-27"
"Oriental Bank of Commerce",2375267,1816686,4191953,424351.62,3768170,"(A) Public Sector Banks","2018-01-03"
"Oriental Bank of Commerce",2377689,1818368,4196057,427308.99,3769078,"(A) Public Sector Banks","2018-01-10"
"Oriental Bank of Commerce",2379771,1819918,4199689,425473.04,3770580,"(A) Public Sector Banks","2018-01-17"
"Oriental Bank of Commerce",2381885,1821371,4203256,424993,3772351,"(A) Public Sector Banks","2018-01-24"
"Oriental Bank of Commerce",2384655,1823182,4207837,425898.23,3773225,"(A) Public Sector Banks","2018-01-31"
"Oriental Bank of Commerce",2386911,1824345,4211256,426375.22,3775295,"(A) Public Sector Banks","2018-02-07"
"Oriental Bank of Commerce",2390691,1826055,4216746,426953.17,3777980,"(A) Public Sector Banks","2018-02-14"
"Oriental Bank of Commerce",1984551,2237612,4222163,425753.75,3779918,"(A) Public Sector Banks","2018-02-21"
"Oriental Bank of Commerce",2398235,1831314,4229549,427867.36,3784009,"(A) Public Sector Banks","2018-03-07"
"Oriental Bank of Commerce",2400867,1833066,4233933,431168.37,3786440,"(A) Public Sector Banks","2018-03-14"
"Oriental Bank of Commerce",2403029,1834617,4237646,431010.42,3786933,"(A) Public Sector Banks","2018-03-21"
"Oriental Bank of Commerce",2405646,1836703,4242349,431560.74,3790125,"(A) Public Sector Banks","2018-03-28"
"Oriental Bank of Commerce",2407395,1838105,4245500,437770.45,3790493,"(A) Public Sector Banks","2018-04-04"
"Oriental Bank of Commerce",2410199,1840169,4250368,437660.15,3792199,"(A) Public Sector Banks","2018-04-11"
"Oriental Bank of Commerce",2412319,1841534,4253853,435535.6,3791906,"(A) Public Sector Banks","2018-04-18"
"Oriental Bank of Commerce",2417042,1844016,4261058,434096.55,3797068,"(A) Public Sector Banks","2018-04-25"
"Oriental Bank of Commerce",2420778,1845350,4266128,436682.92,3798686,"(A) Public Sector Banks","2018-05-02"
"Oriental Bank of Commerce",2426182,1847325,4273507,441428.84,3801663,"(A) Public Sector Banks","2018-05-09"
"Oriental Bank of Commerce",2432892,1851221,4284113,440932.25,3799869,"(A) Public Sector Banks","2018-05-23"
"Oriental Bank of Commerce",2435557,1852727,4288284,438995.71,3803212,"(A) Public Sector Banks","2018-05-30"
"Oriental Bank of Commerce",2435557,1852727,4288284,438995.71,3803212,"(A) Public Sector Banks","2018-06-06"
"Oriental Bank of Commerce",2442841,1857218,4300059,442362,3810512,"(A) Public Sector Banks","2018-06-13"
"Oriental Bank of Commerce",2445316,1858966,4304282,440102.2,3811559,"(A) Public Sector Banks","2018-06-20"
"Oriental Bank of Commerce",2449564,1861549,4311113,437197.11,3813700,"(A) Public Sector Banks","2018-06-27"
"Oriental Bank of Commerce",2453935,1864220,4318155,440080.58,3817410,"(A) Public Sector Banks","2018-07-04"
"Oriental Bank of Commerce",2463335,1869247,4332582,443270.57,3823207,"(A) Public Sector Banks","2018-07-18"
"Oriental Bank of Commerce",2472769,1874135,4346904,442859.69,3829728,"(A) Public Sector Banks","2018-08-01"
"Oriental Bank of Commerce",2477958,1876608,4354566,444921.07,3835384,"(A) Public Sector Banks","2018-08-08"
"Oriental Bank of Commerce",2481249,1878419,4359668,444615.14,3836745,"(A) Public Sector Banks","2018-08-15"
"Oriental Bank of Commerce",2485659,1880497,4366156,442664.79,3840577,"(A) Public Sector Banks","2018-08-22"
"Oriental Bank of Commerce",2491583,1883516,4375099,440827.47,3843200,"(A) Public Sector Banks","2018-08-29"
"Oriental Bank of Commerce",2497987,1887435,4385422,443425.56,3846429,"(A) Public Sector Banks","2018-09-05"
"Oriental Bank of Commerce",2505117,1890964,4396081,340845,3851431,"(A) Public Sector Banks","2018-09-12"
"Oriental Bank of Commerce",2510268,1893521,4403789,340714.16,3854883,"(A) Public Sector Banks","2018-09-19"
"Oriental Bank of Commerce",2515830,1896653,4412483,341520.4,3858459,"(A) Public Sector Banks","2018-09-26"
"Oriental Bank of Commerce",2520780,1899270,4420050,337565.6,3862209,"(A) Public Sector Banks","2018-10-03"
"Oriental Bank of Commerce",2525099,1901856,4426955,343842.14,3863741,"(A) Public Sector Banks","2018-10-10"
"Oriental Bank of Commerce",2528053,1903515,4431568,345489.71,3865295,"(A) Public Sector Banks","2018-10-17"
"Oriental Bank of Commerce",2529589,1904606,4434195,344647.41,3865960,"(A) Public Sector Banks","2018-10-24"
"Oriental Bank of Commerce",2533401,1908191,4441592,345965.37,3869294,"(A) Public Sector Banks","2018-10-31"
"Oriental Bank of Commerce",2535293,1909776,4445069,353935.5,3870101,"(A) Public Sector Banks","2018-11-07"
"Oriental Bank of Commerce",2537235,1911556,4448791,354841.67,3872184,"(A) Public Sector Banks","2018-11-14"
"Oriental Bank of Commerce",2538238,1912662,4450900,355096.48,3872667,"(A) Public Sector Banks","2018-11-21"
"Oriental Bank of Commerce",2539318,1913639,4452957,355913.24,3872551,"(A) Public Sector Banks","2018-11-28"
"Oriental Bank of Commerce",2540490,1914725,4455215,361332.25,3873224,"(A) Public Sector Banks","2018-12-05"
"Oriental Bank of Commerce",2541417,1915904,4457321,363455.05,3873139,"(A) Public Sector Banks","2018-12-12"
"Oriental Bank of Commerce",2542963,1917440,4460403,364525.15,3872218,"(A) Public Sector Banks","2018-12-19"
"Oriental Bank of Commerce",2543968,1918167,4462135,363306.53,3872687,"(A) Public Sector Banks","2018-12-26"
"Oriental Bank of Commerce",2545701,1919597,4465298,367220.03,3873803,"(A) Public Sector Banks","2019-01-02"
"Oriental Bank of Commerce",2551907,1924307,4476214,374663.76,3894557,"(A) Public Sector Banks","2019-01-16"
"Oriental Bank of Commerce",2556452,1927535,4483987,373810.26,3906615,"(A) Public Sector Banks","2019-01-23"
