Bank Name / Type,Number of Beneficiaries at rural/semiurban centre bank branches,Number of Beneficiaries at urban metro centre bank branches,Number of Total Beneficiaries,Deposits in Accounts(In lac),Number of Rupay Debit Cards issued to beneficiaries,level,date
"Public Sector Banks",17394862,14845177,32240039,93390.3,10402669,"Summary","2014-09-24"
"Public Sector Banks",4029772,2754484,6784256,10466.93,1703977,"Summary","2014-10-01"
"Public Sector Banks",14856505,13855257,28711762,11133.84,14468061,"Summary","2014-10-08"
"Public Sector Banks",22088030,20609465,42697495,34272.27,21924436,"Summary","2014-10-15"
"Public Sector Banks",19923405,19779051,39702456,29121.22,21852910,"Summary","2014-10-22"
"Public Sector Banks",28574563,24190468,52765031,314628.43,28918571,"Summary","2014-10-29"
"Public Sector Banks",30833241,26068406,56901647,419927.65,32997113,"Summary","2014-11-05"
"Public Sector Banks",32021638,27040384,59062022,464556.53,33859690,"Summary","2014-11-12"
"Public Sector Banks",33759705,28409062,62168767,494604.39,39856807,"Summary","2014-11-19"
"Public Sector Banks",35469451,29774121,65243572,509823.01,43615330,"Summary","2014-11-26"
"Public Sector Banks",36166563,30410575,66577138,503350.28,48648882,"Summary","2014-12-03"
"Public Sector Banks",38880468,32704542,71585010,546830.58,55065020,"Summary","2014-12-10"
"Public Sector Banks",41133558,34479947,75613505,571632.59,60924531,"Summary","2014-12-17"
"Public Sector Banks",41795238,35254465,77049703,551963.3,65888375,"Summary","2014-12-24"
"Public Sector Banks",45119636,37971427,83091063,657867.45,73130361,"Summary","2014-12-31"
"Public Sector Banks",46807919,39410062,86217981,672297.12,77009578,"Summary","2015-01-07"
"Public Sector Banks",48574913,41074856,89649769,698157.34,82565961,"Summary","2015-01-14"
"Public Sector Banks",52261449,44209250,96470699,800920.3,89348979,"Summary","2015-01-28"
"Public Sector Banks",54018407,45748043,99766450,834558.63,92423911,"Summary","2015-02-04"
"Public Sector Banks",55276734,46839053,102115787,890405.25,94653352,"Summary","2015-02-11"
"Public Sector Banks",56286827,47756902,104043729,932757.03,96571500,"Summary","2015-02-18"
"Public Sector Banks",57449586,48794968,106244554,975379.22,98738635,"Summary","2015-02-25"
"Public Sector Banks",58565702,49757277,108322979,1013613.13,101169045,"Summary","2015-03-04"
"Public Sector Banks",59404690,50475133,109879823,1049295.75,102604519,"Summary","2015-03-11"
"Public Sector Banks",60434513,51287682,111722195,1102461.73,104527405,"Summary","2015-03-18"
"Public Sector Banks",61755429,52249580,114005009,1145416.12,106696406,"Summary","2015-03-25"
"Public Sector Banks",62535017,52909928,115444945,1218505.25,108110088,"Summary","2015-04-01"
"Public Sector Banks",63100171,53281990,116382161,1221560.08,109092981,"Summary","2015-04-08"
"Public Sector Banks",63760576,53781810,117542386,1222114.67,109994884,"Summary","2015-04-15"
"Public Sector Banks",64458482,54211191,118669673,1235864.71,111130002,"Summary","2015-04-22"
"Public Sector Banks",65070940,54669626,119740566,1251399.22,112015782,"Summary","2015-04-29"
"Public Sector Banks",65642473,55142624,120785097,1277408.41,112934775,"Summary","2015-05-06"
"Public Sector Banks",66278683,55593423,121872106,1308742.05,113865275,"Summary","2015-05-13"
"Public Sector Banks",67045252,56191453,123236705,1329650.65,114943954,"Summary","2015-05-20"
"Public Sector Banks",68027481,56826062,124853543,1386756.71,116663249,"Summary","2015-06-03"
"Public Sector Banks",68672460,57261088,125933548,1407543.87,117530940,"Summary","2015-06-10"
"Public Sector Banks",69305844,57689633,126995477,1435745.58,118478771,"Summary","2015-06-17"
"Public Sector Banks",70021698,58180231,128201929,1464021.55,119512387,"Summary","2015-06-24"
"Public Sector Banks",70719134,58686168,129405302,1512869.32,120408987,"Summary","2015-07-01"
"Public Sector Banks",71532016,59156595,130688611,1542829.78,121199620,"Summary","2015-07-08"
"Public Sector Banks",72362783,59831414,132194197,1569868.37,122485548,"Summary","2015-07-15"
"Public Sector Banks",73092101,60295912,133388013,1584579.44,123249962,"Summary","2015-07-22"
"Public Sector Banks",74070299,61061886,135132185,1605548.21,124249144,"Summary","2015-07-29"
"Public Sector Banks",74813937,61561041,136374978,1727311.53,125420940,"Summary","2015-08-05"
"Public Sector Banks",75342325,61889061,137231386,1755684.36,126227320,"Summary","2015-08-12"
"Public Sector Banks",76124391,62502892,138627283,1775839.1,126990641,"Summary","2015-08-19"
"Public Sector Banks",76917989,63023640,139941629,1793166.31,127652028,"Summary","2015-08-26"
"Public Sector Banks",77565426,63462843,141028269,1820709.51,128257533,"Summary","2015-09-02"
"Public Sector Banks",78230402,63927143,142157545,1862671.27,128809406,"Summary","2015-09-09"
"Public Sector Banks",78937810,64552471,143490281,1890836.31,129425767,"Summary","2015-09-16"
"Public Sector Banks",79556419,64921381,144477800,1912912.35,129986131,"Summary","2015-09-23"
"Public Sector Banks",80724567,65596662,146321229,1969502.65,131283965,"Summary","2015-10-07"
"Public Sector Banks",81536976,66150912,147687888,2019515.23,132147412,"Summary","2015-10-14"
"Public Sector Banks",81901564,66464031,148365595,2035434.24,132574894,"Summary","2015-10-21"
"Public Sector Banks",82213071,66665004,148878075,2034784.6,132912634,"Summary","2015-10-28"
"Public Sector Banks",82677119,67047223,149724342,2069674.93,133384192,"Summary","2015-11-04"
"Public Sector Banks",83011648,67346156,150357804,2107829.37,133968057,"Summary","2015-11-11"
"Public Sector Banks",83288541,67527396,150815937,2115745.4,134208186,"Summary","2015-11-18"
"Public Sector Banks",83596701,67789831,151386532,2119313.19,134546043,"Summary","2015-11-25"
"Public Sector Banks",83943596,68046053,151989649,2145031.09,134637812,"Summary","2015-12-02"
"Public Sector Banks",84376114,68329510,152705624,2177265.43,134966235,"Summary","2015-12-09"
"Public Sector Banks",84827081,68595499,153422580,2201641.16,135350823,"Summary","2015-12-16"
"Public Sector Banks",85436733,69005708,154442441,2256980.46,135788111,"Summary","2015-12-23"
"Public Sector Banks",86052376,69321788,155374164,2303485.89,136144105,"Summary","2015-12-30"
"Public Sector Banks",87055555,69914136,156969691,2345651.29,136734335,"Summary","2016-01-06"
"Public Sector Banks",88128862,70365325,158494187,2375397.07,137451168,"Summary","2016-01-13"
"Public Sector Banks",89092139,71017793,160109932,2418079,138159251,"Summary","2016-01-20"
"Public Sector Banks",89537898,71298083,160835981,2427730.84,138621275,"Summary","2016-01-27"
"Public Sector Banks",90840167,72008795,162848962,2559133.92,139444104,"Summary","2016-02-10"
"Public Sector Banks",91633932,72589829,164223761,2586968.7,140029339,"Summary","2016-02-17"
"Public Sector Banks",92238015,73014075,165252090,2609405.38,140821948,"Summary","2016-02-24"
"Public Sector Banks",92737330,73361955,166099285,2647866.84,141107714,"Summary","2016-03-02"
"Public Sector Banks",93320554,73770741,167091295,2710822.18,141797818,"Summary","2016-03-09"
"Public Sector Banks",93708050,74022126,167730176,2752153.38,142287617,"Summary","2016-03-16"
"Public Sector Banks",94022041,74244529,168266570,2774164.4,142732113,"Summary","2016-03-23"
"Public Sector Banks",94292464,74165273,168457737,2813916.93,143155970,"Summary","2016-03-30"
"Public Sector Banks",94544725,74604177,169148902,2884820.19,143328907,"Summary","2016-04-06"
"Public Sector Banks",94752404,74776531,169528935,2890509.89,143589325,"Summary","2016-04-13"
"Public Sector Banks",94957540,74933655,169891195,2887671.95,143691739,"Summary","2016-04-20"
"Public Sector Banks",95192409,75238730,170431139,2896498.58,144179464,"Summary","2016-04-27"
"Public Sector Banks",95453266,75432432,170885698,2952578.58,144529138,"Summary","2016-05-04"
"Public Sector Banks",95804244,75659465,171463709,2959563.47,144838857,"Summary","2016-05-11"
"Public Sector Banks",96039473,75789527,171829000,2970168.97,144977512,"Summary","2016-05-18"
"Public Sector Banks",96345344,75988933,172334277,2996128.45,145133163,"Summary","2016-05-25"
"Public Sector Banks",96681776,76292531,172974307,3014372.6,145790318,"Summary","2016-06-01"
"Public Sector Banks",50363831,42672088,93035919,788155.29,86112199,"Summary","2015-01-21"
"Public Sector Banks",67480337,56435567,123915904,1347999.98,115917821,"Summary","2015-05-27"
"Public Sector Banks",79882683,65154212,145036895,1956295.35,130307324,"Summary","2015-09-30"
"Public Sector Banks",90358434,71826644,162185078,2472962.43,139260339,"Summary","2016-02-03"
"Public Sector Banks",96953486,76489156,173442642,3046204.95,145964969,"Summary","2016-06-08"
"Public Sector Banks",112015487,87638087,199653574,3551421.82,155761260,"Summary","2016-10-12"
"Public Sector Banks",121963263,99063897,221027160,5088200.4,172354170,"Summary","2017-02-15"
"Public Sector Banks",127328725,105787380,233116105,5069182.76,179851549,"Summary","2017-06-21"
"Public Sector Banks",134607975,111753557,246361532,5317236.88,184292393,"Summary","2017-10-25"
"Public Sector Banks",135137585,116817944,251955529,6064998.44,189712585,"Summary","2018-02-28"
"Public Sector Banks",139205199,119524283,258729482,6337146.57,194766288,"Summary","2018-07-11"
"Public Sector Banks",97058051,76647506,173705557,3062852.97,146027080,"Summary","2016-06-15"
"Public Sector Banks",97440993,76876195,174317188,3093895.88,146281348,"Summary","2016-06-22"
"Public Sector Banks",97824301,77151055,174975356,3099091.98,146574018,"Summary","2016-06-29"
"Public Sector Banks",98207135,77393791,175600926,3140942.25,146779898,"Summary","2016-07-06"
"Public Sector Banks",98736435,77729888,176466323,3178759.72,147154201,"Summary","2016-07-13"
"Public Sector Banks",99273837,78110993,177384830,3206660.03,147512853,"Summary","2016-07-20"
"Public Sector Banks",99878807,78400028,178278835,3219045.42,147952345,"Summary","2016-07-27"
"Public Sector Banks",100229427,78720342,178949769,3218475.97,147979502,"Summary","2016-08-03"
"Public Sector Banks",104549229,82240554,186789783,3306053.07,151757513,"Summary","2016-08-10"
"Public Sector Banks",105241656,82701821,187943477,3302888.89,152141347,"Summary","2016-08-17"
"Public Sector Banks",106095034,83279392,189374426,3309015.38,152648245,"Summary","2016-08-24"
"Public Sector Banks",107174844,84031921,191206765,3337850.7,153348452,"Summary","2016-08-31"
"Public Sector Banks",107897656,84582507,192480163,3370586.76,153916674,"Summary","2016-09-07"
"Public Sector Banks",108726686,85321344,194048030,3423500.85,154509458,"Summary","2016-09-14"
"Public Sector Banks",109690172,85901528,195591700,3441225.09,154969513,"Summary","2016-09-21"
"Public Sector Banks",110290443,86297396,196587839,3455068.73,154522897,"Summary","2016-09-28"
"Public Sector Banks",111552789,87290056,198842845,3513779.24,155444521,"Summary","2016-10-05"
"Public Sector Banks",112593820,88037751,200631571,3564925.42,156120167,"Summary","2016-10-19"
"Public Sector Banks",113187536,88496516,201684052,3575441.6,156488190,"Summary","2016-10-26"
"Public Sector Banks",113865263,88959398,202824661,3607462.11,156921236,"Summary","2016-11-02"
"Public Sector Banks",114344933,89257680,203602613,3640384.72,157169922,"Summary","2016-11-09"
"Public Sector Banks",114303272,89578254,203881526,5093377.72,157360505,"Summary","2016-11-16"
"Public Sector Banks",114571528,89860739,204432267,5666805.36,157684148,"Summary","2016-11-23"
"Public Sector Banks",114400248,90714165,205114413,5793974.53,156000458,"Summary","2016-11-30"
"Public Sector Banks",114174546,90954958,205129504,5816594.45,160728767,"Summary","2016-12-07"
"Public Sector Banks",115200716,91837121,207037837,5798844.97,162947682,"Summary","2016-12-14"
"Public Sector Banks",115243986,92081472,207325458,5566195.7,164387772,"Summary","2016-12-21"
"Public Sector Banks",116090272,92965073,209055345,5524652.27,165829240,"Summary","2016-12-28"
"Public Sector Banks",117369985,94312679,211682664,5450701.68,167484958,"Summary","2017-01-04"
"Public Sector Banks",118182997,94937262,213120259,5376047.3,168187633,"Summary","2017-01-11"
"Public Sector Banks",119577417,96795903,216373320,5314302.93,170670722,"Summary","2017-01-18"
"Public Sector Banks",120396520,97786163,218182683,5245596.6,171686218,"Summary","2017-01-25"
"Public Sector Banks",120788065,98091526,218879591,5180218.71,172360319,"Summary","2017-02-01"
"Public Sector Banks",121492275,98786246,220278521,5099026.32,172330399,"Summary","2017-02-08"
"Public Sector Banks",121807433,100439458,222246891,5100387.39,173165024,"Summary","2017-02-22"
"Public Sector Banks",122136171,100840987,222977158,5025028.27,173695210,"Summary","2017-03-01"
"Public Sector Banks",122701440,101591254,224292694,5003071.24,175281721,"Summary","2017-03-08"
"Public Sector Banks",123006389,101804581,224810970,4981548.72,175459230,"Summary","2017-03-15"
"Public Sector Banks",123162510,102189414,225351924,4926603.52,175773829,"Summary","2017-03-22"
"Public Sector Banks",123374140,102773484,226147624,4926550.19,176035133,"Summary","2017-03-29"
"Public Sector Banks",123740699,103068711,226809410,5002527.41,177298603,"Summary","2017-04-05"
"Public Sector Banks",123922560,103328513,227251073,4960286.44,176188065,"Summary","2017-04-12"
"Public Sector Banks",124466068,103570780,228036848,4999902.04,177556592,"Summary","2017-04-19"
"Public Sector Banks",124820497,103707203,228527700,5058700.81,177573638,"Summary","2017-04-26"
"Public Sector Banks",125092674,104014221,229106895,5047123.35,177799825,"Summary","2017-05-03"
"Public Sector Banks",125481834,104313993,229795827,5076018.14,178152625,"Summary","2017-05-10"
"Public Sector Banks",125729975,104476536,230206511,5051974.81,178355940,"Summary","2017-05-17"
"Public Sector Banks",126143379,104845477,230988856,5038766.66,178717381,"Summary","2017-05-24"
"Public Sector Banks",126414644,105075901,231490545,5042091.42,178987025,"Summary","2017-05-31"
"Public Sector Banks",126737454,105183329,231920783,5077734.1,179053202,"Summary","2017-06-07"
"Public Sector Banks",127167806,105584080,232751886,5080004.26,179484952,"Summary","2017-06-14"
"Public Sector Banks",127516750,105886598,233403348,5052204.92,179961929,"Summary","2017-06-28"
"Public Sector Banks",127769623,106040735,233810358,5082029.31,180252646,"Summary","2017-07-05"
"Public Sector Banks",128012577,106194164,234206741,5121020.85,180705183,"Summary","2017-07-12"
"Public Sector Banks",128403882,106459882,234863764,5112770.82,180917777,"Summary","2017-07-19"
"Public Sector Banks",129048238,107240645,236288883,5141450.58,181683514,"Summary","2017-07-26"
"Public Sector Banks",129504410,107660716,237165126,5177775.6,182211933,"Summary","2017-08-02"
"Public Sector Banks",129820629,107799102,237619731,5208602.17,182345649,"Summary","2017-08-09"
"Public Sector Banks",130002531,107856442,237858973,5209934.56,182395775,"Summary","2017-08-16"
"Public Sector Banks",130266463,107943580,238210043,5211576.31,182616814,"Summary","2017-08-23"
"Public Sector Banks",132574987,110548328,243123315,5205372.38,182679947,"Summary","2017-08-30"
"Public Sector Banks",132868976,110648567,243517543,5243319.64,182731986,"Summary","2017-09-06"
"Public Sector Banks",133104874,110732717,243837591,5274801.61,182958265,"Summary","2017-09-13"
"Public Sector Banks",133451415,110874201,244325616,5287406.8,183015964,"Summary","2017-09-20"
"Public Sector Banks",133708572,111089078,244797650,5292851.63,183658288,"Summary","2017-09-27"
"Public Sector Banks",134105242,111400297,245505539,5313106.31,184112294,"Summary","2017-10-04"
"Public Sector Banks",134300076,111538397,245838473,5334090.9,184222770,"Summary","2017-10-11"
"Public Sector Banks",134498434,111650285,246148719,5336238.18,184252786,"Summary","2017-10-18"
"Public Sector Banks",134780812,111886967,246667779,5337540.18,184388593,"Summary","2017-11-01"
"Public Sector Banks",134971897,112016249,246988146,5371130.99,184430622,"Summary","2017-11-08"
"Public Sector Banks",135132583,112091064,247223647,5450501.77,184554647,"Summary","2017-11-15"
"Public Sector Banks",132473618,114969910,247443528,5499178.06,184945658,"Summary","2017-11-22"
"Public Sector Banks",132606865,115018990,247625855,5513390.08,185209954,"Summary","2017-11-29"
"Public Sector Banks",132734358,115065438,247799796,5564664.02,185517150,"Summary","2017-12-06"
"Public Sector Banks",132857316,115099829,247957145,5610633.65,185795360,"Summary","2017-12-13"
"Public Sector Banks",133025507,115176406,248201913,5686530.07,186232114,"Summary","2017-12-20"
"Public Sector Banks",133261941,115240567,248502508,5708964.83,186622941,"Summary","2017-12-27"
"Public Sector Banks",133527523,115387510,248915033,5771809.71,187100549,"Summary","2018-01-03"
"Public Sector Banks",133857918,115887046,249744964,5860095.29,187512401,"Summary","2018-01-10"
"Public Sector Banks",134079117,116022479,250101596,5898213.96,187867867,"Summary","2018-01-17"
"Public Sector Banks",134243915,116142688,250386603,5891354.13,188309460,"Summary","2018-01-24"
"Public Sector Banks",134580619,116050432,250631051,5913881.52,188474612,"Summary","2018-01-31"
"Public Sector Banks",134760548,116182546,250943094,5971958.69,188709087,"Summary","2018-02-07"
"Public Sector Banks",134900302,116304702,251205004,5980679.91,189058489,"Summary","2018-02-14"
"Public Sector Banks",134657799,116843995,251501794,5994929.97,189348955,"Summary","2018-02-21"
"Public Sector Banks",135959387,117027527,252986914,6115600.64,190121463,"Summary","2018-03-07"
"Public Sector Banks",136144637,117140333,253284970,6151449.23,190278176,"Summary","2018-03-14"
"Public Sector Banks",136300409,117264798,253565207,6245414.87,190479799,"Summary","2018-03-21"
"Public Sector Banks",136690128,117492446,254182574,6302187.35,190615766,"Summary","2018-03-28"
"Public Sector Banks",136471991,117421903,253893894,6328705.19,190691989,"Summary","2018-04-04"
"Public Sector Banks",136602267,117542078,254144345,6496731.84,190839888,"Summary","2018-04-11"
"Public Sector Banks",136732264,117650383,254382647,6526745.51,190968640,"Summary","2018-04-18"
"Public Sector Banks",136901595,117780489,254682084,6509868.87,191149122,"Summary","2018-04-25"
"Public Sector Banks",137097336,117895339,254992675,6532812.21,191399597,"Summary","2018-05-02"
"Public Sector Banks",137288457,118035765,255324222,6521825.49,191981000,"Summary","2018-05-09"
"Public Sector Banks",137668579,118345985,256014564,6529760.05,192932309,"Summary","2018-05-23"
"Public Sector Banks",137862058,118493619,256355677,6486548.79,193279433,"Summary","2018-05-30"
"Public Sector Banks",138010099,118625755,256635854,6500661.25,193457673,"Summary","2018-06-06"
"Public Sector Banks",138206078,118771457,256977535,6468120.65,193584301,"Summary","2018-06-13"
"Public Sector Banks",138354608,118833812,257188420,6406334.46,193890671,"Summary","2018-06-20"
"Public Sector Banks",138588637,119063877,257652514,6345475.2,194097516,"Summary","2018-06-27"
"Public Sector Banks",138873571,119275338,258148909,6292137.31,194440561,"Summary","2018-07-04"
"Public Sector Banks",139510952,119761142,259272094,6340208.1,195442091,"Summary","2018-07-18"
"Public Sector Banks",140233140,120250254,260483394,6438861.75,196425033,"Summary","2018-08-01"
"Public Sector Banks",140603970,120503372,261107342,6479842.63,197373420,"Summary","2018-08-08"
"Public Sector Banks",140927273,120742537,261669810,6489724.23,197903528,"Summary","2018-08-15"
"Public Sector Banks",141196046,120953553,262149599,6517196.29,198299931,"Summary","2018-08-22"
"Public Sector Banks",141444500,121163051,262607551,6536903.72,198646175,"Summary","2018-08-29"
"Public Sector Banks",141773617,121369974,263143591,6565742.28,199135473,"Summary","2018-09-05"
"Public Sector Banks",142009599,121612557,263622156,6526974.5,199381469,"Summary","2018-09-12"
"Public Sector Banks",142348903,121800321,264149224,6567002.78,199661213,"Summary","2018-09-19"
"Public Sector Banks",142508707,121972357,264481064,6575593.13,199990486,"Summary","2018-09-26"
"Public Sector Banks",142917303,122223483,265140786,6593060.97,200288368,"Summary","2018-10-03"
"Public Sector Banks",143123695,122461690,265585385,6681194.38,200513583,"Summary","2018-10-10"
"Public Sector Banks",143298274,122583128,265881402,6696061.36,200677737,"Summary","2018-10-17"
"Public Sector Banks",143609439,122900156,266509595,6687347.27,201600079,"Summary","2018-10-24"
"Public Sector Banks",144366299,122874150,267240449,6637820.05,214293021,"Summary","2018-10-31"
"Public Sector Banks",144528988,122985583,267514571,6695207.41,214433469,"Summary","2018-11-07"
"Public Sector Banks",144665752,123066733,267732485,6698100.02,214607239,"Summary","2018-11-14"
"Public Sector Banks",144968690,123312401,268281091,6728519.41,216330809,"Summary","2018-11-21"
"Public Sector Banks",145175437,123582771,268758208,6740778.17,217034714,"Summary","2018-11-28"
"Public Sector Banks",145335588,123724472,269060060,6780371.81,217215284,"Summary","2018-12-05"
"Public Sector Banks",145958004,123927665,269885669,6853823.85,218934073,"Summary","2018-12-12"
"Public Sector Banks",146221197,124153588,270374785,6881688.28,220350083,"Summary","2018-12-19"
"Public Sector Banks",146229322,124314618,270543940,6908371.17,221035028,"Summary","2018-12-26"
"Public Sector Banks",146454077,124566979,271021056,6954037.85,221201338,"Summary","2019-01-02"
"Public Sector Banks",147075884,125072024,272147908,7022736.7,223044932,"Summary","2019-01-16"
"Public Sector Banks",147518495,125480934,272999429,7067006.54,224587695,"Summary","2019-01-23"
