Bank Name / Type,Number of Beneficiaries at rural/semiurban centre bank branches,Number of Beneficiaries at urban metro centre bank branches,Number of Total Beneficiaries,Deposits in Accounts(In lac),Number of Rupay Debit Cards issued to beneficiaries,level,date
"Punjab National Bank",2225853,690332,2916185,71885.09,465269,"(A) Public Sector Banks","2014-09-24"
"Punjab National Bank",2721344,728270,3449614,77524.31,1353333,"(A) Public Sector Banks","2014-10-29"
"Punjab National Bank",978367,200476,1178843,9284.25,122885,"(B) Regional Rural Bank","2014-10-29"
"Punjab National Bank",2883062,736281,3619343,77531.45,1652331,"(A) Public Sector Banks","2014-11-05"
"Punjab National Bank",1008189,208580,1216769,10013.64,125768,"(B) Regional Rural Bank","2014-11-05"
"Punjab National Bank",3000399,762906,3763305,77545.74,1723239,"(A) Public Sector Banks","2014-11-12"
"Punjab National Bank",1048267,214846,1263113,11328.85,129288,"(B) Regional Rural Bank","2014-11-12"
"Punjab National Bank",3173982,799193,3973175,77547.95,1787569,"(A) Public Sector Banks","2014-11-19"
"Punjab National Bank",1093877,226847,1320724,16482.12,134471,"(B) Regional Rural Bank","2014-11-19"
"Punjab National Bank",3366043,845602,4211645,77559.84,1870465,"(A) Public Sector Banks","2014-11-26"
"Punjab National Bank",1143099,236450,1379549,19645.95,138630,"(B) Regional Rural Bank","2014-11-26"
"Punjab National Bank",3551467,886202,4437669,77572.34,1926184,"(A) Public Sector Banks","2014-12-03"
"Punjab National Bank",1190388,243055,1433443,21744.46,142209,"(B) Regional Rural Bank","2014-12-03"
"Punjab National Bank",3830994,938787,4769781,77592.38,1978794,"(A) Public Sector Banks","2014-12-10"
"Punjab National Bank",1239041,251198,1490239,23993.43,146595,"(B) Regional Rural Bank","2014-12-10"
"Punjab National Bank",4230753,1018393,5249146,77616.64,3087337,"(A) Public Sector Banks","2014-12-17"
"Punjab National Bank",1333368,264836,1598204,24456.47,151495,"(B) Regional Rural Bank","2014-12-17"
"Punjab National Bank",4516401,1078822,5595223,77634.01,3388995,"(A) Public Sector Banks","2014-12-24"
"Punjab National Bank",1388903,274786,1663689,25693.12,561224,"(B) Regional Rural Bank","2014-12-24"
"Punjab National Bank",4755648,1131161,5886809,77647.88,4017809,"(A) Public Sector Banks","2014-12-31"
"Punjab National Bank",1429109,281512,1710621,24981.62,561224,"(B) Regional Rural Bank","2014-12-31"
"Punjab National Bank",4986166,1187922,6174088,77659.16,4752608,"(A) Public Sector Banks","2015-01-07"
"Punjab National Bank",1500401,286466,1786867,25624.07,561224,"(B) Regional Rural Bank","2015-01-07"
"Punjab National Bank",5242135,1240024,6482159,77675.58,5422186,"(A) Public Sector Banks","2015-01-14"
"Punjab National Bank",1563374,290725,1854099,25863.18,561224,"(B) Regional Rural Bank","2015-01-14"
"Punjab National Bank",5707863,1356377,7064240,77689.28,6160320,"(A) Public Sector Banks","2015-01-28"
"Punjab National Bank",1726224,300636,2026860,26785.92,561224,"(B) Regional Rural Bank","2015-01-28"
"Punjab National Bank",5887957,1397184,7285141,77699.47,6385223,"(A) Public Sector Banks","2015-02-04"
"Punjab National Bank",1781545,303396,2084941,27662.75,561224,"(B) Regional Rural Bank","2015-02-04"
"Punjab National Bank",6056807,1433176,7489983,77707.29,6563999,"(A) Public Sector Banks","2015-02-11"
"Punjab National Bank",1825951,306208,2132159,28170.87,561224,"(B) Regional Rural Bank","2015-02-11"
"Punjab National Bank",6216403,1474267,7690670,77701.11,6899577,"(A) Public Sector Banks","2015-02-18"
"Punjab National Bank",1863757,308319,2172076,27279.82,561224,"(B) Regional Rural Bank","2015-02-18"
"Punjab National Bank",6372373,1509008,7881381,77707.79,7160114,"(A) Public Sector Banks","2015-02-25"
"Punjab National Bank",1926831,310798,2237629,28400.78,561224,"(B) Regional Rural Bank","2015-02-25"
"Punjab National Bank",6572875,1542587,8115462,77715.68,7430096,"(A) Public Sector Banks","2015-03-04"
"Punjab National Bank",1960732,312824,2273556,29968,561224,"(B) Regional Rural Bank","2015-03-04"
"Punjab National Bank",6704693,1568417,8273110,77722.19,7616501,"(A) Public Sector Banks","2015-03-11"
"Punjab National Bank",1992135,314284,2306419,31002.66,561224,"(B) Regional Rural Bank","2015-03-11"
"Punjab National Bank",6886148,1600370,8486518,77729.31,7862352,"(A) Public Sector Banks","2015-03-18"
"Punjab National Bank",2011545,315918,2327463,31781.11,561224,"(B) Regional Rural Bank","2015-03-18"
"Punjab National Bank",7213576,1631990,8845566,77735.73,8303751,"(A) Public Sector Banks","2015-03-25"
"Punjab National Bank",2044094,318873,2362967,33150.43,561224,"(B) Regional Rural Bank","2015-03-25"
"Punjab National Bank",7333518,1643350,8976868,77739.02,8409197,"(A) Public Sector Banks","2015-04-01"
"Punjab National Bank",2068717,320374,2389091,35399.87,561224,"(B) Regional Rural Bank","2015-04-01"
"Punjab National Bank",7469847,1655827,9125674,77741.52,8608081,"(A) Public Sector Banks","2015-04-08"
"Punjab National Bank",2095529,322115,2417644,34329.98,561780,"(B) Regional Rural Bank","2015-04-08"
"Punjab National Bank",7605220,1674067,9279287,77742.01,8680166,"(A) Public Sector Banks","2015-04-15"
"Punjab National Bank",2118718,324102,2442820,34317.53,645566,"(B) Regional Rural Bank","2015-04-15"
"Punjab National Bank",7732045,1694317,9426362,77745.83,8820352,"(A) Public Sector Banks","2015-04-22"
"Punjab National Bank",2155187,326657,2481844,34613.93,761948,"(B) Regional Rural Bank","2015-04-22"
"Punjab National Bank",7827411,1707902,9535313,77765.79,8849103,"(A) Public Sector Banks","2015-04-29"
"Punjab National Bank",2180963,328341,2509304,34829.69,839199,"(B) Regional Rural Bank","2015-04-29"
"Punjab National Bank",7913100,1720881,9633981,77768.81,8957348,"(A) Public Sector Banks","2015-05-06"
"Punjab National Bank",2201017,329775,2530792,35085.03,880216,"(B) Regional Rural Bank","2015-05-06"
"Punjab National Bank",8001095,1734840,9735935,77771.01,8984355,"(A) Public Sector Banks","2015-05-13"
"Punjab National Bank",2223083,331421,2554504,35917.29,923678,"(B) Regional Rural Bank","2015-05-13"
"Punjab National Bank",8102578,1750894,9853472,77773.73,9058340,"(A) Public Sector Banks","2015-05-20"
"Punjab National Bank",2241148,332920,2574068,36719.41,967435,"(B) Regional Rural Bank","2015-05-20"
"Punjab National Bank",8257870,1775329,10033199,77782.03,9264638,"(A) Public Sector Banks","2015-06-03"
"Punjab National Bank",2267166,335682,2602848,38066.81,1004163,"(B) Regional Rural Bank","2015-06-03"
"Punjab National Bank",8353465,1787696,10141161,77821.5,9340847,"(A) Public Sector Banks","2015-06-10"
"Punjab National Bank",2283639,337196,2620835,38622.78,1012395,"(B) Regional Rural Bank","2015-06-10"
"Punjab National Bank",8429866,1797709,10227575,79629.08,9437602,"(A) Public Sector Banks","2015-06-17"
"Punjab National Bank",2294577,339077,2633654,39106.8,1024945,"(B) Regional Rural Bank","2015-06-17"
"Punjab National Bank",8516673,1808635,10325308,80921.34,9539389,"(A) Public Sector Banks","2015-06-24"
"Punjab National Bank",2304916,340221,2645137,39841.31,1043622,"(B) Regional Rural Bank","2015-06-24"
"Punjab National Bank",8602055,1818910,10420965,83676.01,9652631,"(A) Public Sector Banks","2015-07-01"
"Punjab National Bank",2312747,341125,2653872,40602.28,1069864,"(B) Regional Rural Bank","2015-07-01"
"Punjab National Bank",8692287,1829590,10521877,85364.2,9689616,"(A) Public Sector Banks","2015-07-08"
"Punjab National Bank",2343371,342396,2685767,41073.45,1124423,"(B) Regional Rural Bank","2015-07-08"
"Punjab National Bank",8775205,1841382,10616587,87026.32,9758649,"(A) Public Sector Banks","2015-07-15"
"Punjab National Bank",2371524,343528,2715052,41367.33,1235136,"(B) Regional Rural Bank","2015-07-15"
"Punjab National Bank",8881627,1850131,10731758,88014.7,9774777,"(A) Public Sector Banks","2015-07-22"
"Punjab National Bank",2398775,344176,2742951,41506.55,1321729,"(B) Regional Rural Bank","2015-07-22"
"Punjab National Bank",8995370,1862404,10857774,90113.21,9824835,"(A) Public Sector Banks","2015-07-29"
"Punjab National Bank",2422440,345078,2767518,41942.53,1425746,"(B) Regional Rural Bank","2015-07-29"
"Punjab National Bank",9130804,1874103,11004907,91501.05,9878673,"(A) Public Sector Banks","2015-08-05"
"Punjab National Bank",2445962,346351,2792313,42285.64,1524039,"(B) Regional Rural Bank","2015-08-05"
"Punjab National Bank",9220762,1883390,11104152,93801.75,9959387,"(A) Public Sector Banks","2015-08-12"
"Punjab National Bank",2468610,347449,2816059,42880.41,1617171,"(B) Regional Rural Bank","2015-08-12"
"Punjab National Bank",9304331,1892843,11197174,94709.87,9959391,"(A) Public Sector Banks","2015-08-19"
"Punjab National Bank",2488206,348096,2836302,43185.86,1697793,"(B) Regional Rural Bank","2015-08-19"
"Punjab National Bank",9389903,1903657,11293560,96196.22,9959391,"(A) Public Sector Banks","2015-08-26"
"Punjab National Bank",2512214,349169,2861383,43531.52,1832511,"(B) Regional Rural Bank","2015-08-26"
"Punjab National Bank",9457872,1912690,11370562,97176.08,9959407,"(A) Public Sector Banks","2015-09-02"
"Punjab National Bank",2528773,349997,2878770,44355.68,1993376,"(B) Regional Rural Bank","2015-09-02"
"Punjab National Bank",9540157,1922341,11462498,101035.8,9959643,"(A) Public Sector Banks","2015-09-09"
"Punjab National Bank",2549973,350892,2900865,45485.66,2003195,"(B) Regional Rural Bank","2015-09-09"
"Punjab National Bank",9634615,1931794,11566409,102883.42,9960069,"(A) Public Sector Banks","2015-09-16"
"Punjab National Bank",2569977,351909,2921886,46252.11,2008504,"(B) Regional Rural Bank","2015-09-16"
"Punjab National Bank",9705125,1941660,11646785,104838.25,9960542,"(A) Public Sector Banks","2015-09-23"
"Punjab National Bank",2586866,352890,2939756,46706.17,2015418,"(B) Regional Rural Bank","2015-09-23"
"Punjab National Bank",9793602,1956444,11750046,108016.72,9961598,"(A) Public Sector Banks","2015-10-07"
"Punjab National Bank",2616268,353749,2970017,47643.2,2023984,"(B) Regional Rural Bank","2015-10-07"
"Punjab National Bank",9823063,1961761,11784824,110236.24,9961912,"(A) Public Sector Banks","2015-10-14"
"Punjab National Bank",2628939,354154,2983093,48060.3,2025885,"(B) Regional Rural Bank","2015-10-14"
"Punjab National Bank",9851578,1967504,11819082,112044.11,9962298,"(A) Public Sector Banks","2015-10-21"
"Punjab National Bank",2636519,354729,2991248,48374.35,2027362,"(B) Regional Rural Bank","2015-10-21"
"Punjab National Bank",9870233,1969992,11840225,112138.94,9962629,"(A) Public Sector Banks","2015-10-28"
"Punjab National Bank",2639765,354991,2994756,48568.11,2028560,"(B) Regional Rural Bank","2015-10-28"
"Punjab National Bank",9898470,1975098,11873568,113921.86,9962957,"(A) Public Sector Banks","2015-11-04"
"Punjab National Bank",2653728,355408,3009136,49011.83,2030811,"(B) Regional Rural Bank","2015-11-04"
"Punjab National Bank",9898470,1975098,11873568,113921.86,9962957,"(A) Public Sector Banks","2015-11-11"
"Punjab National Bank",2653728,355408,3009136,49011.83,2030811,"(B) Regional Rural Bank","2015-11-11"
"Punjab National Bank",9934736,1979943,11914679,117359.74,9963289,"(A) Public Sector Banks","2015-11-18"
"Punjab National Bank",2666153,356141,3022294,49623.35,2034494,"(B) Regional Rural Bank","2015-11-18"
"Punjab National Bank",9965337,1986613,11951950,117116.79,9963597,"(A) Public Sector Banks","2015-11-25"
"Punjab National Bank",2679598,356642,3036240,49822.02,2036460,"(B) Regional Rural Bank","2015-11-25"
"Punjab National Bank",9984767,1990271,11975038,117607.89,9963846,"(A) Public Sector Banks","2015-12-02"
"Punjab National Bank",2693237,357049,3050286,50340.17,2038708,"(B) Regional Rural Bank","2015-12-02"
"Punjab National Bank",10051144,1998693,12049837,120850.25,9964158,"(A) Public Sector Banks","2015-12-09"
"Punjab National Bank",2711160,357467,3068627,50760.19,2042574,"(B) Regional Rural Bank","2015-12-09"
"Punjab National Bank",10103079,2004944,12108023,123595,9964515,"(A) Public Sector Banks","2015-12-16"
"Punjab National Bank",2733189,357862,3091051,51647.44,2045805,"(B) Regional Rural Bank","2015-12-16"
"Punjab National Bank",10165939,2010910,12176849,127513.25,9964919,"(A) Public Sector Banks","2015-12-23"
"Punjab National Bank",2755193,358230,3113423,51785.19,2048441,"(B) Regional Rural Bank","2015-12-23"
"Punjab National Bank",10242312,2019155,12261467,129257.36,9965275,"(A) Public Sector Banks","2015-12-30"
"Punjab National Bank",2788083,358693,3146776,52657.53,2055953,"(B) Regional Rural Bank","2015-12-30"
"Punjab National Bank",10337846,2027883,12365729,131264.06,9965676,"(A) Public Sector Banks","2016-01-06"
"Punjab National Bank",2823886,359460,3183346,53318.63,2066948,"(B) Regional Rural Bank","2016-01-06"
"Punjab National Bank",10407122,2034992,12442114,133776.63,9966105,"(A) Public Sector Banks","2016-01-13"
"Punjab National Bank",2863207,360101,3223308,53818.79,2108955,"(B) Regional Rural Bank","2016-01-13"
"Punjab National Bank",10508390,2044637,12553027,137740.04,9966583,"(A) Public Sector Banks","2016-01-20"
"Punjab National Bank",2885735,360916,3246651,54259.21,2140757,"(B) Regional Rural Bank","2016-01-20"
"Punjab National Bank",10563937,2049328,12613265,138256.84,9967340,"(A) Public Sector Banks","2016-01-27"
"Punjab National Bank",2889473,361148,3250621,54446.73,2163253,"(B) Regional Rural Bank","2016-01-27"
"Punjab National Bank",10754973,2062932,12817905,143673.71,9968293,"(A) Public Sector Banks","2016-02-10"
"Punjab National Bank",2908964,362185,3271149,55758.61,2231983,"(B) Regional Rural Bank","2016-02-10"
"Punjab National Bank",10813584,2067411,12880995,146298.82,9968746,"(A) Public Sector Banks","2016-02-17"
"Punjab National Bank",2912763,362476,3275239,56035.63,2242226,"(B) Regional Rural Bank","2016-02-17"
"Punjab National Bank",10872048,2064297,12936345,148016.83,9969092,"(A) Public Sector Banks","2016-02-24"
"Punjab National Bank",2912812,359792,3272604,56752.84,2256331,"(B) Regional Rural Bank","2016-02-24"
"Punjab National Bank",10912693,2066494,12979187,149359.16,9681382,"(A) Public Sector Banks","2016-03-02"
"Punjab National Bank",2920194,360239,3280433,57195.32,2266896,"(B) Regional Rural Bank","2016-03-02"
"Punjab National Bank",10948159,2067973,13016132,153294.18,9690456,"(A) Public Sector Banks","2016-03-09"
"Punjab National Bank",2926306,360638,3286944,58431.32,2274154,"(B) Regional Rural Bank","2016-03-09"
"Punjab National Bank",10978413,2065156,13043569,157692.66,9694505,"(A) Public Sector Banks","2016-03-16"
"Punjab National Bank",2931708,361049,3292757,59525.04,2277663,"(B) Regional Rural Bank","2016-03-16"
"Punjab National Bank",11001224,2065851,13067075,159147.56,9735810,"(A) Public Sector Banks","2016-03-23"
"Punjab National Bank",2934125,361544,3295669,60643.84,2283739,"(B) Regional Rural Bank","2016-03-23"
"Punjab National Bank",11012673,2067490,13080163,162145.96,9765400,"(A) Public Sector Banks","2016-03-30"
"Punjab National Bank",2937006,361792,3298798,64025.18,2286411,"(B) Regional Rural Bank","2016-03-30"
"Punjab National Bank",11046913,2071066,13117979,162941.54,9765682,"(A) Public Sector Banks","2016-04-06"
"Punjab National Bank",2939422,362314,3301736,64115.98,2288813,"(B) Regional Rural Bank","2016-04-06"
"Punjab National Bank",11073876,2076201,13150077,163082.51,9765729,"(A) Public Sector Banks","2016-04-13"
"Punjab National Bank",2939822,362658,3302480,64040.96,2295440,"(B) Regional Rural Bank","2016-04-13"
"Punjab National Bank",11088090,2078537,13166627,164143.72,9765761,"(A) Public Sector Banks","2016-04-20"
"Punjab National Bank",2941295,362946,3304241,64025.04,1875218,"(B) Regional Rural Bank","2016-04-20"
"Punjab National Bank",11108900,2081941,13190841,167452.97,9766916,"(A) Public Sector Banks","2016-04-27"
"Punjab National Bank",2943273,363246,3306519,62197.58,2302569,"(B) Regional Rural Bank","2016-04-27"
"Punjab National Bank",11129784,2084359,13214143,168490.98,9777974,"(A) Public Sector Banks","2016-05-04"
"Punjab National Bank",2945295,363692,3308987,65212.3,2306606,"(B) Regional Rural Bank","2016-05-04"
"Punjab National Bank",11173135,2091093,13264228,170430.84,9787290,"(A) Public Sector Banks","2016-05-11"
"Punjab National Bank",2951397,364013,3315410,66254.77,2309950,"(B) Regional Rural Bank","2016-05-11"
"Punjab National Bank",11210429,2096727,13307156,171908.74,9792673,"(A) Public Sector Banks","2016-05-18"
"Punjab National Bank",2957237,364310,3321547,66721.31,2313279,"(B) Regional Rural Bank","2016-05-18"
"Punjab National Bank",11244989,2099901,13344890,174160.17,9821536,"(A) Public Sector Banks","2016-05-25"
"Punjab National Bank",2961072,366482,3327554,66998.41,2316037,"(B) Regional Rural Bank","2016-05-25"
"Punjab National Bank",11267755,2103036,13370791,173381.68,9834061,"(A) Public Sector Banks","2016-06-01"
"Punjab National Bank",2964263,366912,3331175,67414.73,2317444,"(B) Regional Rural Bank","2016-06-01"
"Punjab National Bank",5484673,1301366,6786039,77682.19,5727519,"(A) Public Sector Banks","2015-01-21"
"Punjab National Bank",1636724,295554,1932278,26112.28,561224,"(B) Regional Rural Bank","2015-01-21"
"Punjab National Bank",8186071,1764908,9950979,77776.76,9144738,"(A) Public Sector Banks","2015-05-27"
"Punjab National Bank",2253920,334266,2588186,37276.82,996754,"(B) Regional Rural Bank","2015-05-27"
"Punjab National Bank",9748486,1947899,11696385,106088.07,9961026,"(A) Public Sector Banks","2015-09-30"
"Punjab National Bank",2601182,353163,2954345,48494.41,2020726,"(B) Regional Rural Bank","2015-09-30"
"Punjab National Bank",10663471,2056183,12719654,140775.35,9968002,"(A) Public Sector Banks","2016-02-03"
"Punjab National Bank",2897961,361599,3259560,55117.3,2195331,"(B) Regional Rural Bank","2016-02-03"
"Punjab National Bank",11307482,2108904,13416386,176800.44,9851358,"(A) Public Sector Banks","2016-06-08"
"Punjab National Bank",2969461,365717,3335178,68013.06,2353114,"(B) Regional Rural Bank","2016-06-08"
"Punjab National Bank",12125475,2211366,14336841,203888.25,9989498,"(A) Public Sector Banks","2016-10-12"
"Punjab National Bank",3009802,372764,3382566,74694.68,2557208,"(B) Regional Rural Bank","2016-10-12"
"Punjab National Bank",13662732,2569054,16231786,312862.02,13760618,"(A) Public Sector Banks","2017-02-15"
"Punjab National Bank",3089481,412258,3501739,112084.63,2767899,"(B) Regional Rural Bank","2017-02-15"
"Punjab National Bank",14038715,2638016,16676731,299081.52,13480681,"(A) Public Sector Banks","2017-06-21"
"Punjab National Bank",3098729,411896,3510625,105887.79,2974938,"(B) Regional Rural Bank","2017-06-21"
"Punjab National Bank",14863062,2733824,17596886,317576.45,14053206,"(A) Public Sector Banks","2017-10-25"
"Punjab National Bank",3120913,440480,3561393,109454.97,3042127,"(B) Regional Rural Bank","2017-10-25"
"Punjab National Bank",15421121,2799854,18220975,351331.94,15937720,"(A) Public Sector Banks","2018-02-28"
"Punjab National Bank",3062181,550808,3612989,119730.63,3170621,"(B) Regional Rural Bank","2018-02-28"
"Punjab National Bank",15709538,2836465,18546003,359752.67,16945056,"(A) Public Sector Banks","2018-07-11"
"Punjab National Bank",3097593,561228,3658821,128696.52,3186808,"(B) Regional Rural Bank","2018-07-11"
"Punjab National Bank",11333876,2112491,13446367,178604.02,9861591,"(A) Public Sector Banks","2016-06-15"
"Punjab National Bank",2970019,366058,3336077,68448.39,2369154,"(B) Regional Rural Bank","2016-06-15"
"Punjab National Bank",11360547,2114315,13474862,182041.39,9861746,"(A) Public Sector Banks","2016-06-22"
"Punjab National Bank",2971839,365000,3336839,69218.89,2384429,"(B) Regional Rural Bank","2016-06-22"
"Punjab National Bank",11387819,2113317,13501136,181358.02,9876230,"(A) Public Sector Banks","2016-06-29"
"Punjab National Bank",2970550,365299,3335849,69552.92,2389859,"(B) Regional Rural Bank","2016-06-29"
"Punjab National Bank",11412515,2114097,13526612,184604.12,9880987,"(A) Public Sector Banks","2016-07-06"
"Punjab National Bank",2970713,364941,3335654,69631.71,2391919,"(B) Regional Rural Bank","2016-07-06"
"Punjab National Bank",11442504,2116657,13559161,185415.72,9882100,"(A) Public Sector Banks","2016-07-13"
"Punjab National Bank",2968451,364712,3333163,69482.07,2394906,"(B) Regional Rural Bank","2016-07-13"
"Punjab National Bank",11442889,2119835,13562724,188286.63,9882484,"(A) Public Sector Banks","2016-07-20"
"Punjab National Bank",2968752,363316,3332068,70262.2,2398941,"(B) Regional Rural Bank","2016-07-20"
"Punjab National Bank",11527458,2124256,13651714,188487.63,9882748,"(A) Public Sector Banks","2016-07-27"
"Punjab National Bank",2971838,363878,3335716,70477.65,2407878,"(B) Regional Rural Bank","2016-07-27"
"Punjab National Bank",11588076,2129053,13717129,189427.14,9883197,"(A) Public Sector Banks","2016-08-03"
"Punjab National Bank",2976619,364881,3341500,70853.26,2408925,"(B) Regional Rural Bank","2016-08-03"
"Punjab National Bank",11653598,2137096,13790694,191637.24,9956001,"(A) Public Sector Banks","2016-08-10"
"Punjab National Bank",2981756,366093,3347849,71534.01,2417784,"(B) Regional Rural Bank","2016-08-10"
"Punjab National Bank",11695958,2141678,13837636,191387.81,9957506,"(A) Public Sector Banks","2016-08-17"
"Punjab National Bank",2983696,366563,3350259,71615.31,2419808,"(B) Regional Rural Bank","2016-08-17"
"Punjab National Bank",11747260,2146367,13893627,192553.22,9960220,"(A) Public Sector Banks","2016-08-24"
"Punjab National Bank",2988063,367395,3355458,71976.66,2428550,"(B) Regional Rural Bank","2016-08-24"
"Punjab National Bank",11792321,2161695,13954016,193145.84,9961209,"(A) Public Sector Banks","2016-08-31"
"Punjab National Bank",2993807,368487,3362294,72383.88,2438612,"(B) Regional Rural Bank","2016-08-31"
"Punjab National Bank",11848214,2167396,14015610,197150.48,9965054,"(A) Public Sector Banks","2016-09-07"
"Punjab National Bank",2989602,368729,3358331,73188.39,2477033,"(B) Regional Rural Bank","2016-09-07"
"Punjab National Bank",11898327,2173578,14071905,202212.71,9966305,"(A) Public Sector Banks","2016-09-14"
"Punjab National Bank",2993973,369282,3363255,73682.04,2491574,"(B) Regional Rural Bank","2016-09-14"
"Punjab National Bank",11978402,2195556,14173958,202303.5,9977456,"(A) Public Sector Banks","2016-09-21"
"Punjab National Bank",2997507,369854,3367361,74313.13,2512112,"(B) Regional Rural Bank","2016-09-21"
"Punjab National Bank",12037099,2203055,14240154,202753.82,9980620,"(A) Public Sector Banks","2016-09-28"
"Punjab National Bank",3003209,370982,3374191,74872.21,2538825,"(B) Regional Rural Bank","2016-09-28"
"Punjab National Bank",12101449,2209200,14310649,203794.43,9986861,"(A) Public Sector Banks","2016-10-05"
"Punjab National Bank",3008310,372399,3380709,74703.19,2553480,"(B) Regional Rural Bank","2016-10-05"
"Punjab National Bank",12171355,2215434,14386789,207990.4,9993438,"(A) Public Sector Banks","2016-10-19"
"Punjab National Bank",3011592,372805,3384397,75559.75,2569979,"(B) Regional Rural Bank","2016-10-19"
"Punjab National Bank",12214496,2219114,14433610,207262.95,9994659,"(A) Public Sector Banks","2016-10-26"
"Punjab National Bank",3011592,372805,3384397,75580.96,2582972,"(B) Regional Rural Bank","2016-10-26"
"Punjab National Bank",12254289,2222201,14476490,208317.72,9995112,"(A) Public Sector Banks","2016-11-02"
"Punjab National Bank",3007434,371381,3378815,76007.86,2589882,"(B) Regional Rural Bank","2016-11-02"
"Punjab National Bank",12274434,2224373,14498807,211525.33,9995249,"(A) Public Sector Banks","2016-11-09"
"Punjab National Bank",3007700,371651,3379351,76376.04,2595477,"(B) Regional Rural Bank","2016-11-09"
"Punjab National Bank",12280013,2225328,14505341,321327.28,9995316,"(A) Public Sector Banks","2016-11-16"
"Punjab National Bank",3009124,371848,3380972,119274.94,2596856,"(B) Regional Rural Bank","2016-11-16"
"Punjab National Bank",12298735,2229834,14528569,352999.46,9995533,"(A) Public Sector Banks","2016-11-23"
"Punjab National Bank",3011057,372444,3383501,143899.92,2598626,"(B) Regional Rural Bank","2016-11-23"
"Punjab National Bank",12355573,2244238,14599811,355476.47,9996325,"(A) Public Sector Banks","2016-11-30"
"Punjab National Bank",3016984,374453,3391437,141837.99,2597437,"(B) Regional Rural Bank","2016-11-30"
"Punjab National Bank",12478522,2281060,14759582,358295.16,13801345,"(A) Public Sector Banks","2016-12-07"
"Punjab National Bank",3029654,379357,3409011,139653,2598736,"(B) Regional Rural Bank","2016-12-07"
"Punjab National Bank",12667131,2323903,14991034,354748.46,13787735,"(A) Public Sector Banks","2016-12-14"
"Punjab National Bank",3039287,385158,3424445,136546.03,2600541,"(B) Regional Rural Bank","2016-12-14"
"Punjab National Bank",12958067,2391323,15349390,348493.73,13784533,"(A) Public Sector Banks","2016-12-21"
"Punjab National Bank",3051009,389728,3440737,133202.21,2604608,"(B) Regional Rural Bank","2016-12-21"
"Punjab National Bank",13123986,2431174,15555160,342275.84,13782118,"(A) Public Sector Banks","2016-12-28"
"Punjab National Bank",3063762,396285,3460047,131933.67,2607781,"(B) Regional Rural Bank","2016-12-28"
"Punjab National Bank",13262786,2464192,15726978,336757.48,13779742,"(A) Public Sector Banks","2017-01-04"
"Punjab National Bank",3074387,403258,3477645,128756.63,2613774,"(B) Regional Rural Bank","2017-01-04"
"Punjab National Bank",13372183,2494646,15866829,331435.67,13774574,"(A) Public Sector Banks","2017-01-11"
"Punjab National Bank",3081004,407275,3488279,124969,2625653,"(B) Regional Rural Bank","2017-01-11"
"Punjab National Bank",13443881,2515949,15959830,326944.83,13772163,"(A) Public Sector Banks","2017-01-18"
"Punjab National Bank",3084075,408820,3492895,121939.98,2635454,"(B) Regional Rural Bank","2017-01-18"
"Punjab National Bank",13511747,2533323,16045070,319751.13,13768488,"(A) Public Sector Banks","2017-01-25"
"Punjab National Bank",3085592,410198,3495790,118432.95,2697153,"(B) Regional Rural Bank","2017-01-25"
"Punjab National Bank",13563404,2545249,16108653,316742.28,13766274,"(A) Public Sector Banks","2017-02-01"
"Punjab National Bank",3086332,410868,3497200,116397.74,2715829,"(B) Regional Rural Bank","2017-02-01"
"Punjab National Bank",13613018,2558604,16171622,316350.13,13762171,"(A) Public Sector Banks","2017-02-08"
"Punjab National Bank",3089178,412276,3501454,113878.9,2743411,"(B) Regional Rural Bank","2017-02-08"
"Punjab National Bank",13673964,2574371,16248335,309065.82,13756987,"(A) Public Sector Banks","2017-02-22"
"Punjab National Bank",3082894,410016,3492910,110414.89,2810854,"(B) Regional Rural Bank","2017-02-22"
"Punjab National Bank",13685534,2577137,16262671,307406.71,13756980,"(A) Public Sector Banks","2017-03-01"
"Punjab National Bank",3079366,407559,3486925,109662.46,2821880,"(B) Regional Rural Bank","2017-03-01"
"Punjab National Bank",13692472,2585577,16278049,309814.31,13756980,"(A) Public Sector Banks","2017-03-08"
"Punjab National Bank",3078913,409638,3488551,109355.43,2840876,"(B) Regional Rural Bank","2017-03-08"
"Punjab National Bank",13691349,2587979,16279328,307035.88,13756980,"(A) Public Sector Banks","2017-03-15"
"Punjab National Bank",3080145,409876,3490021,108911.46,2848428,"(B) Regional Rural Bank","2017-03-15"
"Punjab National Bank",13688007,2591681,16279688,299326.72,13756980,"(A) Public Sector Banks","2017-03-22"
"Punjab National Bank",3081594,410205,3491799,108048.19,2853966,"(B) Regional Rural Bank","2017-03-22"
"Punjab National Bank",13686140,2593812,16279952,297527.28,13756980,"(A) Public Sector Banks","2017-03-29"
"Punjab National Bank",3082726,410070,3492796,109493.9,2857845,"(B) Regional Rural Bank","2017-03-29"
"Punjab National Bank",13687335,2593296,16280631,303716.33,13756980,"(A) Public Sector Banks","2017-04-05"
"Punjab National Bank",3083528,410157,3493685,110258.83,2859676,"(B) Regional Rural Bank","2017-04-05"
"Punjab National Bank",13701348,2590345,16291693,299707.83,13756980,"(A) Public Sector Banks","2017-04-12"
"Punjab National Bank",3084647,410265,3494912,108684.55,2922554,"(B) Regional Rural Bank","2017-04-12"
"Punjab National Bank",13721628,2595899,16317527,299450.19,13514887,"(A) Public Sector Banks","2017-04-19"
"Punjab National Bank",3085417,410284,3495701,109133.15,2939943,"(B) Regional Rural Bank","2017-04-19"
"Punjab National Bank",13749381,2600855,16350236,300197.81,13510670,"(A) Public Sector Banks","2017-04-26"
"Punjab National Bank",3086602,410344,3496946,107448.45,2946303,"(B) Regional Rural Bank","2017-04-26"
"Punjab National Bank",13777900,2605733,16383633,296157.26,13505221,"(A) Public Sector Banks","2017-05-03"
"Punjab National Bank",3088987,410539,3499526,106875.44,2950761,"(B) Regional Rural Bank","2017-05-03"
"Punjab National Bank",13803976,2609373,16413349,300726.21,13502327,"(A) Public Sector Banks","2017-05-10"
"Punjab National Bank",3090444,411286,3501730,108040.79,2954791,"(B) Regional Rural Bank","2017-05-10"
"Punjab National Bank",13841579,2614313,16455892,296765.3,13498783,"(A) Public Sector Banks","2017-05-17"
"Punjab National Bank",3092261,411525,3503786,106506.15,2957698,"(B) Regional Rural Bank","2017-05-17"
"Punjab National Bank",13883726,2618522,16502248,293942.78,13494624,"(A) Public Sector Banks","2017-05-24"
"Punjab National Bank",3093731,411481,3505212,105815.81,2959434,"(B) Regional Rural Bank","2017-05-24"
"Punjab National Bank",13921998,2623431,16545429,292939.28,13490562,"(A) Public Sector Banks","2017-05-31"
"Punjab National Bank",3095317,411582,3506899,105854.3,2960424,"(B) Regional Rural Bank","2017-05-31"
"Punjab National Bank",13961080,2628464,16589544,296346.21,13487036,"(A) Public Sector Banks","2017-06-07"
"Punjab National Bank",3096651,411740,3508391,106172.03,2965902,"(B) Regional Rural Bank","2017-06-07"
"Punjab National Bank",13990637,2632440,16623077,297123.39,13484639,"(A) Public Sector Banks","2017-06-14"
"Punjab National Bank",3097645,411833,3509478,105987.49,2969342,"(B) Regional Rural Bank","2017-06-14"
"Punjab National Bank",14070719,2641173,16711892,296271.7,13476381,"(A) Public Sector Banks","2017-06-28"
"Punjab National Bank",3099459,411947,3511406,105593.18,2979140,"(B) Regional Rural Bank","2017-06-28"
"Punjab National Bank",14110101,2645800,16755901,295759.75,13469118,"(A) Public Sector Banks","2017-07-05"
"Punjab National Bank",3101507,412542,3514049,105437.19,2985196,"(B) Regional Rural Bank","2017-07-05"
"Punjab National Bank",14156657,2651741,16808398,300801.44,13465100,"(A) Public Sector Banks","2017-07-12"
"Punjab National Bank",3104245,412827,3517072,107241.51,2989768,"(B) Regional Rural Bank","2017-07-12"
"Punjab National Bank",14214857,2659135,16873992,298562.66,13459639,"(A) Public Sector Banks","2017-07-19"
"Punjab National Bank",3106439,413648,3520087,106747.82,3000775,"(B) Regional Rural Bank","2017-07-19"
"Punjab National Bank",14268294,2665574,16933868,299247.91,13455891,"(A) Public Sector Banks","2017-07-26"
"Punjab National Bank",3107229,413686,3520915,106423.91,3008623,"(B) Regional Rural Bank","2017-07-26"
"Punjab National Bank",14311982,2670476,16982458,301529.06,13451855,"(A) Public Sector Banks","2017-08-02"
"Punjab National Bank",3108624,413739,3522363,106547.71,3014129,"(B) Regional Rural Bank","2017-08-02"
"Punjab National Bank",14379355,2678009,17057364,305207.43,13448849,"(A) Public Sector Banks","2017-08-09"
"Punjab National Bank",3109598,413810,3523408,106589.02,3017684,"(B) Regional Rural Bank","2017-08-09"
"Punjab National Bank",14421241,2682522,17103763,305274.2,13446030,"(A) Public Sector Banks","2017-08-16"
"Punjab National Bank",3110188,413828,3524016,106846.73,3020021,"(B) Regional Rural Bank","2017-08-16"
"Punjab National Bank",14489481,2689657,17179138,305329.93,13442636,"(A) Public Sector Banks","2017-08-23"
"Punjab National Bank",3111377,413905,3525282,106563.69,3022935,"(B) Regional Rural Bank","2017-08-23"
"Punjab National Bank",14555969,2697416,17253385,304883.26,13438966,"(A) Public Sector Banks","2017-08-30"
"Punjab National Bank",3112127,418294,3530421,106862.13,3025889,"(B) Regional Rural Bank","2017-08-30"
"Punjab National Bank",14613891,2703696,17317587,308787.89,13433379,"(A) Public Sector Banks","2017-09-06"
"Punjab National Bank",3113266,422996,3536262,107953.58,3027384,"(B) Regional Rural Bank","2017-09-06"
"Punjab National Bank",14671201,2710617,17381818,313356.27,13437885,"(A) Public Sector Banks","2017-09-13"
"Punjab National Bank",3115095,427276,3542371,108264.89,3031075,"(B) Regional Rural Bank","2017-09-13"
"Punjab National Bank",14726984,2717163,17444147,313252.28,13462807,"(A) Public Sector Banks","2017-09-20"
"Punjab National Bank",3116739,429541,3546280,108731.43,3033276,"(B) Regional Rural Bank","2017-09-20"
"Punjab National Bank",14770221,2722493,17492714,314117.28,14049307,"(A) Public Sector Banks","2017-09-27"
"Punjab National Bank",3118193,431937,3550130,108701.09,3034867,"(B) Regional Rural Bank","2017-09-27"
"Punjab National Bank",14786001,2724813,17510814,315545.98,14053400,"(A) Public Sector Banks","2017-10-04"
"Punjab National Bank",3118976,434607,3553583,109703.26,3036188,"(B) Regional Rural Bank","2017-10-04"
"Punjab National Bank",14819701,2728827,17548528,317823.69,14053538,"(A) Public Sector Banks","2017-10-11"
"Punjab National Bank",3120092,437238,3557330,109604.68,3040004,"(B) Regional Rural Bank","2017-10-11"
"Punjab National Bank",14860105,2733370,17593475,318791.81,14053424,"(A) Public Sector Banks","2017-10-18"
"Punjab National Bank",3120544,440444,3560988,109389.53,3041761,"(B) Regional Rural Bank","2017-10-18"
"Punjab National Bank",14895982,2739512,17635494,317533.97,14052697,"(A) Public Sector Banks","2017-11-01"
"Punjab National Bank",3121422,443680,3565102,109837.16,3047066,"(B) Regional Rural Bank","2017-11-01"
"Punjab National Bank",14925410,2742966,17668376,320451.17,14052313,"(A) Public Sector Banks","2017-11-08"
"Punjab National Bank",3120946,446573,3567519,110109.42,3058905,"(B) Regional Rural Bank","2017-11-08"
"Punjab National Bank",14964511,2748108,17712619,325843.64,14052193,"(A) Public Sector Banks","2017-11-15"
"Punjab National Bank",3120534,449727,3570261,110906.69,3081447,"(B) Regional Rural Bank","2017-11-15"
"Punjab National Bank",15001343,2752291,17753634,323573.22,14052018,"(A) Public Sector Banks","2017-11-22"
"Punjab National Bank",3120827,451289,3572116,110915.03,3096026,"(B) Regional Rural Bank","2017-11-22"
"Punjab National Bank",15032915,2756584,17789499,324088.34,14106992,"(A) Public Sector Banks","2017-11-29"
"Punjab National Bank",3121091,452665,3573756,111271.81,3111084,"(B) Regional Rural Bank","2017-11-29"
"Punjab National Bank",15064825,2760823,17825648,330120.55,14314842,"(A) Public Sector Banks","2017-12-06"
"Punjab National Bank",3119030,454468,3573498,112235.31,3122613,"(B) Regional Rural Bank","2017-12-06"
"Punjab National Bank",15111205,2764502,17875707,333872.81,14445619,"(A) Public Sector Banks","2017-12-13"
"Punjab National Bank",3119217,458168,3577385,113248.37,3131629,"(B) Regional Rural Bank","2017-12-13"
"Punjab National Bank",15156267,2768534,17924801,336550.04,14753755,"(A) Public Sector Banks","2017-12-20"
"Punjab National Bank",3119291,463192,3582483,114350.33,3151752,"(B) Regional Rural Bank","2017-12-20"
"Punjab National Bank",15219798,2773733,17993531,338030.84,14947741,"(A) Public Sector Banks","2017-12-27"
"Punjab National Bank",3108483,475356,3583839,114996.02,3155157,"(B) Regional Rural Bank","2017-12-27"
"Punjab National Bank",15270631,2777704,18048335,343223.99,15263629,"(A) Public Sector Banks","2018-01-03"
"Punjab National Bank",3108614,478532,3587146,116547.82,3157879,"(B) Regional Rural Bank","2018-01-03"
"Punjab National Bank",15318963,2782168,18101131,345622.13,15532706,"(A) Public Sector Banks","2018-01-10"
"Punjab National Bank",3108985,482910,3591895,117379.03,3161805,"(B) Regional Rural Bank","2018-01-10"
"Punjab National Bank",15370185,2788937,18159122,350874.81,15678498,"(A) Public Sector Banks","2018-01-17"
"Punjab National Bank",3109226,486542,3595768,117582.34,3164112,"(B) Regional Rural Bank","2018-01-17"
"Punjab National Bank",15389343,2790897,18180240,350705.99,15905833,"(A) Public Sector Banks","2018-01-24"
"Punjab National Bank",3048102,549898,3598000,118217.86,3164594,"(B) Regional Rural Bank","2018-01-24"
"Punjab National Bank",15389343,2790897,18180240,350705.99,15905833,"(A) Public Sector Banks","2018-01-31"
"Punjab National Bank",3051157,549994,3601151,118035.03,3165099,"(B) Regional Rural Bank","2018-01-31"
"Punjab National Bank",15408786,2798124,18206910,350720.87,15938038,"(A) Public Sector Banks","2018-02-07"
"Punjab National Bank",3054733,550032,3604765,117639.69,3166559,"(B) Regional Rural Bank","2018-02-07"
"Punjab National Bank",15407831,2797953,18205784,350718.18,15937767,"(A) Public Sector Banks","2018-02-14"
"Punjab National Bank",3057206,550364,3607570,119760.68,3167813,"(B) Regional Rural Bank","2018-02-14"
"Punjab National Bank",15409272,2798165,18207437,350968.94,15937841,"(A) Public Sector Banks","2018-02-21"
"Punjab National Bank",3058992,550966,3609958,119220.52,3169581,"(B) Regional Rural Bank","2018-02-21"
"Punjab National Bank",15440199,2802666,18242865,351657.93,15937497,"(A) Public Sector Banks","2018-03-07"
"Punjab National Bank",3063486,551300,3614786,121161.02,3171434,"(B) Regional Rural Bank","2018-03-07"
"Punjab National Bank",15458523,2805002,18263525,352053.95,15936964,"(A) Public Sector Banks","2018-03-14"
"Punjab National Bank",3065440,551530,3616970,122448.56,3172420,"(B) Regional Rural Bank","2018-03-14"
"Punjab National Bank",15478332,2808186,18286518,352480,15937905,"(A) Public Sector Banks","2018-03-21"
"Punjab National Bank",3062257,555186,3617443,122785.44,3173357,"(B) Regional Rural Bank","2018-03-21"
"Punjab National Bank",15488054,2809032,18297086,352824.17,15939607,"(A) Public Sector Banks","2018-03-28"
"Punjab National Bank",3064371,555413,3619784,126589.6,3173710,"(B) Regional Rural Bank","2018-03-28"
"Punjab National Bank",15488748,2809157,18297905,353274.26,15941635,"(A) Public Sector Banks","2018-04-04"
"Punjab National Bank",3065492,555704,3621196,131405.92,3174147,"(B) Regional Rural Bank","2018-04-04"
"Punjab National Bank",15502164,2810694,18312858,353634.09,15943556,"(A) Public Sector Banks","2018-04-11"
"Punjab National Bank",3067233,556183,3623416,129293.09,3174966,"(B) Regional Rural Bank","2018-04-11"
"Punjab National Bank",15507871,2811227,18319098,353990.05,15948116,"(A) Public Sector Banks","2018-04-18"
"Punjab National Bank",3069055,556400,3625455,128749.55,3175894,"(B) Regional Rural Bank","2018-04-18"
"Punjab National Bank",15526142,2814099,18340241,354364.74,15949488,"(A) Public Sector Banks","2018-04-25"
"Punjab National Bank",3072497,557162,3629659,127848.53,3177382,"(B) Regional Rural Bank","2018-04-25"
"Punjab National Bank",15536221,2815390,18351611,354695.25,15951597,"(A) Public Sector Banks","2018-05-02"
"Punjab National Bank",3074942,557560,3632502,127424.97,3178227,"(B) Regional Rural Bank","2018-05-02"
"Punjab National Bank",15564495,2819255,18383750,355105.74,16177527,"(A) Public Sector Banks","2018-05-09"
"Punjab National Bank",3076847,557745,3634592,127283.17,3179450,"(B) Regional Rural Bank","2018-05-09"
"Punjab National Bank",15594201,2823287,18417488,356134.83,16542892,"(A) Public Sector Banks","2018-05-23"
"Punjab National Bank",3078049,557864,3635913,128404.14,3180678,"(B) Regional Rural Bank","2018-05-23"
"Punjab National Bank",15611401,2825233,18436634,356533.01,16636049,"(A) Public Sector Banks","2018-05-30"
"Punjab National Bank",3079897,558090,3637987,128552.67,3181537,"(B) Regional Rural Bank","2018-05-30"
"Punjab National Bank",15622226,2826696,18448922,356913.51,16677358,"(A) Public Sector Banks","2018-06-06"
"Punjab National Bank",3081402,558404,3639806,129087.55,3182087,"(B) Regional Rural Bank","2018-06-06"
"Punjab National Bank",15638295,2828532,18466827,357359.27,16675177,"(A) Public Sector Banks","2018-06-13"
"Punjab National Bank",3082886,558253,3641139,129294.55,3182659,"(B) Regional Rural Bank","2018-06-13"
"Punjab National Bank",15653988,2830175,18484163,358138.55,16955549,"(A) Public Sector Banks","2018-06-20"
"Punjab National Bank",3085794,558940,3644734,129766.92,3183506,"(B) Regional Rural Bank","2018-06-20"
"Punjab National Bank",15670736,2831911,18502647,358459.49,16952443,"(A) Public Sector Banks","2018-06-27"
"Punjab National Bank",3087512,559471,3646983,129003.16,3184674,"(B) Regional Rural Bank","2018-06-27"
"Punjab National Bank",15687143,2833923,18521066,359457.92,16948913,"(A) Public Sector Banks","2018-07-04"
"Punjab National Bank",3091078,560146,3651224,129187.58,3185597,"(B) Regional Rural Bank","2018-07-04"
"Punjab National Bank",15731677,2839541,18571218,362114.09,17024704,"(A) Public Sector Banks","2018-07-18"
"Punjab National Bank",3105301,562759,3668060,129934.68,3188310,"(B) Regional Rural Bank","2018-07-18"
"Punjab National Bank",15785429,2845347,18630776,367275.75,17535349,"(A) Public Sector Banks","2018-08-01"
"Punjab National Bank",3122375,565852,3688227,130649.88,3192510,"(B) Regional Rural Bank","2018-08-01"
"Punjab National Bank",15807976,2847915,18655891,368835.86,17716974,"(A) Public Sector Banks","2018-08-08"
"Punjab National Bank",3129724,567090,3696814,130676.1,3194807,"(B) Regional Rural Bank","2018-08-08"
"Punjab National Bank",15829435,2850490,18679925,370425.57,17852985,"(A) Public Sector Banks","2018-08-15"
"Punjab National Bank",3135561,568359,3703920,131249.13,3197584,"(B) Regional Rural Bank","2018-08-15"
"Punjab National Bank",15851920,2853355,18705275,373046.45,17850271,"(A) Public Sector Banks","2018-08-22"
"Punjab National Bank",3140647,569415,3710062,133366.07,3197912,"(B) Regional Rural Bank","2018-08-22"
"Punjab National Bank",15871664,2853576,18725240,374229.88,17845082,"(A) Public Sector Banks","2018-08-29"
"Punjab National Bank",3145748,570293,3716041,134214.47,3198511,"(B) Regional Rural Bank","2018-08-29"
"Punjab National Bank",15889587,2855808,18745395,376741.27,17842035,"(A) Public Sector Banks","2018-09-05"
"Punjab National Bank",3149082,571425,3720507,133979.27,3197954,"(B) Regional Rural Bank","2018-09-05"
"Punjab National Bank",15904917,2858588,18763505,381710.39,17838581,"(A) Public Sector Banks","2018-09-12"
"Punjab National Bank",3152922,572083,3725005,133597.02,3198871,"(B) Regional Rural Bank","2018-09-12"
"Punjab National Bank",15921948,2861445,18783393,383512.34,17833396,"(A) Public Sector Banks","2018-09-19"
"Punjab National Bank",3157138,573147,3730285,134248.31,3199797,"(B) Regional Rural Bank","2018-09-19"
"Punjab National Bank",15935445,2863507,18798952,383606.89,17830318,"(A) Public Sector Banks","2018-09-26"
"Punjab National Bank",3160450,573593,3734043,135297.29,3200939,"(B) Regional Rural Bank","2018-09-26"
"Punjab National Bank",15953930,2865857,18819787,384849.1,17826816,"(A) Public Sector Banks","2018-10-03"
"Punjab National Bank",3163816,574199,3738015,135743.19,3202012,"(B) Regional Rural Bank","2018-10-03"
"Punjab National Bank",15971390,2868858,18840248,389352.96,17833382,"(A) Public Sector Banks","2018-10-10"
"Punjab National Bank",3170675,572172,3742847,135495.3,3203207,"(B) Regional Rural Bank","2018-10-10"
"Punjab National Bank",15984121,2870146,18854267,393560.46,17838811,"(A) Public Sector Banks","2018-10-17"
"Punjab National Bank",3171008,572210,3743218,135131.2,3202867,"(B) Regional Rural Bank","2018-10-17"
"Punjab National Bank",15988488,2870581,18859069,395778.8,17863989,"(A) Public Sector Banks","2018-10-24"
"Punjab National Bank",3174433,572812,3747245,136552.29,3204112,"(B) Regional Rural Bank","2018-10-24"
"Punjab National Bank",16000065,2871748,18871813,398731.1,17955162,"(A) Public Sector Banks","2018-10-31"
"Punjab National Bank",3177273,573128,3750401,135639.21,3205187,"(B) Regional Rural Bank","2018-10-31"
"Punjab National Bank",16007082,2873097,18880179,403291.88,17977586,"(A) Public Sector Banks","2018-11-07"
"Punjab National Bank",3177273,573128,3750401,135639.21,3205187,"(B) Regional Rural Bank","2018-11-07"
"Punjab National Bank",16011019,2873430,18884449,404816.25,17975697,"(A) Public Sector Banks","2018-11-14"
"Punjab National Bank",3180833,573912,3754745,135693.68,3207470,"(B) Regional Rural Bank","2018-11-14"
"Punjab National Bank",16021415,2874603,18896018,406064.9,17971681,"(A) Public Sector Banks","2018-11-21"
"Punjab National Bank",3185121,574394,3759515,135785.69,3210350,"(B) Regional Rural Bank","2018-11-21"
"Punjab National Bank",16029442,2876017,18905459,408410.73,18003518,"(A) Public Sector Banks","2018-11-28"
"Punjab National Bank",3188764,575637,3764401,136382.26,3212146,"(B) Regional Rural Bank","2018-11-28"
"Punjab National Bank",16040115,2877098,18917213,410962.49,18024953,"(A) Public Sector Banks","2018-12-05"
"Punjab National Bank",3195254,576906,3772160,137133.02,3214798,"(B) Regional Rural Bank","2018-12-05"
"Punjab National Bank",16048307,2878562,18926869,415322,18047154,"(A) Public Sector Banks","2018-12-12"
"Punjab National Bank",3203828,578411,3782239,137576.86,3218281,"(B) Regional Rural Bank","2018-12-12"
"Punjab National Bank",16054173,2879195,18933368,417906.01,18084996,"(A) Public Sector Banks","2018-12-19"
"Punjab National Bank",3222592,582299,3804891,138797.12,3227569,"(B) Regional Rural Bank","2018-12-19"
"Punjab National Bank",16058969,2879804,18938773,419908.5,18095224,"(A) Public Sector Banks","2018-12-26"
"Punjab National Bank",3238507,584755,3823262,139867.23,3232346,"(B) Regional Rural Bank","2018-12-26"
"Punjab National Bank",16069854,2881218,18951072,424052.76,18105813,"(A) Public Sector Banks","2019-01-02"
"Punjab National Bank",3338191,590744,3928935,144316.37,3307943,"(B) Regional Rural Bank","2019-01-02"
"Punjab National Bank",16125395,2897926,19023321,429376.01,18132861,"(A) Public Sector Banks","2019-01-16"
"Punjab National Bank",4605632,624087,5229719,174303.77,3548186,"(B) Regional Rural Bank","2019-01-16"
"Punjab National Bank",16135811,2888445,19024256,429412.72,18145385,"(A) Public Sector Banks","2019-01-23"
"Punjab National Bank",4695049,632371,5327420,178290.56,3576842,"(B) Regional Rural Bank","2019-01-23"
