Bank Name / Type,Number of Beneficiaries at rural/semiurban centre bank branches,Number of Beneficiaries at urban metro centre bank branches,Number of Total Beneficiaries,Deposits in Accounts(In lac),Number of Rupay Debit Cards issued to beneficiaries,level,date
"South Indian Bank Ltd",7894,39490,47384,203.24,8297,"(C) Major Private Banks","2014-10-29"
"South Indian Bank Ltd",8382,41257,49639,229.44,8977,"(C) Major Private Banks","2014-11-05"
"South Indian Bank Ltd",8774,43333,52107,274.14,20501,"(C) Major Private Banks","2014-11-12"
"South Indian Bank Ltd",9119,46464,55583,274.84,22373,"(C) Major Private Banks","2014-11-19"
"South Indian Bank Ltd",9572,49687,59259,293.65,24442,"(C) Major Private Banks","2014-11-26"
"South Indian Bank Ltd",10022,52020,62042,326.13,26327,"(C) Major Private Banks","2014-12-03"
"South Indian Bank Ltd",10617,55581,66198,364.56,28620,"(C) Major Private Banks","2014-12-10"
"South Indian Bank Ltd",11376,59224,70600,392.25,30978,"(C) Major Private Banks","2014-12-17"
"South Indian Bank Ltd",12257,62587,74844,424.37,33348,"(C) Major Private Banks","2014-12-24"
"South Indian Bank Ltd",12778,65057,77835,447.41,34907,"(C) Major Private Banks","2014-12-31"
"South Indian Bank Ltd",13435,67545,80980,504.94,37022,"(C) Major Private Banks","2015-01-07"
"South Indian Bank Ltd",14255,71825,86080,527.84,39583,"(C) Major Private Banks","2015-01-14"
"South Indian Bank Ltd",15858,80318,96176,584.31,44083,"(C) Major Private Banks","2015-01-28"
"South Indian Bank Ltd",15664,79286,94950,605.28,51577,"(C) Major Private Banks","2015-02-04"
"South Indian Bank Ltd",15655,79240,94895,648.82,54222,"(C) Major Private Banks","2015-02-11"
"South Indian Bank Ltd",17152,85571,102723,677.65,55795,"(C) Major Private Banks","2015-02-18"
"South Indian Bank Ltd",17143,85517,102660,714.14,55795,"(C) Major Private Banks","2015-02-25"
"South Indian Bank Ltd",17131,85472,102603,793.2,55795,"(C) Major Private Banks","2015-03-04"
"South Indian Bank Ltd",17118,85414,102532,819.98,55795,"(C) Major Private Banks","2015-03-11"
"South Indian Bank Ltd",17100,85356,102456,829.65,41831,"(C) Major Private Banks","2015-03-18"
"South Indian Bank Ltd",17092,85307,102399,849.06,42826,"(C) Major Private Banks","2015-03-25"
"South Indian Bank Ltd",17082,85233,102315,850.14,43427,"(C) Major Private Banks","2015-04-01"
"South Indian Bank Ltd",17079,85216,102295,868.6,43722,"(C) Major Private Banks","2015-04-08"
"South Indian Bank Ltd",17074,85191,102265,893.8,43929,"(C) Major Private Banks","2015-04-15"
"South Indian Bank Ltd",17069,85148,102217,902.86,44391,"(C) Major Private Banks","2015-04-22"
"South Indian Bank Ltd",17069,85148,102217,902.86,44391,"(C) Major Private Banks","2015-04-29"
"South Indian Bank Ltd",17053,85094,102147,932.13,44850,"(C) Major Private Banks","2015-05-06"
"South Indian Bank Ltd",17045,85062,102107,950.25,45104,"(C) Major Private Banks","2015-05-13"
"South Indian Bank Ltd",17045,85062,102107,962.97,45104,"(C) Major Private Banks","2015-05-20"
"South Indian Bank Ltd",17025,84953,101978,933.59,45841,"(C) Major Private Banks","2015-06-03"
"South Indian Bank Ltd",17025,84953,101978,1036.69,45841,"(C) Major Private Banks","2015-06-10"
"South Indian Bank Ltd",17007,84839,101846,937.86,46208,"(C) Major Private Banks","2015-06-17"
"South Indian Bank Ltd",17009,84869,101878,964.09,46342,"(C) Major Private Banks","2015-06-24"
"South Indian Bank Ltd",17009,84869,101878,964.09,46342,"(C) Major Private Banks","2015-07-01"
"South Indian Bank Ltd",16997,84817,101814,983.12,46583,"(C) Major Private Banks","2015-07-08"
"South Indian Bank Ltd",17677,86968,104645,1041.26,48007,"(C) Major Private Banks","2015-07-15"
"South Indian Bank Ltd",17189,84526,101715,1024.34,46895,"(C) Major Private Banks","2015-07-22"
"South Indian Bank Ltd",17181,84476,101657,1018.04,47117,"(C) Major Private Banks","2015-07-29"
"South Indian Bank Ltd",17628,86695,104323,1059.67,48312,"(C) Major Private Banks","2015-08-05"
"South Indian Bank Ltd",17628,86695,104323,1070.01,48312,"(C) Major Private Banks","2015-08-12"
"South Indian Bank Ltd",17632,86769,104401,1068.82,48598,"(C) Major Private Banks","2015-08-19"
"South Indian Bank Ltd",17621,86732,104353,1118.1,48786,"(C) Major Private Banks","2015-08-26"
"South Indian Bank Ltd",17616,86711,104327,1130.57,48814,"(C) Major Private Banks","2015-09-02"
"South Indian Bank Ltd",17610,86679,104289,1145.26,48946,"(C) Major Private Banks","2015-09-09"
"South Indian Bank Ltd",17597,86651,104248,1139.29,49182,"(C) Major Private Banks","2015-09-16"
"South Indian Bank Ltd",17590,86628,104218,1118.74,49430,"(C) Major Private Banks","2015-09-23"
"South Indian Bank Ltd",17590,86628,104218,1118.74,49430,"(C) Major Private Banks","2015-10-07"
"South Indian Bank Ltd",17560,86527,104087,1192.27,49637,"(C) Major Private Banks","2015-10-14"
"South Indian Bank Ltd",17554,86496,104050,1185.81,49685,"(C) Major Private Banks","2015-10-21"
"South Indian Bank Ltd",17550,86473,104023,1158.28,49707,"(C) Major Private Banks","2015-10-28"
"South Indian Bank Ltd",17550,86473,104023,1158.28,49707,"(C) Major Private Banks","2015-11-04"
"South Indian Bank Ltd",17534,86416,103950,1201.48,49777,"(C) Major Private Banks","2015-11-11"
"South Indian Bank Ltd",17534,86416,103950,1201.48,49777,"(C) Major Private Banks","2015-11-18"
"South Indian Bank Ltd",17498,86340,103838,1198.36,49851,"(C) Major Private Banks","2015-11-25"
"South Indian Bank Ltd",17487,86313,103800,1205.81,49892,"(C) Major Private Banks","2015-12-02"
"South Indian Bank Ltd",17482,86271,103753,1228.15,49936,"(C) Major Private Banks","2015-12-09"
"South Indian Bank Ltd",17482,86235,103717,1244.84,49984,"(C) Major Private Banks","2015-12-16"
"South Indian Bank Ltd",17481,86214,103695,1248.7,50045,"(C) Major Private Banks","2015-12-23"
"South Indian Bank Ltd",17481,86214,103695,1248.7,50045,"(C) Major Private Banks","2015-12-30"
"South Indian Bank Ltd",17457,86145,103602,1289.65,50120,"(C) Major Private Banks","2016-01-06"
"South Indian Bank Ltd",17445,86121,103566,1290.51,50162,"(C) Major Private Banks","2016-01-13"
"South Indian Bank Ltd",17445,86121,103566,1290.51,50162,"(C) Major Private Banks","2016-01-20"
"South Indian Bank Ltd",17430,86045,103475,1272.1,50258,"(C) Major Private Banks","2016-01-27"
"South Indian Bank Ltd",17400,85965,103365,1308.42,50315,"(C) Major Private Banks","2016-02-10"
"South Indian Bank Ltd",17400,85965,103365,1308.42,50315,"(C) Major Private Banks","2016-02-17"
"South Indian Bank Ltd",17400,85965,103365,1308.42,50315,"(C) Major Private Banks","2016-02-24"
"South Indian Bank Ltd",17373,85815,103188,1364.7,50425,"(C) Major Private Banks","2016-03-02"
"South Indian Bank Ltd",17363,85773,103136,1406.57,50414,"(C) Major Private Banks","2016-03-09"
"South Indian Bank Ltd",17360,85748,103108,1421.27,50464,"(C) Major Private Banks","2016-03-16"
"South Indian Bank Ltd",17360,85748,103108,1421.27,50464,"(C) Major Private Banks","2016-03-23"
"South Indian Bank Ltd",17360,85748,103108,1421.27,50464,"(C) Major Private Banks","2016-03-30"
"South Indian Bank Ltd",17329,85648,102977,1463.7,50492,"(C) Major Private Banks","2016-04-06"
"South Indian Bank Ltd",17329,85648,102977,1463.7,50492,"(C) Major Private Banks","2016-04-13"
"South Indian Bank Ltd",17329,85648,102977,1463.7,50492,"(C) Major Private Banks","2016-04-20"
"South Indian Bank Ltd",17329,85648,102977,1463.7,50492,"(C) Major Private Banks","2016-04-27"
"South Indian Bank Ltd",17329,85648,102977,1463.7,50492,"(C) Major Private Banks","2016-05-04"
"South Indian Bank Ltd",17329,85648,102977,1463.7,50492,"(C) Major Private Banks","2016-05-11"
"South Indian Bank Ltd",17329,85648,102977,1463.7,50492,"(C) Major Private Banks","2016-05-18"
"South Indian Bank Ltd",17329,85648,102977,1463.7,50492,"(C) Major Private Banks","2016-05-25"
"South Indian Bank Ltd",17329,85648,102977,1463.7,50492,"(C) Major Private Banks","2016-06-01"
"South Indian Bank Ltd",15184,75956,91140,548.11,41886,"(C) Major Private Banks","2015-01-21"
"South Indian Bank Ltd",17036,84987,102023,930.33,45582,"(C) Major Private Banks","2015-05-27"
"South Indian Bank Ltd",17590,86628,104218,1118.74,49430,"(C) Major Private Banks","2015-09-30"
"South Indian Bank Ltd",17430,86045,103475,1272.1,50258,"(C) Major Private Banks","2016-02-03"
"South Indian Bank Ltd",17329,85648,102977,1463.7,50492,"(C) Major Private Banks","2016-06-08"
"South Indian Bank Ltd",40622,163969,204591,3426.85,68493,"(C) Major Private Banks","2016-10-12"
"South Indian Bank Ltd",41328,165688,207016,5051.03,66088,"(C) Major Private Banks","2017-02-15"
"South Indian Bank Ltd",30756,178519,209275,4329.06,64637,"(C) Major Private Banks","2017-06-21"
"South Indian Bank Ltd",30529,177269,207798,4237.73,85624,"(C) Major Private Banks","2017-10-25"
"South Indian Bank Ltd",30535,179022,209557,4504.14,60465,"(C) Major Private Banks","2018-02-28"
"South Indian Bank Ltd",30535,179022,209557,4504.14,60465,"(C) Major Private Banks","2018-07-11"
"South Indian Bank Ltd",17329,85648,102977,1463.7,50492,"(C) Major Private Banks","2016-06-15"
"South Indian Bank Ltd",17329,85648,102977,1463.7,50492,"(C) Major Private Banks","2016-06-22"
"South Indian Bank Ltd",38495,157388,195883,2834.65,67961,"(C) Major Private Banks","2016-06-29"
"South Indian Bank Ltd",38495,157388,195883,2834.65,67961,"(C) Major Private Banks","2016-07-06"
"South Indian Bank Ltd",38495,157388,195883,2834.65,67961,"(C) Major Private Banks","2016-07-13"
"South Indian Bank Ltd",38970,158565,197535,2932.11,68137,"(C) Major Private Banks","2016-07-20"
"South Indian Bank Ltd",39078,158886,197964,2944.03,68166,"(C) Major Private Banks","2016-07-27"
"South Indian Bank Ltd",39194,159329,198523,3198.7,68226,"(C) Major Private Banks","2016-08-03"
"South Indian Bank Ltd",39353,159809,199162,3150.07,68315,"(C) Major Private Banks","2016-08-10"
"South Indian Bank Ltd",39353,159809,199162,3150.07,68315,"(C) Major Private Banks","2016-08-17"
"South Indian Bank Ltd",39353,159809,199162,3150.07,68315,"(C) Major Private Banks","2016-08-24"
"South Indian Bank Ltd",39677,160903,200580,3308.09,68418,"(C) Major Private Banks","2016-08-31"
"South Indian Bank Ltd",39677,160903,200580,3308.09,68418,"(C) Major Private Banks","2016-09-07"
"South Indian Bank Ltd",39677,160903,200580,3308.09,68418,"(C) Major Private Banks","2016-09-14"
"South Indian Bank Ltd",40364,162938,203302,3414.15,68489,"(C) Major Private Banks","2016-09-21"
"South Indian Bank Ltd",40364,162938,203302,3414.15,68489,"(C) Major Private Banks","2016-09-28"
"South Indian Bank Ltd",40622,163969,204591,3426.85,68493,"(C) Major Private Banks","2016-10-05"
"South Indian Bank Ltd",40918,164994,205912,3391.54,68438,"(C) Major Private Banks","2016-10-19"
"South Indian Bank Ltd",41036,165509,206545,3363.15,68404,"(C) Major Private Banks","2016-10-26"
"South Indian Bank Ltd",41036,165509,206545,3363.15,68404,"(C) Major Private Banks","2016-11-02"
"South Indian Bank Ltd",41305,166702,208007,3410.7,68329,"(C) Major Private Banks","2016-11-09"
"South Indian Bank Ltd",41369,166948,208317,5996.49,68292,"(C) Major Private Banks","2016-11-16"
"South Indian Bank Ltd",41308,166928,208236,6612.63,68111,"(C) Major Private Banks","2016-11-23"
"South Indian Bank Ltd",41308,166928,208236,6612.63,68111,"(C) Major Private Banks","2016-11-30"
"South Indian Bank Ltd",41391,166919,208310,6288.61,67763,"(C) Major Private Banks","2016-12-07"
"South Indian Bank Ltd",41328,166507,207835,5947.48,67360,"(C) Major Private Banks","2016-12-14"
"South Indian Bank Ltd",41405,166269,207674,5747.55,67102,"(C) Major Private Banks","2016-12-21"
"South Indian Bank Ltd",41405,166269,207674,5747.55,67102,"(C) Major Private Banks","2016-12-28"
"South Indian Bank Ltd",41419,165848,207267,5636.76,66613,"(C) Major Private Banks","2017-01-04"
"South Indian Bank Ltd",41402,165759,207161,5410.21,66399,"(C) Major Private Banks","2017-01-11"
"South Indian Bank Ltd",41377,165779,207156,5265.7,66240,"(C) Major Private Banks","2017-01-18"
"South Indian Bank Ltd",41328,165688,207016,5051.03,66088,"(C) Major Private Banks","2017-01-25"
"South Indian Bank Ltd",41373,165910,207283,4980.1,65970,"(C) Major Private Banks","2017-02-01"
"South Indian Bank Ltd",41372,166087,207459,4853.38,65825,"(C) Major Private Banks","2017-02-08"
"South Indian Bank Ltd",41419,166289,207708,4794.8,65708,"(C) Major Private Banks","2017-02-22"
"South Indian Bank Ltd",41472,166286,207758,4513.78,65411,"(C) Major Private Banks","2017-03-01"
"South Indian Bank Ltd",41492,166412,207904,4484.24,65265,"(C) Major Private Banks","2017-03-08"
"South Indian Bank Ltd",41502,166543,208045,4439.29,65203,"(C) Major Private Banks","2017-03-15"
"South Indian Bank Ltd",41537,166705,208242,4394.61,65118,"(C) Major Private Banks","2017-03-22"
"South Indian Bank Ltd",41587,166834,208421,4406.19,65072,"(C) Major Private Banks","2017-03-29"
"South Indian Bank Ltd",41492,166421,207913,4484.43,65268,"(C) Major Private Banks","2017-04-05"
"South Indian Bank Ltd",41587,166843,208430,4406.36,65075,"(C) Major Private Banks","2017-04-12"
"South Indian Bank Ltd",31190,177581,208771,4954.22,65014,"(C) Major Private Banks","2017-04-19"
"South Indian Bank Ltd",31139,177472,208611,4456.24,65047,"(C) Major Private Banks","2017-04-26"
"South Indian Bank Ltd",31206,177295,208501,4607.01,64935,"(C) Major Private Banks","2017-05-03"
"South Indian Bank Ltd",31200,177354,208554,4743.62,64977,"(C) Major Private Banks","2017-05-10"
"South Indian Bank Ltd",31239,177480,208719,4519.98,64860,"(C) Major Private Banks","2017-05-17"
"South Indian Bank Ltd",31138,177760,208898,4412.18,64788,"(C) Major Private Banks","2017-05-24"
"South Indian Bank Ltd",31138,177760,208898,4412.18,64788,"(C) Major Private Banks","2017-05-31"
"South Indian Bank Ltd",31138,177751,208889,4412.06,64785,"(C) Major Private Banks","2017-06-07"
"South Indian Bank Ltd",30756,178519,209275,4329.06,64637,"(C) Major Private Banks","2017-06-14"
"South Indian Bank Ltd",30756,178519,209275,4329.06,64637,"(C) Major Private Banks","2017-06-28"
"South Indian Bank Ltd",30320,174934,205254,4387.73,62751,"(C) Major Private Banks","2017-07-05"
"South Indian Bank Ltd",30320,174934,205254,4387.73,62751,"(C) Major Private Banks","2017-07-12"
"South Indian Bank Ltd",30320,174934,205254,4387.73,67939,"(C) Major Private Banks","2017-07-19"
"South Indian Bank Ltd",30320,174934,205254,4387.73,67939,"(C) Major Private Banks","2017-07-26"
"South Indian Bank Ltd",30320,174934,205254,4387.87,67939,"(C) Major Private Banks","2017-08-02"
"South Indian Bank Ltd",30320,174934,205254,4387.87,67939,"(C) Major Private Banks","2017-08-09"
"South Indian Bank Ltd",30320,174934,205254,4387.87,67939,"(C) Major Private Banks","2017-08-16"
"South Indian Bank Ltd",30320,174934,205254,4388,72240,"(C) Major Private Banks","2017-08-23"
"South Indian Bank Ltd",30584,176532,207116,4648.47,72468,"(C) Major Private Banks","2017-08-30"
"South Indian Bank Ltd",30584,176532,207116,4648.47,72468,"(C) Major Private Banks","2017-09-06"
"South Indian Bank Ltd",30684,177326,208010,4555.62,72520,"(C) Major Private Banks","2017-09-13"
"South Indian Bank Ltd",30602,176740,207342,4422.25,72105,"(C) Major Private Banks","2017-09-20"
"South Indian Bank Ltd",30479,176701,207180,4324.78,71766,"(C) Major Private Banks","2017-09-27"
"South Indian Bank Ltd",30491,176793,207284,4325.55,66135,"(C) Major Private Banks","2017-10-04"
"South Indian Bank Ltd",30491,176793,207284,4325.55,71832,"(C) Major Private Banks","2017-10-11"
"South Indian Bank Ltd",30536,177211,207747,4293.9,71874,"(C) Major Private Banks","2017-10-18"
"South Indian Bank Ltd",30546,177407,207953,4262.49,85624,"(C) Major Private Banks","2017-11-01"
"South Indian Bank Ltd",30566,177626,208192,4293.36,85599,"(C) Major Private Banks","2017-11-08"
"South Indian Bank Ltd",30588,177786,208374,4308.22,85599,"(C) Major Private Banks","2017-11-15"
"South Indian Bank Ltd",30632,165735,196367,3586.69,85822,"(C) Major Private Banks","2017-11-22"
"South Indian Bank Ltd",30634,178054,208688,4205.17,94535,"(C) Major Private Banks","2017-11-29"
"South Indian Bank Ltd",30675,178311,208986,4244,94535,"(C) Major Private Banks","2017-12-06"
"South Indian Bank Ltd",30675,178311,208986,4244,94535,"(C) Major Private Banks","2017-12-13"
"South Indian Bank Ltd",30675,178311,208986,4244,94535,"(C) Major Private Banks","2017-12-20"
"South Indian Bank Ltd",30675,178311,208986,4244,94535,"(C) Major Private Banks","2017-12-27"
"South Indian Bank Ltd",30675,178311,208986,4244,94535,"(C) Major Private Banks","2018-01-03"
"South Indian Bank Ltd",30619,178541,209160,4589.53,94535,"(C) Major Private Banks","2018-01-10"
"South Indian Bank Ltd",30619,178541,209160,4589.53,94535,"(C) Major Private Banks","2018-01-17"
"South Indian Bank Ltd",30619,178541,209160,4589.53,94535,"(C) Major Private Banks","2018-01-24"
"South Indian Bank Ltd",30619,178541,209160,4589.53,94535,"(C) Major Private Banks","2018-01-31"
"South Indian Bank Ltd",30556,178855,209411,4594.39,94535,"(C) Major Private Banks","2018-02-07"
"South Indian Bank Ltd",30556,178855,209411,4594.39,94535,"(C) Major Private Banks","2018-02-14"
"South Indian Bank Ltd",30535,179022,209557,4504.14,60465,"(C) Major Private Banks","2018-02-21"
"South Indian Bank Ltd",30535,179022,209557,4504.14,60465,"(C) Major Private Banks","2018-03-07"
"South Indian Bank Ltd",30535,179022,209557,4504.14,60465,"(C) Major Private Banks","2018-03-14"
"South Indian Bank Ltd",30535,179022,209557,4504.14,60465,"(C) Major Private Banks","2018-03-21"
"South Indian Bank Ltd",30535,179022,209557,4504.14,60465,"(C) Major Private Banks","2018-03-28"
"South Indian Bank Ltd",30535,179022,209557,4504.14,60465,"(C) Major Private Banks","2018-04-04"
"South Indian Bank Ltd",30535,179022,209557,4504.14,60465,"(C) Major Private Banks","2018-04-11"
"South Indian Bank Ltd",30535,179022,209557,4504.14,60465,"(C) Major Private Banks","2018-04-18"
"South Indian Bank Ltd",30535,179022,209557,4504.14,60465,"(C) Major Private Banks","2018-04-25"
"South Indian Bank Ltd",30535,179022,209557,4504.14,60465,"(C) Major Private Banks","2018-05-02"
"South Indian Bank Ltd",30535,179022,209557,4504.14,60465,"(C) Major Private Banks","2018-05-09"
"South Indian Bank Ltd",30535,179022,209557,4504.14,60465,"(C) Major Private Banks","2018-05-23"
"South Indian Bank Ltd",30535,179022,209557,4504.14,60465,"(C) Major Private Banks","2018-05-30"
"South Indian Bank Ltd",30535,179022,209557,4504.14,60465,"(C) Major Private Banks","2018-06-06"
"South Indian Bank Ltd",30535,179022,209557,4504.14,60465,"(C) Major Private Banks","2018-06-13"
"South Indian Bank Ltd",30535,179022,209557,4504.14,60465,"(C) Major Private Banks","2018-06-20"
"South Indian Bank Ltd",30535,179022,209557,4504.14,60465,"(C) Major Private Banks","2018-06-27"
"South Indian Bank Ltd",30622,180384,211006,4730.08,59893,"(C) Major Private Banks","2018-07-04"
"South Indian Bank Ltd",30622,180384,211006,4730.08,59893,"(C) Major Private Banks","2018-07-18"
"South Indian Bank Ltd",30622,180384,211006,4730.08,59893,"(C) Major Private Banks","2018-08-01"
"South Indian Bank Ltd",30622,180384,211006,4730.08,59893,"(C) Major Private Banks","2018-08-08"
"South Indian Bank Ltd",30622,180384,211006,4730.08,59893,"(C) Major Private Banks","2018-08-15"
"South Indian Bank Ltd",30622,180384,211006,4730.08,59893,"(C) Major Private Banks","2018-08-22"
"South Indian Bank Ltd",30622,180384,211006,4730.08,59893,"(C) Major Private Banks","2018-08-29"
"South Indian Bank Ltd",30622,180384,211006,4730.08,59893,"(C) Major Private Banks","2018-09-05"
"South Indian Bank Ltd",30622,180384,211006,4730.08,59893,"(C) Major Private Banks","2018-09-12"
"South Indian Bank Ltd",30622,180384,211006,4730.08,59893,"(C) Major Private Banks","2018-09-19"
"South Indian Bank Ltd",30622,180384,211006,4730.08,59893,"(C) Major Private Banks","2018-09-26"
"South Indian Bank Ltd",30622,180384,211006,4730.08,59893,"(C) Major Private Banks","2018-10-03"
"South Indian Bank Ltd",30622,180384,211006,4730.08,59893,"(C) Major Private Banks","2018-10-10"
"South Indian Bank Ltd",30622,180384,211006,4730.08,59893,"(C) Major Private Banks","2018-10-17"
"South Indian Bank Ltd",30622,180384,211006,4730.08,59893,"(C) Major Private Banks","2018-10-24"
"South Indian Bank Ltd",30622,180384,211006,4730.08,59893,"(C) Major Private Banks","2018-10-31"
"South Indian Bank Ltd",30622,180384,211006,4730.08,59893,"(C) Major Private Banks","2018-11-07"
"South Indian Bank Ltd",30622,180384,211006,4730.08,59893,"(C) Major Private Banks","2018-11-14"
"South Indian Bank Ltd",30622,180384,211006,4730.08,59893,"(C) Major Private Banks","2018-11-21"
"South Indian Bank Ltd",30622,180384,211006,4730.08,59893,"(C) Major Private Banks","2018-11-28"
"South Indian Bank Ltd",30622,180384,211006,4730.08,59893,"(C) Major Private Banks","2018-12-05"
"South Indian Bank Ltd",30622,180384,211006,4730.08,59893,"(C) Major Private Banks","2018-12-12"
"South Indian Bank Ltd",30622,180384,211006,4730.08,59893,"(C) Major Private Banks","2018-12-19"
"South Indian Bank Ltd",30622,180384,211006,4730.08,59893,"(C) Major Private Banks","2018-12-26"
"South Indian Bank Ltd",30622,180384,211006,4730.08,59893,"(C) Major Private Banks","2019-01-02"
"South Indian Bank Ltd",30622,180384,211006,4730.08,59893,"(C) Major Private Banks","2019-01-16"
"South Indian Bank Ltd",30684,177326,208010,4555.62,72518,"(C) Major Private Banks","2019-01-23"
