Bank Name / Type,Number of Beneficiaries at rural/semiurban centre bank branches,Number of Beneficiaries at urban metro centre bank branches,Number of Total Beneficiaries,Deposits in Accounts(In lac),Number of Rupay Debit Cards issued to beneficiaries,level,date
"State Bank of Bikaner & Jaipur",412558,574101,986659,0,230018,"(A) Public Sector Banks","2014-10-08"
"State Bank of Bikaner & Jaipur",549708,262606,812314,8341.58,252804,"(B) Regional Rural Bank","2014-10-29"
"State Bank of Bikaner & Jaipur",554457,719304,1273761,17200.24,1023704,"(A) Public Sector Banks","2014-11-05"
"State Bank of Bikaner & Jaipur",409617,14896,424513,3417.98,40093,"(B) Regional Rural Bank","2014-11-05"
"State Bank of Bikaner & Jaipur",573165,754685,1327850,18664.09,1106576,"(A) Public Sector Banks","2014-11-12"
"State Bank of Bikaner & Jaipur",435097,15376,450473,3578.44,63271,"(B) Regional Rural Bank","2014-11-12"
"State Bank of Bikaner & Jaipur",605850,783616,1389466,20719.67,1111713,"(A) Public Sector Banks","2014-11-19"
"State Bank of Bikaner & Jaipur",472651,15945,488596,3878.19,391878,"(B) Regional Rural Bank","2014-11-19"
"State Bank of Bikaner & Jaipur",628111,804576,1432687,21573.33,1243893,"(A) Public Sector Banks","2014-11-26"
"State Bank of Bikaner & Jaipur",508738,16406,525144,4054.65,396280,"(B) Regional Rural Bank","2014-11-26"
"State Bank of Bikaner & Jaipur",646206,820790,1466996,22867.43,1385352,"(A) Public Sector Banks","2014-12-03"
"State Bank of Bikaner & Jaipur",539960,16711,556671,4285.11,396747,"(B) Regional Rural Bank","2014-12-03"
"State Bank of Bikaner & Jaipur",675760,845434,1521194,23990.06,1394578,"(A) Public Sector Banks","2014-12-10"
"State Bank of Bikaner & Jaipur",574669,17929,592598,4532.82,573902,"(B) Regional Rural Bank","2014-12-10"
"State Bank of Bikaner & Jaipur",723420,899138,1622558,26125.27,1394578,"(A) Public Sector Banks","2014-12-17"
"State Bank of Bikaner & Jaipur",611376,18660,630036,4643.71,574373,"(B) Regional Rural Bank","2014-12-17"
"State Bank of Bikaner & Jaipur",765902,949983,1715885,28268.48,1394578,"(A) Public Sector Banks","2014-12-24"
"State Bank of Bikaner & Jaipur",642493,19585,662078,4783.3,574640,"(B) Regional Rural Bank","2014-12-24"
"State Bank of Bikaner & Jaipur",845746,1047240,1892986,35977.79,1394578,"(A) Public Sector Banks","2014-12-31"
"State Bank of Bikaner & Jaipur",738814,21862,760676,5094.42,574760,"(B) Regional Rural Bank","2014-12-31"
"State Bank of Bikaner & Jaipur",880661,1090346,1971007,39013.77,1453622,"(A) Public Sector Banks","2015-01-07"
"State Bank of Bikaner & Jaipur",742631,22693,765324,5369.22,574760,"(B) Regional Rural Bank","2015-01-07"
"State Bank of Bikaner & Jaipur",922495,1138598,2061093,41729.47,1532148,"(A) Public Sector Banks","2015-01-14"
"State Bank of Bikaner & Jaipur",748113,23140,771253,5777.15,717649,"(B) Regional Rural Bank","2015-01-14"
"State Bank of Bikaner & Jaipur",976193,1214032,2190225,45506.1,1856032,"(A) Public Sector Banks","2015-01-28"
"State Bank of Bikaner & Jaipur",767926,23541,791467,7013.13,718927,"(B) Regional Rural Bank","2015-01-28"
"State Bank of Bikaner & Jaipur",994225,1236419,2230644,48542.96,1885635,"(A) Public Sector Banks","2015-02-04"
"State Bank of Bikaner & Jaipur",786288,23690,809978,7450.24,719667,"(B) Regional Rural Bank","2015-02-04"
"State Bank of Bikaner & Jaipur",1004771,1246877,2251648,50093.29,1932761,"(A) Public Sector Banks","2015-02-11"
"State Bank of Bikaner & Jaipur",810616,23861,834477,7669.03,720451,"(B) Regional Rural Bank","2015-02-11"
"State Bank of Bikaner & Jaipur",1018446,1258965,2277411,50907.5,1946538,"(A) Public Sector Banks","2015-02-18"
"State Bank of Bikaner & Jaipur",830432,24354,854786,7832.33,721344,"(B) Regional Rural Bank","2015-02-18"
"State Bank of Bikaner & Jaipur",1033669,1270822,2304491,51916.66,1969315,"(A) Public Sector Banks","2015-02-25"
"State Bank of Bikaner & Jaipur",844928,25044,869972,8003.06,722422,"(B) Regional Rural Bank","2015-02-25"
"State Bank of Bikaner & Jaipur",1052205,1285923,2338128,54984.02,2008045,"(A) Public Sector Banks","2015-03-04"
"State Bank of Bikaner & Jaipur",852173,25633,877806,8229.44,862033,"(B) Regional Rural Bank","2015-03-04"
"State Bank of Bikaner & Jaipur",1065297,1295523,2360820,55344.53,2031048,"(A) Public Sector Banks","2015-03-11"
"State Bank of Bikaner & Jaipur",856989,25899,882888,8403.48,862186,"(B) Regional Rural Bank","2015-03-11"
"State Bank of Bikaner & Jaipur",1085520,1309741,2395261,56289.39,2060602,"(A) Public Sector Banks","2015-03-18"
"State Bank of Bikaner & Jaipur",861896,26078,887974,8721.05,862366,"(B) Regional Rural Bank","2015-03-18"
"State Bank of Bikaner & Jaipur",1108356,1326910,2435266,57972.98,2125093,"(A) Public Sector Banks","2015-03-25"
"State Bank of Bikaner & Jaipur",868808,26286,895094,10113.03,862652,"(B) Regional Rural Bank","2015-03-25"
"State Bank of Bikaner & Jaipur",1124726,1337103,2461829,59928.77,2155452,"(A) Public Sector Banks","2015-04-01"
"State Bank of Bikaner & Jaipur",886081,26369,912450,10815.34,862927,"(B) Regional Rural Bank","2015-04-01"
"State Bank of Bikaner & Jaipur",1136951,1347358,2484309,59880.56,2172428,"(A) Public Sector Banks","2015-04-08"
"State Bank of Bikaner & Jaipur",900393,26592,926985,10964.93,863985,"(B) Regional Rural Bank","2015-04-08"
"State Bank of Bikaner & Jaipur",1155458,1359227,2514685,59837.38,2192931,"(A) Public Sector Banks","2015-04-15"
"State Bank of Bikaner & Jaipur",925013,26737,951750,11176.88,864051,"(B) Regional Rural Bank","2015-04-15"
"State Bank of Bikaner & Jaipur",1174835,1372153,2546988,60225.19,2223408,"(A) Public Sector Banks","2015-04-22"
"State Bank of Bikaner & Jaipur",950206,26756,976962,11347.3,864070,"(B) Regional Rural Bank","2015-04-22"
"State Bank of Bikaner & Jaipur",1188546,1381845,2570391,60365.36,2249198,"(A) Public Sector Banks","2015-04-29"
"State Bank of Bikaner & Jaipur",974953,26776,1001729,11533.06,864083,"(B) Regional Rural Bank","2015-04-29"
"State Bank of Bikaner & Jaipur",1202482,1391343,2593825,62190.5,2268140,"(A) Public Sector Banks","2015-05-06"
"State Bank of Bikaner & Jaipur",994544,26915,1021459,11699.86,863927,"(B) Regional Rural Bank","2015-05-06"
"State Bank of Bikaner & Jaipur",1224897,1397543,2622440,63428.6,2290733,"(A) Public Sector Banks","2015-05-13"
"State Bank of Bikaner & Jaipur",1016809,26935,1043744,11837.92,864135,"(B) Regional Rural Bank","2015-05-13"
"State Bank of Bikaner & Jaipur",1242079,1408962,2651041,63745,2319560,"(A) Public Sector Banks","2015-05-20"
"State Bank of Bikaner & Jaipur",1043163,26969,1070132,12035.01,864350,"(B) Regional Rural Bank","2015-05-20"
"State Bank of Bikaner & Jaipur",1267668,1433698,2701366,65751.81,2359882,"(A) Public Sector Banks","2015-06-03"
"State Bank of Bikaner & Jaipur",1088687,27520,1116207,12513.67,864754,"(B) Regional Rural Bank","2015-06-03"
"State Bank of Bikaner & Jaipur",1282647,1446167,2728814,66218.22,2385458,"(A) Public Sector Banks","2015-06-10"
"State Bank of Bikaner & Jaipur",1107176,27729,1134905,12741.06,864954,"(B) Regional Rural Bank","2015-06-10"
"State Bank of Bikaner & Jaipur",1297166,1456450,2753616,66696.29,2411874,"(A) Public Sector Banks","2015-06-17"
"State Bank of Bikaner & Jaipur",1120767,27919,1148686,12904.94,865124,"(B) Regional Rural Bank","2015-06-17"
"State Bank of Bikaner & Jaipur",1312013,1468205,2780218,67173.97,2432711,"(A) Public Sector Banks","2015-06-24"
"State Bank of Bikaner & Jaipur",1139311,28244,1167555,13181.72,865324,"(B) Regional Rural Bank","2015-06-24"
"State Bank of Bikaner & Jaipur",1324768,1478720,2803488,69567.26,2457422,"(A) Public Sector Banks","2015-07-01"
"State Bank of Bikaner & Jaipur",1148951,28447,1177398,13304.36,865480,"(B) Regional Rural Bank","2015-07-01"
"State Bank of Bikaner & Jaipur",1337709,1489685,2827394,69988.19,2476877,"(A) Public Sector Banks","2015-07-08"
"State Bank of Bikaner & Jaipur",1165393,28710,1194103,13522.69,865690,"(B) Regional Rural Bank","2015-07-08"
"State Bank of Bikaner & Jaipur",1349867,1499801,2849668,70237.85,2497148,"(A) Public Sector Banks","2015-07-15"
"State Bank of Bikaner & Jaipur",1187185,28944,1216129,13776.67,865865,"(B) Regional Rural Bank","2015-07-15"
"State Bank of Bikaner & Jaipur",1394076,1478868,2872944,69991.97,2510740,"(A) Public Sector Banks","2015-07-22"
"State Bank of Bikaner & Jaipur",1207010,29270,1236280,14031.74,866050,"(B) Regional Rural Bank","2015-07-22"
"State Bank of Bikaner & Jaipur",1406280,1488432,2894712,70414.42,2533759,"(A) Public Sector Banks","2015-07-29"
"State Bank of Bikaner & Jaipur",1230024,29582,1259606,14303,866235,"(B) Regional Rural Bank","2015-07-29"
"State Bank of Bikaner & Jaipur",1417583,1497384,2914967,71581.44,2553970,"(A) Public Sector Banks","2015-08-05"
"State Bank of Bikaner & Jaipur",1253838,29891,1283729,14753.87,866404,"(B) Regional Rural Bank","2015-08-05"
"State Bank of Bikaner & Jaipur",1439358,1506324,2945682,72098.14,2583553,"(A) Public Sector Banks","2015-08-12"
"State Bank of Bikaner & Jaipur",1278127,30187,1308314,14940.94,866581,"(B) Regional Rural Bank","2015-08-12"
"State Bank of Bikaner & Jaipur",1455330,1516652,2971982,72400.19,2603270,"(A) Public Sector Banks","2015-08-19"
"State Bank of Bikaner & Jaipur",1304044,30643,1334687,15098.53,866744,"(B) Regional Rural Bank","2015-08-19"
"State Bank of Bikaner & Jaipur",1473269,1527086,3000355,72847.09,2628282,"(A) Public Sector Banks","2015-08-26"
"State Bank of Bikaner & Jaipur",1332777,31021,1363798,15305.13,866856,"(B) Regional Rural Bank","2015-08-26"
"State Bank of Bikaner & Jaipur",1487425,1534553,3021978,73687.07,2653614,"(A) Public Sector Banks","2015-09-02"
"State Bank of Bikaner & Jaipur",1347552,31325,1378877,15578.45,866978,"(B) Regional Rural Bank","2015-09-02"
"State Bank of Bikaner & Jaipur",1505965,1545157,3051122,74230.07,2679668,"(A) Public Sector Banks","2015-09-09"
"State Bank of Bikaner & Jaipur",1370041,31655,1401696,15832.25,867146,"(B) Regional Rural Bank","2015-09-09"
"State Bank of Bikaner & Jaipur",1522255,1555777,3078032,74550.66,2703250,"(A) Public Sector Banks","2015-09-16"
"State Bank of Bikaner & Jaipur",1390800,32058,1422858,16026.23,867304,"(B) Regional Rural Bank","2015-09-16"
"State Bank of Bikaner & Jaipur",1539532,1566258,3105790,74828.42,2731552,"(A) Public Sector Banks","2015-09-23"
"State Bank of Bikaner & Jaipur",1413635,32443,1446078,16266.38,867494,"(B) Regional Rural Bank","2015-09-23"
"State Bank of Bikaner & Jaipur",1568678,1585509,3154187,77122.61,2778293,"(A) Public Sector Banks","2015-10-07"
"State Bank of Bikaner & Jaipur",1445218,33174,1478392,16968.93,867699,"(B) Regional Rural Bank","2015-10-07"
"State Bank of Bikaner & Jaipur",1583992,1596621,3180613,77563.64,2795745,"(A) Public Sector Banks","2015-10-14"
"State Bank of Bikaner & Jaipur",1472348,33644,1505992,17179.87,867800,"(B) Regional Rural Bank","2015-10-14"
"State Bank of Bikaner & Jaipur",1595514,1604134,3199648,78238.92,2812954,"(A) Public Sector Banks","2015-10-21"
"State Bank of Bikaner & Jaipur",1492139,33999,1526138,17511.86,867880,"(B) Regional Rural Bank","2015-10-21"
"State Bank of Bikaner & Jaipur",1602139,1610435,3212574,78078.52,2822967,"(A) Public Sector Banks","2015-10-28"
"State Bank of Bikaner & Jaipur",1502734,34273,1537007,17677.86,867944,"(B) Regional Rural Bank","2015-10-28"
"State Bank of Bikaner & Jaipur",1613042,1619325,3232367,79543.15,2839124,"(A) Public Sector Banks","2015-11-04"
"State Bank of Bikaner & Jaipur",1521612,34609,1556221,17938.66,868040,"(B) Regional Rural Bank","2015-11-04"
"State Bank of Bikaner & Jaipur",1620653,1624615,3245268,80234.15,2855103,"(A) Public Sector Banks","2015-11-11"
"State Bank of Bikaner & Jaipur",1560678,35940,1596618,19577.66,868121,"(B) Regional Rural Bank","2015-11-11"
"State Bank of Bikaner & Jaipur",1627302,1629709,3257011,79836.49,2864468,"(A) Public Sector Banks","2015-11-18"
"State Bank of Bikaner & Jaipur",1575402,36277,1611679,19789.27,868235,"(B) Regional Rural Bank","2015-11-18"
"State Bank of Bikaner & Jaipur",1637787,1636083,3273870,79433.52,2879568,"(A) Public Sector Banks","2015-11-25"
"State Bank of Bikaner & Jaipur",1589735,36646,1626381,20006.51,868308,"(B) Regional Rural Bank","2015-11-25"
"State Bank of Bikaner & Jaipur",1648203,1644603,3292806,80998.09,2892384,"(A) Public Sector Banks","2015-12-02"
"State Bank of Bikaner & Jaipur",1605625,37012,1642637,20332.18,868824,"(B) Regional Rural Bank","2015-12-02"
"State Bank of Bikaner & Jaipur",1658216,1651393,3309609,81863.44,2917130,"(A) Public Sector Banks","2015-12-09"
"State Bank of Bikaner & Jaipur",1623880,37328,1661208,20583.57,869064,"(B) Regional Rural Bank","2015-12-09"
"State Bank of Bikaner & Jaipur",1667837,1658721,3326558,82600.47,2934199,"(A) Public Sector Banks","2015-12-16"
"State Bank of Bikaner & Jaipur",1638345,37693,1676038,20832.09,869185,"(B) Regional Rural Bank","2015-12-16"
"State Bank of Bikaner & Jaipur",1675604,1664643,3340247,82813.47,2948195,"(A) Public Sector Banks","2015-12-23"
"State Bank of Bikaner & Jaipur",1652782,37977,1690759,21048.72,869368,"(B) Regional Rural Bank","2015-12-23"
"State Bank of Bikaner & Jaipur",1685655,1672370,3358025,81991.47,2962180,"(A) Public Sector Banks","2015-12-30"
"State Bank of Bikaner & Jaipur",1666942,38284,1705226,21353.39,869592,"(B) Regional Rural Bank","2015-12-30"
"State Bank of Bikaner & Jaipur",1687909,1673560,3361469,85394.94,2969556,"(A) Public Sector Banks","2016-01-06"
"State Bank of Bikaner & Jaipur",1683186,38613,1721799,21671.87,869804,"(B) Regional Rural Bank","2016-01-06"
"State Bank of Bikaner & Jaipur",1687951,1674722,3362673,86348.53,2970594,"(A) Public Sector Banks","2016-01-13"
"State Bank of Bikaner & Jaipur",1698724,39000,1737724,21900.18,870047,"(B) Regional Rural Bank","2016-01-13"
"State Bank of Bikaner & Jaipur",1712154,1691485,3403639,86068.55,3008625,"(A) Public Sector Banks","2016-01-20"
"State Bank of Bikaner & Jaipur",1716005,39334,1755339,22270.92,870325,"(B) Regional Rural Bank","2016-01-20"
"State Bank of Bikaner & Jaipur",1721170,1696801,3417971,85852.47,3021482,"(A) Public Sector Banks","2016-01-27"
"State Bank of Bikaner & Jaipur",1727391,39588,1766979,22521.89,870537,"(B) Regional Rural Bank","2016-01-27"
"State Bank of Bikaner & Jaipur",1740007,1710740,3450747,88098.76,3058240,"(A) Public Sector Banks","2016-02-10"
"State Bank of Bikaner & Jaipur",1756074,40197,1796271,23253.42,871195,"(B) Regional Rural Bank","2016-02-10"
"State Bank of Bikaner & Jaipur",1750644,1718495,3469139,88525.34,3074785,"(A) Public Sector Banks","2016-02-17"
"State Bank of Bikaner & Jaipur",1768488,40505,1808993,23527.43,871450,"(B) Regional Rural Bank","2016-02-17"
"State Bank of Bikaner & Jaipur",1758412,1724237,3482649,89255.73,3086636,"(A) Public Sector Banks","2016-02-24"
"State Bank of Bikaner & Jaipur",1782819,40757,1823576,23879.63,871657,"(B) Regional Rural Bank","2016-02-24"
"State Bank of Bikaner & Jaipur",1765537,1730150,3495687,89127.32,3101390,"(A) Public Sector Banks","2016-03-02"
"State Bank of Bikaner & Jaipur",1794886,40973,1835859,24162.67,871777,"(B) Regional Rural Bank","2016-03-02"
"State Bank of Bikaner & Jaipur",1771789,1735132,3506921,89847.81,3113096,"(A) Public Sector Banks","2016-03-09"
"State Bank of Bikaner & Jaipur",1806598,41226,1847824,24463.32,871983,"(B) Regional Rural Bank","2016-03-09"
"State Bank of Bikaner & Jaipur",1776364,1738775,3515139,89417.33,3120590,"(A) Public Sector Banks","2016-03-16"
"State Bank of Bikaner & Jaipur",1814706,41448,1856154,24672.41,872089,"(B) Regional Rural Bank","2016-03-16"
"State Bank of Bikaner & Jaipur",1779717,1741790,3521507,91568.71,3128138,"(A) Public Sector Banks","2016-03-23"
"State Bank of Bikaner & Jaipur",1822793,41668,1864461,24954.59,917687,"(B) Regional Rural Bank","2016-03-23"
"State Bank of Bikaner & Jaipur",1784145,1744816,3528961,91037.41,3133622,"(A) Public Sector Banks","2016-03-30"
"State Bank of Bikaner & Jaipur",1827163,41770,1868933,25420.5,1034848,"(B) Regional Rural Bank","2016-03-30"
"State Bank of Bikaner & Jaipur",1786784,1747134,3533918,90994.54,3139585,"(A) Public Sector Banks","2016-04-06"
"State Bank of Bikaner & Jaipur",1832404,41930,1874334,25801.1,1076785,"(B) Regional Rural Bank","2016-04-06"
"State Bank of Bikaner & Jaipur",1790080,1749593,3539673,91403.37,3144978,"(A) Public Sector Banks","2016-04-13"
"State Bank of Bikaner & Jaipur",1857606,42120,1899726,27087.16,1110932,"(B) Regional Rural Bank","2016-04-13"
"State Bank of Bikaner & Jaipur",1793361,1751805,3545166,90612.04,3148621,"(A) Public Sector Banks","2016-04-20"
"State Bank of Bikaner & Jaipur",1861545,42240,1903785,27202.72,1119616,"(B) Regional Rural Bank","2016-04-20"
"State Bank of Bikaner & Jaipur",1796718,1754128,3550846,92241.43,3153207,"(A) Public Sector Banks","2016-04-27"
"State Bank of Bikaner & Jaipur",1869761,42429,1912190,27516.9,1170879,"(B) Regional Rural Bank","2016-04-27"
"State Bank of Bikaner & Jaipur",1814977,1767719,3582696,94952.26,3184353,"(A) Public Sector Banks","2016-05-04"
"State Bank of Bikaner & Jaipur",1880466,42688,1923154,27870.65,1187734,"(B) Regional Rural Bank","2016-05-04"
"State Bank of Bikaner & Jaipur",1822469,1772330,3594799,95294.79,3198610,"(A) Public Sector Banks","2016-05-11"
"State Bank of Bikaner & Jaipur",1892532,42956,1935488,28136.88,1192162,"(B) Regional Rural Bank","2016-05-11"
"State Bank of Bikaner & Jaipur",1830923,1779262,3610185,95690.85,3212341,"(A) Public Sector Banks","2016-05-18"
"State Bank of Bikaner & Jaipur",1902859,43163,1946022,28368.3,1207325,"(B) Regional Rural Bank","2016-05-18"
"State Bank of Bikaner & Jaipur",1838573,1784736,3623309,96567.56,3223312,"(A) Public Sector Banks","2016-05-25"
"State Bank of Bikaner & Jaipur",1914410,43403,1957813,28691.91,1225695,"(B) Regional Rural Bank","2016-05-25"
"State Bank of Bikaner & Jaipur",1847087,1790717,3637804,98909.59,3232951,"(A) Public Sector Banks","2016-06-01"
"State Bank of Bikaner & Jaipur",1926050,43658,1969708,28965.77,1238962,"(B) Regional Rural Bank","2016-06-01"
"State Bank of Bikaner & Jaipur",949894,1180151,2130045,43839.76,1781818,"(A) Public Sector Banks","2015-01-21"
"State Bank of Bikaner & Jaipur",752972,23454,776426,6776.61,718290,"(B) Regional Rural Bank","2015-01-21"
"State Bank of Bikaner & Jaipur",1255469,1422784,2678253,63996.63,2343356,"(A) Public Sector Banks","2015-05-27"
"State Bank of Bikaner & Jaipur",1068420,27233,1095653,12340.4,864565,"(B) Regional Rural Bank","2015-05-27"
"State Bank of Bikaner & Jaipur",1550267,1573683,3123950,75726.19,2739265,"(A) Public Sector Banks","2015-09-30"
"State Bank of Bikaner & Jaipur",1426346,32777,1459123,16711.72,867614,"(B) Regional Rural Bank","2015-09-30"
"State Bank of Bikaner & Jaipur",1732835,1704673,3437508,87320.7,3043242,"(A) Public Sector Banks","2016-02-03"
"State Bank of Bikaner & Jaipur",1746009,39963,1785972,22941.99,870901,"(B) Regional Rural Bank","2016-02-03"
"State Bank of Bikaner & Jaipur",1856290,1796734,3653024,98897.86,3249538,"(A) Public Sector Banks","2016-06-08"
"State Bank of Bikaner & Jaipur",1939549,44000,1983549,29362.21,1259832,"(B) Regional Rural Bank","2016-06-08"
"State Bank of Bikaner & Jaipur",1950332,1875322,3825654,107097.39,3264581,"(A) Public Sector Banks","2016-10-12"
"State Bank of Bikaner & Jaipur",2142344,48736,2191080,34463.91,1308019,"(B) Regional Rural Bank","2016-10-12"
"State Bank of Bikaner & Jaipur",2023643,1946607,3970250,155158.58,3496067,"(A) Public Sector Banks","2017-02-15"
"State Bank of Bikaner & Jaipur",2341237,54876,2396113,40632.68,1308924,"(B) Regional Rural Bank","2017-02-15"
"State Bank of Bikaner & Jaipur",1862909,1801492,3664401,99838.29,3256147,"(A) Public Sector Banks","2016-06-15"
"State Bank of Bikaner & Jaipur",1947657,44202,1991859,29624.4,1269299,"(B) Regional Rural Bank","2016-06-15"
"State Bank of Bikaner & Jaipur",1870727,1807569,3678296,99066.32,3262773,"(A) Public Sector Banks","2016-06-22"
"State Bank of Bikaner & Jaipur",1958171,44404,2002575,29988.21,1282153,"(B) Regional Rural Bank","2016-06-22"
"State Bank of Bikaner & Jaipur",1877083,1811894,3688977,97997.2,3268686,"(A) Public Sector Banks","2016-06-29"
"State Bank of Bikaner & Jaipur",1969638,44630,2014268,30290.68,1296357,"(B) Regional Rural Bank","2016-06-29"
"State Bank of Bikaner & Jaipur",1880648,1819759,3700407,102445.64,3268729,"(A) Public Sector Banks","2016-07-06"
"State Bank of Bikaner & Jaipur",1979966,44831,2024797,30522.13,1300304,"(B) Regional Rural Bank","2016-07-06"
"State Bank of Bikaner & Jaipur",1885496,1823435,3708931,103529.06,3268937,"(A) Public Sector Banks","2016-07-13"
"State Bank of Bikaner & Jaipur",1988458,45008,2033466,30818.45,1301213,"(B) Regional Rural Bank","2016-07-13"
"State Bank of Bikaner & Jaipur",1891622,1827906,3719528,102876.67,3268937,"(A) Public Sector Banks","2016-07-20"
"State Bank of Bikaner & Jaipur",2003082,45323,2048405,31137.63,1304401,"(B) Regional Rural Bank","2016-07-20"
"State Bank of Bikaner & Jaipur",1898256,1832850,3731106,103176.31,3267569,"(A) Public Sector Banks","2016-07-27"
"State Bank of Bikaner & Jaipur",2020709,45645,2066354,31530.53,1304632,"(B) Regional Rural Bank","2016-07-27"
"State Bank of Bikaner & Jaipur",1906445,1838688,3745133,103830.03,3267281,"(A) Public Sector Banks","2016-08-03"
"State Bank of Bikaner & Jaipur",2046554,46024,2092578,31981.48,1306006,"(B) Regional Rural Bank","2016-08-03"
"State Bank of Bikaner & Jaipur",1911941,1843915,3755856,104127.92,3267281,"(A) Public Sector Banks","2016-08-10"
"State Bank of Bikaner & Jaipur",2062760,46375,2109135,32245.99,1306647,"(B) Regional Rural Bank","2016-08-10"
"State Bank of Bikaner & Jaipur",1917173,1848538,3765711,103087.09,3266783,"(A) Public Sector Banks","2016-08-17"
"State Bank of Bikaner & Jaipur",2072910,46685,2119595,32437.95,1306832,"(B) Regional Rural Bank","2016-08-17"
"State Bank of Bikaner & Jaipur",1922513,1853369,3775882,102535.58,3266495,"(A) Public Sector Banks","2016-08-24"
"State Bank of Bikaner & Jaipur",2085636,46966,2132602,32686.11,1306976,"(B) Regional Rural Bank","2016-08-24"
"State Bank of Bikaner & Jaipur",1928375,1857525,3785900,102714.58,3266299,"(A) Public Sector Banks","2016-08-31"
"State Bank of Bikaner & Jaipur",2095434,47203,2142637,32925.65,1307221,"(B) Regional Rural Bank","2016-08-31"
"State Bank of Bikaner & Jaipur",1932453,1861444,3793897,104555.9,3266486,"(A) Public Sector Banks","2016-09-07"
"State Bank of Bikaner & Jaipur",2103035,47420,2150455,33122.07,1307281,"(B) Regional Rural Bank","2016-09-07"
"State Bank of Bikaner & Jaipur",1935613,1863789,3799402,106524.28,3265783,"(A) Public Sector Banks","2016-09-14"
"State Bank of Bikaner & Jaipur",2111309,47688,2158997,33269.31,1307371,"(B) Regional Rural Bank","2016-09-14"
"State Bank of Bikaner & Jaipur",1940971,1867826,3808797,106280.49,3265263,"(A) Public Sector Banks","2016-09-21"
"State Bank of Bikaner & Jaipur",2121866,48049,2169915,33757.08,1307472,"(B) Regional Rural Bank","2016-09-21"
"State Bank of Bikaner & Jaipur",1944992,1871423,3816415,105316.42,3264931,"(A) Public Sector Banks","2016-09-28"
"State Bank of Bikaner & Jaipur",2130229,48293,2178522,34021.11,1307510,"(B) Regional Rural Bank","2016-09-28"
"State Bank of Bikaner & Jaipur",1948430,1873934,3822364,107197.19,3264725,"(A) Public Sector Banks","2016-10-05"
"State Bank of Bikaner & Jaipur",2138583,48612,2187195,34349,1307942,"(B) Regional Rural Bank","2016-10-05"
"State Bank of Bikaner & Jaipur",1953947,1877872,3831819,106562.33,3264234,"(A) Public Sector Banks","2016-10-19"
"State Bank of Bikaner & Jaipur",2148379,48916,2197295,34663.93,1308228,"(B) Regional Rural Bank","2016-10-19"
"State Bank of Bikaner & Jaipur",1956882,1880366,3837248,106707.79,3264941,"(A) Public Sector Banks","2016-10-26"
"State Bank of Bikaner & Jaipur",2152909,49094,2202003,34899.92,1308353,"(B) Regional Rural Bank","2016-10-26"
"State Bank of Bikaner & Jaipur",1958286,1881694,3839980,107734.69,3264658,"(A) Public Sector Banks","2016-11-02"
"State Bank of Bikaner & Jaipur",2156808,49193,2206001,35091.02,1308374,"(B) Regional Rural Bank","2016-11-02"
"State Bank of Bikaner & Jaipur",1960401,1883568,3843969,107987.81,3264341,"(A) Public Sector Banks","2016-11-09"
"State Bank of Bikaner & Jaipur",2162208,49404,2211612,35276.94,1308412,"(B) Regional Rural Bank","2016-11-09"
"State Bank of Bikaner & Jaipur",1960682,1884168,3844850,151779.78,3264125,"(A) Public Sector Banks","2016-11-16"
"State Bank of Bikaner & Jaipur",2167086,49778,2216864,36200.94,1308594,"(B) Regional Rural Bank","2016-11-16"
"State Bank of Bikaner & Jaipur",1962245,1886496,3848741,171495.58,3263933,"(A) Public Sector Banks","2016-11-23"
"State Bank of Bikaner & Jaipur",2178715,50366,2229081,37194.46,1308594,"(B) Regional Rural Bank","2016-11-23"
"State Bank of Bikaner & Jaipur",1964629,1886120,3850749,179311.03,3266361,"(A) Public Sector Banks","2016-11-30"
"State Bank of Bikaner & Jaipur",2191433,50845,2242278,37686.91,1308594,"(B) Regional Rural Bank","2016-11-30"
"State Bank of Bikaner & Jaipur",1976589,1896604,3873193,180060.38,3279105,"(A) Public Sector Banks","2016-12-07"
"State Bank of Bikaner & Jaipur",2209211,51337,2260548,38096.59,1308594,"(B) Regional Rural Bank","2016-12-07"
"State Bank of Bikaner & Jaipur",1988697,1910675,3899372,179691.82,3462779,"(A) Public Sector Banks","2016-12-14"
"State Bank of Bikaner & Jaipur",2222692,51623,2274315,38377.41,1308594,"(B) Regional Rural Bank","2016-12-14"
"State Bank of Bikaner & Jaipur",1991608,1916577,3908185,177705.43,3460375,"(A) Public Sector Banks","2016-12-21"
"State Bank of Bikaner & Jaipur",2237002,51940,2288942,38615.82,1308594,"(B) Regional Rural Bank","2016-12-21"
"State Bank of Bikaner & Jaipur",1993705,1918889,3912594,176528.13,3474751,"(A) Public Sector Banks","2016-12-28"
"State Bank of Bikaner & Jaipur",2251324,52495,2303819,38926.62,1308594,"(B) Regional Rural Bank","2016-12-28"
"State Bank of Bikaner & Jaipur",1994123,1921292,3915415,174166.77,3473823,"(A) Public Sector Banks","2017-01-04"
"State Bank of Bikaner & Jaipur",2267363,52845,2320208,39161.72,1308594,"(B) Regional Rural Bank","2017-01-04"
"State Bank of Bikaner & Jaipur",1995850,1922982,3918832,170162.4,3472465,"(A) Public Sector Banks","2017-01-11"
"State Bank of Bikaner & Jaipur",2281945,53330,2335275,39456.81,1308594,"(B) Regional Rural Bank","2017-01-11"
"State Bank of Bikaner & Jaipur",1997424,1924023,3921447,165937.17,3459129,"(A) Public Sector Banks","2017-01-18"
"State Bank of Bikaner & Jaipur",2295160,53655,2348815,39659.11,1308594,"(B) Regional Rural Bank","2017-01-18"
"State Bank of Bikaner & Jaipur",2001781,1928707,3930488,162436.64,3476692,"(A) Public Sector Banks","2017-01-25"
"State Bank of Bikaner & Jaipur",2308833,54027,2362860,39997.69,1308724,"(B) Regional Rural Bank","2017-01-25"
"State Bank of Bikaner & Jaipur",2010477,1935359,3945836,161110.56,3483020,"(A) Public Sector Banks","2017-02-01"
"State Bank of Bikaner & Jaipur",2317655,54224,2371879,40181.93,1308778,"(B) Regional Rural Bank","2017-02-01"
"State Bank of Bikaner & Jaipur",2017997,1940987,3958984,158194.86,3492682,"(A) Public Sector Banks","2017-02-08"
"State Bank of Bikaner & Jaipur",2329103,54516,2383619,40369.01,1308877,"(B) Regional Rural Bank","2017-02-08"
"State Bank of Bikaner & Jaipur",2028988,1951320,3980308,151470.48,3502592,"(A) Public Sector Banks","2017-02-22"
"State Bank of Bikaner & Jaipur",2351793,55218,2407011,40943.47,1308976,"(B) Regional Rural Bank","2017-02-22"
"State Bank of Bikaner & Jaipur",2032967,1954145,3987112,150111.96,3519328,"(A) Public Sector Banks","2017-03-01"
"State Bank of Bikaner & Jaipur",2361024,55505,2416529,41284.72,1309066,"(B) Regional Rural Bank","2017-03-01"
"State Bank of Bikaner & Jaipur",2036898,1957876,3994774,149266.46,3520185,"(A) Public Sector Banks","2017-03-08"
"State Bank of Bikaner & Jaipur",2371064,55805,2426869,41590.8,1309179,"(B) Regional Rural Bank","2017-03-08"
"State Bank of Bikaner & Jaipur",2039316,1960036,3999352,151777.88,3529932,"(A) Public Sector Banks","2017-03-15"
"State Bank of Bikaner & Jaipur",2109928,55825,2165753,69804.26,1309249,"(B) Regional Rural Bank","2017-03-15"
"State Bank of Bikaner & Jaipur",2043139,1963307,4006446,148340.04,3810082,"(A) Public Sector Banks","2017-03-22"
"State Bank of Bikaner & Jaipur",2115065,55885,2170950,67935.31,1309249,"(B) Regional Rural Bank","2017-03-22"
"State Bank of Bikaner & Jaipur",2046417,1965643,4012060,147484.42,3811738,"(A) Public Sector Banks","2017-03-29"
"State Bank of Bikaner & Jaipur",2118618,56236,2174854,66082.24,1309375,"(B) Regional Rural Bank","2017-03-29"
"State Bank of Bikaner & Jaipur",2047675,1966948,4014623,146770.64,3810833,"(A) Public Sector Banks","2017-04-05"
"State Bank of Bikaner & Jaipur",2118618,56236,2174854,66082.24,1309375,"(B) Regional Rural Bank","2017-04-05"
