Bank Name / Type,Number of Beneficiaries at rural/semiurban centre bank branches,Number of Beneficiaries at urban metro centre bank branches,Number of Total Beneficiaries,Deposits in Accounts(In lac),Number of Rupay Debit Cards issued to beneficiaries,level,date
"State Bank of Mysore",333888,114619,448507,228.34,305440,"(A) Public Sector Banks","2014-10-08"
"State Bank of Mysore",354264,119991,474255,229.87,338687,"(A) Public Sector Banks","2014-10-15"
"State Bank of Mysore",115257,46927,162184,0,127321,"(B) Regional Rural Bank","2014-10-15"
"State Bank of Mysore",370845,124230,495075,241.99,371268,"(A) Public Sector Banks","2014-10-22"
"State Bank of Mysore",391366,129938,521304,270.33,500343,"(A) Public Sector Banks","2014-11-05"
"State Bank of Mysore",173608,56006,229614,0.99,148000,"(B) Regional Rural Bank","2014-11-05"
"State Bank of Mysore",400319,132085,532404,269.82,503180,"(A) Public Sector Banks","2014-11-12"
"State Bank of Mysore",181337,58027,239364,1.01,148000,"(B) Regional Rural Bank","2014-11-12"
"State Bank of Mysore",414234,137668,551902,276.61,518958,"(A) Public Sector Banks","2014-11-19"
"State Bank of Mysore",175917,75085,251002,1.14,155953,"(B) Regional Rural Bank","2014-11-19"
"State Bank of Mysore",432759,145391,578150,280.15,541634,"(A) Public Sector Banks","2014-11-26"
"State Bank of Mysore",193220,71265,264485,1.31,172169,"(B) Regional Rural Bank","2014-11-26"
"State Bank of Mysore",444272,152690,596962,282.97,561047,"(A) Public Sector Banks","2014-12-03"
"State Bank of Mysore",203764,73488,277252,1404.77,172544,"(B) Regional Rural Bank","2014-12-03"
"State Bank of Mysore",459898,157341,617239,287.15,575742,"(A) Public Sector Banks","2014-12-10"
"State Bank of Mysore",210274,74171,284445,1524.15,174456,"(B) Regional Rural Bank","2014-12-10"
"State Bank of Mysore",477413,160864,638277,292.98,594744,"(A) Public Sector Banks","2014-12-17"
"State Bank of Mysore",226077,74836,300913,1804.75,190042,"(B) Regional Rural Bank","2014-12-17"
"State Bank of Mysore",487654,165409,653063,298.31,612016,"(A) Public Sector Banks","2014-12-24"
"State Bank of Mysore",241163,74836,315999,1828.92,197554,"(B) Regional Rural Bank","2014-12-24"
"State Bank of Mysore",492534,168506,661040,303.09,621243,"(A) Public Sector Banks","2014-12-31"
"State Bank of Mysore",248655,74836,323491,1789.38,208766,"(B) Regional Rural Bank","2014-12-31"
"State Bank of Mysore",505268,172195,677463,319.84,636362,"(A) Public Sector Banks","2015-01-07"
"State Bank of Mysore",252093,74883,326976,1472.68,284833,"(B) Regional Rural Bank","2015-01-07"
"State Bank of Mysore",524399,175174,699573,329.36,658110,"(A) Public Sector Banks","2015-01-14"
"State Bank of Mysore",253327,74883,328210,1372.68,300245,"(B) Regional Rural Bank","2015-01-14"
"State Bank of Mysore",556309,188553,744862,334.8,701635,"(A) Public Sector Banks","2015-01-28"
"State Bank of Mysore",263121,77495,340616,1227.19,300645,"(B) Regional Rural Bank","2015-01-28"
"State Bank of Mysore",575103,196010,771113,337.9,726142,"(A) Public Sector Banks","2015-02-04"
"State Bank of Mysore",267068,77951,345019,1232.19,300745,"(B) Regional Rural Bank","2015-02-04"
"State Bank of Mysore",581975,197642,779617,339.53,735103,"(A) Public Sector Banks","2015-02-11"
"State Bank of Mysore",269148,78403,347551,1232.19,300845,"(B) Regional Rural Bank","2015-02-11"
"State Bank of Mysore",585666,198972,784638,745.1,739650,"(A) Public Sector Banks","2015-02-18"
"State Bank of Mysore",269911,78695,348606,1232.19,300845,"(B) Regional Rural Bank","2015-02-18"
"State Bank of Mysore",589819,199897,789716,3274.49,744308,"(A) Public Sector Banks","2015-02-25"
"State Bank of Mysore",270411,78949,349360,1244.36,300945,"(B) Regional Rural Bank","2015-02-25"
"State Bank of Mysore",592033,201569,793602,3401.07,747856,"(A) Public Sector Banks","2015-03-04"
"State Bank of Mysore",270783,79086,349869,1244.36,301015,"(B) Regional Rural Bank","2015-03-04"
"State Bank of Mysore",595138,201951,797089,3496.6,750856,"(A) Public Sector Banks","2015-03-11"
"State Bank of Mysore",271198,79203,350401,1303.96,301535,"(B) Regional Rural Bank","2015-03-11"
"State Bank of Mysore",598114,202157,800271,3620.27,753633,"(A) Public Sector Banks","2015-03-18"
"State Bank of Mysore",271612,79296,350908,1303.96,302480,"(B) Regional Rural Bank","2015-03-18"
"State Bank of Mysore",599886,202545,802431,3710.51,755420,"(A) Public Sector Banks","2015-03-25"
"State Bank of Mysore",271917,79390,351307,1313.96,303385,"(B) Regional Rural Bank","2015-03-25"
"State Bank of Mysore",600512,206850,807362,3730.9,760190,"(A) Public Sector Banks","2015-04-01"
"State Bank of Mysore",272313,79529,351842,1314.53,304450,"(B) Regional Rural Bank","2015-04-01"
"State Bank of Mysore",600935,208618,809553,3884.09,762170,"(A) Public Sector Banks","2015-04-08"
"State Bank of Mysore",272511,79609,352120,1314.53,304990,"(B) Regional Rural Bank","2015-04-08"
"State Bank of Mysore",601996,208954,810950,4017.51,763430,"(A) Public Sector Banks","2015-04-15"
"State Bank of Mysore",272726,79699,352425,1314.53,305660,"(B) Regional Rural Bank","2015-04-15"
"State Bank of Mysore",603045,210919,813964,4090.95,766248,"(A) Public Sector Banks","2015-04-22"
"State Bank of Mysore",272898,79759,352657,1314.53,306200,"(B) Regional Rural Bank","2015-04-22"
"State Bank of Mysore",603838,211029,814867,4124.57,766999,"(A) Public Sector Banks","2015-04-29"
"State Bank of Mysore",273076,79838,352914,1314.53,307118,"(B) Regional Rural Bank","2015-04-29"
"State Bank of Mysore",604068,211121,815189,4159.82,767257,"(A) Public Sector Banks","2015-05-06"
"State Bank of Mysore",273204,79918,353122,1314.53,307635,"(B) Regional Rural Bank","2015-05-06"
"State Bank of Mysore",604944,211218,816162,4296.78,768125,"(A) Public Sector Banks","2015-05-13"
"State Bank of Mysore",273378,82433,355811,1314.53,308443,"(B) Regional Rural Bank","2015-05-13"
"State Bank of Mysore",605570,211606,817176,4295.4,768958,"(A) Public Sector Banks","2015-05-20"
"State Bank of Mysore",274039,82088,356127,1408.48,309195,"(B) Regional Rural Bank","2015-05-20"
"State Bank of Mysore",608313,212187,820500,4417.26,771678,"(A) Public Sector Banks","2015-06-03"
"State Bank of Mysore",274390,82323,356713,1409.92,310959,"(B) Regional Rural Bank","2015-06-03"
"State Bank of Mysore",608313,212187,820500,4417.26,771678,"(A) Public Sector Banks","2015-06-10"
"State Bank of Mysore",274543,82426,356969,1410.84,311819,"(B) Regional Rural Bank","2015-06-10"
"State Bank of Mysore",609264,212326,821590,4573.74,772284,"(A) Public Sector Banks","2015-06-17"
"State Bank of Mysore",274718,82535,357253,1411.21,312641,"(B) Regional Rural Bank","2015-06-17"
"State Bank of Mysore",610940,212438,823378,4602.78,773237,"(A) Public Sector Banks","2015-06-24"
"State Bank of Mysore",274897,82636,357533,1412.71,313388,"(B) Regional Rural Bank","2015-06-24"
"State Bank of Mysore",613871,212698,826569,4747.09,773965,"(A) Public Sector Banks","2015-07-01"
"State Bank of Mysore",275048,82723,357771,1413.36,313984,"(B) Regional Rural Bank","2015-07-01"
"State Bank of Mysore",618940,212960,831900,4923.09,775219,"(A) Public Sector Banks","2015-07-08"
"State Bank of Mysore",275185,82813,357998,1414.55,314626,"(B) Regional Rural Bank","2015-07-08"
"State Bank of Mysore",624382,213489,837871,5022.39,776123,"(A) Public Sector Banks","2015-07-15"
"State Bank of Mysore",275303,82896,358199,1415.07,315150,"(B) Regional Rural Bank","2015-07-15"
"State Bank of Mysore",628454,213753,842207,5016.08,776967,"(A) Public Sector Banks","2015-07-22"
"State Bank of Mysore",275420,82958,358378,1416.12,315376,"(B) Regional Rural Bank","2015-07-22"
"State Bank of Mysore",633195,214534,847729,5046.1,778231,"(A) Public Sector Banks","2015-07-29"
"State Bank of Mysore",275548,83041,358589,1416.35,315535,"(B) Regional Rural Bank","2015-07-29"
"State Bank of Mysore",637048,215327,852375,5112.36,778988,"(A) Public Sector Banks","2015-08-05"
"State Bank of Mysore",275602,83075,358677,1416.6,315542,"(B) Regional Rural Bank","2015-08-05"
"State Bank of Mysore",639512,215852,855364,5355.64,779819,"(A) Public Sector Banks","2015-08-12"
"State Bank of Mysore",275660,83112,358772,1416.97,315546,"(B) Regional Rural Bank","2015-08-12"
"State Bank of Mysore",641567,215941,857508,5263.15,780718,"(A) Public Sector Banks","2015-08-19"
"State Bank of Mysore",275680,83125,358805,1416.97,315549,"(B) Regional Rural Bank","2015-08-19"
"State Bank of Mysore",644171,216259,860430,406.99,782319,"(A) Public Sector Banks","2015-08-26"
"State Bank of Mysore",275786,83188,358974,1417.08,315559,"(B) Regional Rural Bank","2015-08-26"
"State Bank of Mysore",645849,216477,862326,413.26,782936,"(A) Public Sector Banks","2015-09-02"
"State Bank of Mysore",275851,83221,359072,1417.22,315563,"(B) Regional Rural Bank","2015-09-02"
"State Bank of Mysore",647656,216610,864266,5432.21,783735,"(A) Public Sector Banks","2015-09-09"
"State Bank of Mysore",275907,83251,359158,1417.49,315567,"(B) Regional Rural Bank","2015-09-09"
"State Bank of Mysore",650000,216682,866682,5395.7,785440,"(A) Public Sector Banks","2015-09-16"
"State Bank of Mysore",275953,83276,359229,1417.63,315573,"(B) Regional Rural Bank","2015-09-16"
"State Bank of Mysore",651044,216911,867955,5432.21,783735,"(A) Public Sector Banks","2015-09-23"
"State Bank of Mysore",275993,83301,359294,1417.75,315576,"(B) Regional Rural Bank","2015-09-23"
"State Bank of Mysore",656140,217055,873195,5617.76,790690,"(A) Public Sector Banks","2015-10-07"
"State Bank of Mysore",276082,83350,359432,1417.97,315589,"(B) Regional Rural Bank","2015-10-07"
"State Bank of Mysore",656586,217083,873669,5639.1,790979,"(A) Public Sector Banks","2015-10-14"
"State Bank of Mysore",276127,83374,359501,1418.17,315597,"(B) Regional Rural Bank","2015-10-14"
"State Bank of Mysore",657672,217144,874816,5657.26,791400,"(A) Public Sector Banks","2015-10-21"
"State Bank of Mysore",276189,83405,359594,1419.5,315613,"(B) Regional Rural Bank","2015-10-21"
"State Bank of Mysore",660230,217151,877381,5675.16,791684,"(A) Public Sector Banks","2015-10-28"
"State Bank of Mysore",276209,83417,359626,1419.69,315619,"(B) Regional Rural Bank","2015-10-28"
"State Bank of Mysore",661279,217279,878558,5815.28,792310,"(A) Public Sector Banks","2015-11-04"
"State Bank of Mysore",276260,83446,359706,1420.14,315631,"(B) Regional Rural Bank","2015-11-04"
"State Bank of Mysore",665829,217279,883108,5815.28,792310,"(A) Public Sector Banks","2015-11-11"
"State Bank of Mysore",276322,83485,359807,1421.29,315646,"(B) Regional Rural Bank","2015-11-11"
"State Bank of Mysore",666831,217329,884160,5847.31,793349,"(A) Public Sector Banks","2015-11-18"
"State Bank of Mysore",276392,83520,359912,1422.42,315659,"(B) Regional Rural Bank","2015-11-18"
"State Bank of Mysore",667316,217349,884665,5887.09,793883,"(A) Public Sector Banks","2015-11-25"
"State Bank of Mysore",276511,83567,360078,1423.96,315683,"(B) Regional Rural Bank","2015-11-25"
"State Bank of Mysore",668250,217371,885621,5915.85,794529,"(A) Public Sector Banks","2015-12-02"
"State Bank of Mysore",276606,83602,360208,1424.68,315699,"(B) Regional Rural Bank","2015-12-02"
"State Bank of Mysore",668767,217421,886188,6071.99,795041,"(A) Public Sector Banks","2015-12-09"
"State Bank of Mysore",276706,83642,360348,1425.95,315731,"(B) Regional Rural Bank","2015-12-09"
"State Bank of Mysore",669239,217452,886691,6153.42,795345,"(A) Public Sector Banks","2015-12-16"
"State Bank of Mysore",276812,83682,360494,1426.36,315755,"(B) Regional Rural Bank","2015-12-16"
"State Bank of Mysore",669506,217495,887001,6173.23,795836,"(A) Public Sector Banks","2015-12-23"
"State Bank of Mysore",276884,83713,360597,1426.57,315773,"(B) Regional Rural Bank","2015-12-23"
"State Bank of Mysore",670233,217517,887750,6177.38,796347,"(A) Public Sector Banks","2015-12-30"
"State Bank of Mysore",276941,83740,360681,1426.72,315786,"(B) Regional Rural Bank","2015-12-30"
"State Bank of Mysore",670275,217535,887810,6387.67,796749,"(A) Public Sector Banks","2016-01-06"
"State Bank of Mysore",277025,83777,360802,1427.28,315807,"(B) Regional Rural Bank","2016-01-06"
"State Bank of Mysore",670142,217743,887885,6523.68,797532,"(A) Public Sector Banks","2016-01-13"
"State Bank of Mysore",277082,83803,360885,1427.77,315807,"(B) Regional Rural Bank","2016-01-13"
"State Bank of Mysore",670277,217625,887902,6607.35,797532,"(A) Public Sector Banks","2016-01-20"
"State Bank of Mysore",277125,83826,360951,1428.03,315807,"(B) Regional Rural Bank","2016-01-20"
"State Bank of Mysore",671086,217656,888742,6604.71,797532,"(A) Public Sector Banks","2016-01-27"
"State Bank of Mysore",277166,83847,361013,1428.31,315807,"(B) Regional Rural Bank","2016-01-27"
"State Bank of Mysore",688180,217803,905983,7022.99,797532,"(A) Public Sector Banks","2016-02-10"
"State Bank of Mysore",277305,83907,361212,1429.15,315807,"(B) Regional Rural Bank","2016-02-10"
"State Bank of Mysore",690659,217873,908532,7535.15,797532,"(A) Public Sector Banks","2016-02-17"
"State Bank of Mysore",277379,83940,361319,1429.24,315807,"(B) Regional Rural Bank","2016-02-17"
"State Bank of Mysore",691777,217947,909724,7614.87,797532,"(A) Public Sector Banks","2016-02-24"
"State Bank of Mysore",277471,83971,361442,1429.54,315807,"(B) Regional Rural Bank","2016-02-24"
"State Bank of Mysore",693943,218054,911997,7713.83,797532,"(A) Public Sector Banks","2016-03-02"
"State Bank of Mysore",277535,83996,361531,1429.77,315807,"(B) Regional Rural Bank","2016-03-02"
"State Bank of Mysore",697088,218088,915176,7816.09,797532,"(A) Public Sector Banks","2016-03-09"
"State Bank of Mysore",277574,84013,361587,1430.03,315811,"(B) Regional Rural Bank","2016-03-09"
"State Bank of Mysore",697088,218088,915176,9071.05,800430,"(A) Public Sector Banks","2016-03-16"
"State Bank of Mysore",277626,84033,361659,1430.4,315819,"(B) Regional Rural Bank","2016-03-16"
"State Bank of Mysore",713637,218237,931874,8102.53,807547,"(A) Public Sector Banks","2016-03-23"
"State Bank of Mysore",277700,84059,361759,1430.8,315828,"(B) Regional Rural Bank","2016-03-23"
"State Bank of Mysore",718014,218264,936278,8141.82,807547,"(A) Public Sector Banks","2016-03-30"
"State Bank of Mysore",277736,84077,361813,1431.03,315859,"(B) Regional Rural Bank","2016-03-30"
"State Bank of Mysore",719728,218272,938000,8222.41,807547,"(A) Public Sector Banks","2016-04-06"
"State Bank of Mysore",277768,84093,361861,1431.24,315898,"(B) Regional Rural Bank","2016-04-06"
"State Bank of Mysore",722511,218308,940819,8170.67,807547,"(A) Public Sector Banks","2016-04-13"
"State Bank of Mysore",277817,84116,361933,1431.73,315945,"(B) Regional Rural Bank","2016-04-13"
"State Bank of Mysore",726434,218331,944765,8113.25,807547,"(A) Public Sector Banks","2016-04-20"
"State Bank of Mysore",277863,84135,361998,1431.98,315986,"(B) Regional Rural Bank","2016-04-20"
"State Bank of Mysore",730066,218346,948412,8251.93,807547,"(A) Public Sector Banks","2016-04-27"
"State Bank of Mysore",277907,84155,362062,1432.41,316014,"(B) Regional Rural Bank","2016-04-27"
"State Bank of Mysore",737890,218391,956281,8301.11,807547,"(A) Public Sector Banks","2016-05-04"
"State Bank of Mysore",277977,84181,362158,1432.82,316064,"(B) Regional Rural Bank","2016-05-04"
"State Bank of Mysore",739351,218446,957797,8275.3,807547,"(A) Public Sector Banks","2016-05-11"
"State Bank of Mysore",278017,84197,362214,1433.1,316156,"(B) Regional Rural Bank","2016-05-11"
"State Bank of Mysore",739927,218491,958418,8320.2,807547,"(A) Public Sector Banks","2016-05-18"
"State Bank of Mysore",278067,84221,362288,1433.48,316248,"(B) Regional Rural Bank","2016-05-18"
"State Bank of Mysore",748474,218531,967005,8342.69,809515,"(A) Public Sector Banks","2016-05-25"
"State Bank of Mysore",278108,84238,362346,1433.89,316321,"(B) Regional Rural Bank","2016-05-25"
"State Bank of Mysore",751105,218584,969689,8302.5,811739,"(A) Public Sector Banks","2016-06-01"
"State Bank of Mysore",278147,84259,362406,1434.71,316374,"(B) Regional Rural Bank","2016-06-01"
"State Bank of Mysore",538101,181899,720000,332.71,677572,"(A) Public Sector Banks","2015-01-21"
"State Bank of Mysore",254823,75169,329992,1222.68,300545,"(B) Regional Rural Bank","2015-01-21"
"State Bank of Mysore",606110,212094,818204,4356.6,769840,"(A) Public Sector Banks","2015-05-27"
"State Bank of Mysore",274216,82217,356433,1409.16,310036,"(B) Regional Rural Bank","2015-05-27"
"State Bank of Mysore",655623,216992,872615,5505.03,790402,"(A) Public Sector Banks","2015-09-30"
"State Bank of Mysore",276034,83321,359355,1417.79,315583,"(B) Regional Rural Bank","2015-09-30"
"State Bank of Mysore",686507,217738,904245,6793.93,797532,"(A) Public Sector Banks","2016-02-03"
"State Bank of Mysore",277228,83878,361106,1428.68,315807,"(B) Regional Rural Bank","2016-02-03"
"State Bank of Mysore",752615,218695,971310,8495.94,812538,"(A) Public Sector Banks","2016-06-08"
"State Bank of Mysore",278195,84277,362472,1435.42,316411,"(B) Regional Rural Bank","2016-06-08"
"State Bank of Mysore",804276,222533,1026809,9576.42,845488,"(A) Public Sector Banks","2016-10-12"
"State Bank of Mysore",279018,84609,363627,1443.23,316743,"(B) Regional Rural Bank","2016-10-12"
"State Bank of Mysore",868184,229642,1097826,14254.81,898139,"(A) Public Sector Banks","2017-02-15"
"State Bank of Mysore",291024,76790,367814,13058.13,308564,"(B) Regional Rural Bank","2017-02-15"
"State Bank of Mysore",753775,218793,972568,8609.98,813116,"(A) Public Sector Banks","2016-06-15"
"State Bank of Mysore",278236,84293,362529,1436.07,316475,"(B) Regional Rural Bank","2016-06-15"
"State Bank of Mysore",755552,218895,974447,8583.06,813944,"(A) Public Sector Banks","2016-06-22"
"State Bank of Mysore",278291,84316,362607,1436.65,316557,"(B) Regional Rural Bank","2016-06-22"
"State Bank of Mysore",757442,219062,976504,8558.82,815126,"(A) Public Sector Banks","2016-06-29"
"State Bank of Mysore",278338,84331,362669,1437.01,316607,"(B) Regional Rural Bank","2016-06-29"
"State Bank of Mysore",758984,219195,978179,8867.97,815745,"(A) Public Sector Banks","2016-07-06"
"State Bank of Mysore",278407,84358,362765,1437.47,316573,"(B) Regional Rural Bank","2016-07-06"
"State Bank of Mysore",760905,219351,980256,8834.75,816968,"(A) Public Sector Banks","2016-07-13"
"State Bank of Mysore",278443,84373,362816,1437.87,316646,"(B) Regional Rural Bank","2016-07-13"
"State Bank of Mysore",764415,219628,984043,8935.75,818941,"(A) Public Sector Banks","2016-07-20"
"State Bank of Mysore",278498,84400,362898,1438.63,316672,"(B) Regional Rural Bank","2016-07-20"
"State Bank of Mysore",769757,219878,989635,8897.14,822596,"(A) Public Sector Banks","2016-07-27"
"State Bank of Mysore",278545,84423,362968,1439.01,316704,"(B) Regional Rural Bank","2016-07-27"
"State Bank of Mysore",774633,220073,994706,8914.4,826480,"(A) Public Sector Banks","2016-08-03"
"State Bank of Mysore",278587,84441,363028,1439.25,316704,"(B) Regional Rural Bank","2016-08-03"
"State Bank of Mysore",781482,220394,1001876,9015.16,831210,"(A) Public Sector Banks","2016-08-10"
"State Bank of Mysore",278639,84464,363103,1439.5,316704,"(B) Regional Rural Bank","2016-08-10"
"State Bank of Mysore",783520,220555,1004075,8892.07,832500,"(A) Public Sector Banks","2016-08-17"
"State Bank of Mysore",278685,84481,363166,1439.62,316704,"(B) Regional Rural Bank","2016-08-17"
"State Bank of Mysore",788516,220872,1009388,9023.8,836101,"(A) Public Sector Banks","2016-08-24"
"State Bank of Mysore",278730,84501,363231,1439.95,316714,"(B) Regional Rural Bank","2016-08-24"
"State Bank of Mysore",790218,221091,1011309,8987.3,836857,"(A) Public Sector Banks","2016-08-31"
"State Bank of Mysore",278764,84514,363278,1440.46,316726,"(B) Regional Rural Bank","2016-08-31"
"State Bank of Mysore",791639,221206,1012845,9223.35,837514,"(A) Public Sector Banks","2016-09-07"
"State Bank of Mysore",278809,84529,363338,1440.7,316727,"(B) Regional Rural Bank","2016-09-07"
"State Bank of Mysore",791639,221206,1012845,9258.45,837514,"(A) Public Sector Banks","2016-09-14"
"State Bank of Mysore",278826,84536,363362,1440.91,316733,"(B) Regional Rural Bank","2016-09-14"
"State Bank of Mysore",798154,221693,1019847,9288.03,842149,"(A) Public Sector Banks","2016-09-21"
"State Bank of Mysore",278889,84560,363449,1441.62,316743,"(B) Regional Rural Bank","2016-09-21"
"State Bank of Mysore",799111,221810,1020921,9340.72,842603,"(A) Public Sector Banks","2016-09-28"
"State Bank of Mysore",278918,84571,363489,1442.17,316743,"(B) Regional Rural Bank","2016-09-28"
"State Bank of Mysore",804276,222533,1026809,9537.59,845488,"(A) Public Sector Banks","2016-10-05"
"State Bank of Mysore",279004,84601,363605,1443.02,316743,"(B) Regional Rural Bank","2016-10-05"
"State Bank of Mysore",806448,222686,1029134,9712.31,846748,"(A) Public Sector Banks","2016-10-19"
"State Bank of Mysore",279082,84625,363707,1443.61,316752,"(B) Regional Rural Bank","2016-10-19"
"State Bank of Mysore",807102,222758,1029860,9742.05,846800,"(A) Public Sector Banks","2016-10-26"
"State Bank of Mysore",279140,84648,363788,1444.18,316752,"(B) Regional Rural Bank","2016-10-26"
"State Bank of Mysore",807102,222758,1029860,9700.07,846800,"(A) Public Sector Banks","2016-11-02"
"State Bank of Mysore",279181,84663,363844,1444.71,316768,"(B) Regional Rural Bank","2016-11-02"
"State Bank of Mysore",810403,222889,1033292,9926.18,849293,"(A) Public Sector Banks","2016-11-09"
"State Bank of Mysore",279238,84684,363922,1445.32,316778,"(B) Regional Rural Bank","2016-11-09"
"State Bank of Mysore",810520,222914,1033434,16923.28,849375,"(A) Public Sector Banks","2016-11-16"
"State Bank of Mysore",279380,84759,364139,2754.29,316778,"(B) Regional Rural Bank","2016-11-16"
"State Bank of Mysore",811846,222981,1034827,16841.59,908188,"(A) Public Sector Banks","2016-11-23"
"State Bank of Mysore",281109,85321,366430,18763.05,316778,"(B) Regional Rural Bank","2016-11-23"
"State Bank of Mysore",822033,223301,1045334,16042.72,855967,"(A) Public Sector Banks","2016-11-30"
"State Bank of Mysore",280977,85232,366209,18053.68,316628,"(B) Regional Rural Bank","2016-11-30"
"State Bank of Mysore",820607,223930,1044537,16079.94,858874,"(A) Public Sector Banks","2016-12-07"
"State Bank of Mysore",280879,85091,365970,17403.71,316158,"(B) Regional Rural Bank","2016-12-07"
"State Bank of Mysore",823126,224492,1047618,15853.91,860836,"(A) Public Sector Banks","2016-12-14"
"State Bank of Mysore",280778,85115,365893,16771.03,315953,"(B) Regional Rural Bank","2016-12-14"
"State Bank of Mysore",831834,225530,1057364,15440.82,865421,"(A) Public Sector Banks","2016-12-21"
"State Bank of Mysore",280710,85300,366010,16073.98,315193,"(B) Regional Rural Bank","2016-12-21"
"State Bank of Mysore",834972,226140,1061112,15369.19,868506,"(A) Public Sector Banks","2016-12-28"
"State Bank of Mysore",280880,85615,366495,15744.25,312928,"(B) Regional Rural Bank","2016-12-28"
"State Bank of Mysore",840607,226610,1067217,15014.62,872943,"(A) Public Sector Banks","2017-01-04"
"State Bank of Mysore",285004,81792,366796,15259.22,310464,"(B) Regional Rural Bank","2017-01-04"
"State Bank of Mysore",846763,227260,1074023,14900,879890,"(A) Public Sector Banks","2017-01-11"
"State Bank of Mysore",285007,81961,366968,14734.14,309479,"(B) Regional Rural Bank","2017-01-11"
"State Bank of Mysore",850895,227851,1078746,14727.62,883804,"(A) Public Sector Banks","2017-01-18"
"State Bank of Mysore",285409,81668,367077,14431.89,308331,"(B) Regional Rural Bank","2017-01-18"
"State Bank of Mysore",855020,228605,1083625,14631.47,887932,"(A) Public Sector Banks","2017-01-25"
"State Bank of Mysore",286151,81116,367267,14070.91,307629,"(B) Regional Rural Bank","2017-01-25"
"State Bank of Mysore",859614,228833,1088447,14491.85,891393,"(A) Public Sector Banks","2017-02-01"
"State Bank of Mysore",286562,81233,367795,13795.73,307771,"(B) Regional Rural Bank","2017-02-01"
"State Bank of Mysore",864259,229362,1093621,14311.08,894637,"(A) Public Sector Banks","2017-02-08"
"State Bank of Mysore",286916,80920,367836,13314.91,308088,"(B) Regional Rural Bank","2017-02-08"
"State Bank of Mysore",871047,230008,1101055,14145.02,900504,"(A) Public Sector Banks","2017-02-22"
"State Bank of Mysore",291064,76819,367883,12865.09,308809,"(B) Regional Rural Bank","2017-02-22"
"State Bank of Mysore",872662,230112,1102774,14166.27,902105,"(A) Public Sector Banks","2017-03-01"
"State Bank of Mysore",291322,77047,368369,12618.77,308927,"(B) Regional Rural Bank","2017-03-01"
"State Bank of Mysore",873681,230411,1104092,13902.77,905143,"(A) Public Sector Banks","2017-03-08"
"State Bank of Mysore",291128,77155,368283,12228.54,309072,"(B) Regional Rural Bank","2017-03-08"
"State Bank of Mysore",879436,230557,1109993,13936.96,907593,"(A) Public Sector Banks","2017-03-15"
"State Bank of Mysore",290957,77280,368237,12046.82,309239,"(B) Regional Rural Bank","2017-03-15"
"State Bank of Mysore",879436,230557,1109993,14388.11,907593,"(A) Public Sector Banks","2017-03-22"
"State Bank of Mysore",290966,77241,368207,12114.36,309288,"(B) Regional Rural Bank","2017-03-22"
"State Bank of Mysore",884360,230857,1115217,14705.36,911034,"(A) Public Sector Banks","2017-03-29"
"State Bank of Mysore",290971,77209,368180,12332.47,309346,"(B) Regional Rural Bank","2017-03-29"
"State Bank of Mysore",884360,230857,1115217,14705.36,911034,"(A) Public Sector Banks","2017-04-05"
"State Bank of Mysore",290971,77209,368180,12332.47,309346,"(B) Regional Rural Bank","2017-04-05"
