Bank Name / Type,Number of Beneficiaries at rural/semiurban centre bank branches,Number of Beneficiaries at urban metro centre bank branches,Number of Total Beneficiaries,Deposits in Accounts(In lac),Number of Rupay Debit Cards issued to beneficiaries,level,date
"State Bank of Travancore",26285,239474,265759,16480.64,48829,"(A) Public Sector Banks","2014-10-15"
"State Bank of Travancore",27494,243049,270543,16422.12,62084,"(A) Public Sector Banks","2014-10-22"
"State Bank of Travancore",28237,247930,276167,16683.85,93784,"(A) Public Sector Banks","2014-10-29"
"State Bank of Travancore",28643,254211,282854,17174.82,109858,"(A) Public Sector Banks","2014-11-05"
"State Bank of Travancore",29212,258161,287373,17373.45,116225,"(A) Public Sector Banks","2014-11-12"
"State Bank of Travancore",31089,264093,295182,17529.33,124538,"(A) Public Sector Banks","2014-11-19"
"State Bank of Travancore",31566,268340,299906,16047.85,133720,"(A) Public Sector Banks","2014-11-26"
"State Bank of Travancore",33014,271899,304913,16219.74,222601,"(A) Public Sector Banks","2014-12-10"
"State Bank of Travancore",33819,273888,307707,14391.42,283085,"(A) Public Sector Banks","2014-12-17"
"State Bank of Travancore",35850,276407,312257,15101.75,312257,"(A) Public Sector Banks","2014-12-24"
"State Bank of Travancore",36701,277649,314350,14887.27,314350,"(A) Public Sector Banks","2014-12-31"
"State Bank of Travancore",37817,279375,317192,14612.9,262328,"(A) Public Sector Banks","2015-01-07"
"State Bank of Travancore",38580,282043,320623,13314.85,266721,"(A) Public Sector Banks","2015-01-14"
"State Bank of Travancore",33800,289836,323636,12856.08,271518,"(A) Public Sector Banks","2015-01-28"
"State Bank of Travancore",34436,292245,326681,12196.17,272449,"(A) Public Sector Banks","2015-02-04"
"State Bank of Travancore",35248,294496,329744,11508.52,273941,"(A) Public Sector Banks","2015-02-11"
"State Bank of Travancore",35641,295912,331553,10924.2,277077,"(A) Public Sector Banks","2015-02-18"
"State Bank of Travancore",36128,296985,333113,10971.63,278141,"(A) Public Sector Banks","2015-02-25"
"State Bank of Travancore",36423,297648,334071,10216.01,279211,"(A) Public Sector Banks","2015-03-04"
"State Bank of Travancore",36672,298136,334808,10226.49,279711,"(A) Public Sector Banks","2015-03-11"
"State Bank of Travancore",36911,300430,337341,11390.32,279985,"(A) Public Sector Banks","2015-03-18"
"State Bank of Travancore",37029,297601,334630,10029.15,281946,"(A) Public Sector Banks","2015-03-25"
"State Bank of Travancore",37095,298592,335687,9279.26,281946,"(A) Public Sector Banks","2015-04-01"
"State Bank of Travancore",37141,298826,335967,8547.73,284216,"(A) Public Sector Banks","2015-04-08"
"State Bank of Travancore",37211,299321,336532,8541.09,284912,"(A) Public Sector Banks","2015-04-15"
"State Bank of Travancore",37236,300408,337644,8556.95,285078,"(A) Public Sector Banks","2015-04-22"
"State Bank of Travancore",34919,286740,321659,8118.61,285442,"(A) Public Sector Banks","2015-04-29"
"State Bank of Travancore",33811,288605,322416,7624.99,285964,"(A) Public Sector Banks","2015-05-06"
"State Bank of Travancore",33881,289672,323553,7024.5,285964,"(A) Public Sector Banks","2015-05-13"
"State Bank of Travancore",33958,290871,324829,7024.62,286137,"(A) Public Sector Banks","2015-05-20"
"State Bank of Travancore",34310,293993,328303,7851.59,286494,"(A) Public Sector Banks","2015-06-03"
"State Bank of Travancore",34481,295901,330382,7862.61,286824,"(A) Public Sector Banks","2015-06-10"
"State Bank of Travancore",34659,297708,332367,7793.56,286840,"(A) Public Sector Banks","2015-06-17"
"State Bank of Travancore",34896,300426,335322,7785.54,286859,"(A) Public Sector Banks","2015-06-24"
"State Bank of Travancore",35124,302248,337372,7877.16,287119,"(A) Public Sector Banks","2015-07-01"
"State Bank of Travancore",35525,305448,340973,7773.11,287312,"(A) Public Sector Banks","2015-07-08"
"State Bank of Travancore",36087,309452,345539,7647.95,287312,"(A) Public Sector Banks","2015-07-15"
"State Bank of Travancore",36890,315672,352562,7604.49,287411,"(A) Public Sector Banks","2015-07-22"
"State Bank of Travancore",38069,326354,364423,7611.36,287413,"(A) Public Sector Banks","2015-07-29"
"State Bank of Travancore",38973,335185,374158,8239.7,287524,"(A) Public Sector Banks","2015-08-05"
"State Bank of Travancore",39640,341667,381307,8399.14,287536,"(A) Public Sector Banks","2015-08-12"
"State Bank of Travancore",39996,346497,386493,7844.69,287540,"(A) Public Sector Banks","2015-08-19"
"State Bank of Travancore",40317,349851,390168,8207.87,288334,"(A) Public Sector Banks","2015-08-26"
"State Bank of Travancore",40470,351123,391593,8253.43,288508,"(A) Public Sector Banks","2015-09-02"
"State Bank of Travancore",40705,354043,394748,8210.2,288916,"(A) Public Sector Banks","2015-09-09"
"State Bank of Travancore",40914,356063,396977,8005.54,288916,"(A) Public Sector Banks","2015-09-16"
"State Bank of Travancore",41144,359089,400233,8008.68,289092,"(A) Public Sector Banks","2015-09-23"
"State Bank of Travancore",41599,362990,404589,8350.49,291526,"(A) Public Sector Banks","2015-10-07"
"State Bank of Travancore",41827,365469,407296,8303.7,291617,"(A) Public Sector Banks","2015-10-14"
"State Bank of Travancore",42687,372350,415037,8162.13,291979,"(A) Public Sector Banks","2015-10-21"
"State Bank of Travancore",43263,376632,419895,8151.55,300327,"(A) Public Sector Banks","2015-10-28"
"State Bank of Travancore",44010,383802,427812,8545.1,300474,"(A) Public Sector Banks","2015-11-04"
"State Bank of Travancore",44347,387423,431770,8372.48,303600,"(A) Public Sector Banks","2015-11-11"
"State Bank of Travancore",44613,389817,434430,8341.98,303797,"(A) Public Sector Banks","2015-11-18"
"State Bank of Travancore",44881,391517,436398,8222.15,303882,"(A) Public Sector Banks","2015-11-25"
"State Bank of Travancore",44907,392971,437878,8723.05,303979,"(A) Public Sector Banks","2015-12-02"
"State Bank of Travancore",45042,394546,439588,8735.41,303979,"(A) Public Sector Banks","2015-12-09"
"State Bank of Travancore",45206,396631,441837,8568.1,303983,"(A) Public Sector Banks","2015-12-16"
"State Bank of Travancore",45206,396631,441837,8536.55,303983,"(A) Public Sector Banks","2015-12-23"
"State Bank of Travancore",45544,399200,444744,8491.79,304308,"(A) Public Sector Banks","2015-12-30"
"State Bank of Travancore",45930,401666,447596,8668.06,302193,"(A) Public Sector Banks","2016-01-06"
"State Bank of Travancore",46442,406957,453399,8696.32,314058,"(A) Public Sector Banks","2016-01-13"
"State Bank of Travancore",47029,413167,460196,8683.9,314058,"(A) Public Sector Banks","2016-01-20"
"State Bank of Travancore",47242,416586,463828,8514.95,327061,"(A) Public Sector Banks","2016-01-27"
"State Bank of Travancore",47743,423072,470815,9111.48,327062,"(A) Public Sector Banks","2016-02-10"
"State Bank of Travancore",49288,434160,483448,9173.38,327069,"(A) Public Sector Banks","2016-02-17"
"State Bank of Travancore",50671,444957,495628,9164.64,327069,"(A) Public Sector Banks","2016-02-24"
"State Bank of Travancore",51559,451012,502571,9578.67,327084,"(A) Public Sector Banks","2016-03-02"
"State Bank of Travancore",52116,455256,507372,9871.75,327111,"(A) Public Sector Banks","2016-03-09"
"State Bank of Travancore",52312,458493,510805,9695.64,327128,"(A) Public Sector Banks","2016-03-16"
"State Bank of Travancore",52645,461605,514250,9719.24,327156,"(A) Public Sector Banks","2016-03-23"
"State Bank of Travancore",52780,463350,516130,10147.56,327171,"(A) Public Sector Banks","2016-03-30"
"State Bank of Travancore",52886,464649,517535,10376.54,327178,"(A) Public Sector Banks","2016-04-06"
"State Bank of Travancore",53132,467147,520279,10725.9,327178,"(A) Public Sector Banks","2016-04-13"
"State Bank of Travancore",53325,468680,522005,10929.48,327205,"(A) Public Sector Banks","2016-04-20"
"State Bank of Travancore",68140,611783,679923,13582.2,327253,"(A) Public Sector Banks","2016-04-27"
"State Bank of Travancore",68285,613626,681911,13555.53,327372,"(A) Public Sector Banks","2016-05-04"
"State Bank of Travancore",68402,615011,683413,13781.52,327985,"(A) Public Sector Banks","2016-05-11"
"State Bank of Travancore",68496,615672,684168,13926.49,328012,"(A) Public Sector Banks","2016-05-18"
"State Bank of Travancore",68989,616640,685629,13561.45,328776,"(A) Public Sector Banks","2016-05-25"
"State Bank of Travancore",69113,617862,686975,13557.53,328986,"(A) Public Sector Banks","2016-06-01"
"State Bank of Travancore",39383,285094,324477,13388.85,269393,"(A) Public Sector Banks","2015-01-21"
"State Bank of Travancore",34126,292224,326350,7431.77,286137,"(A) Public Sector Banks","2015-05-27"
"State Bank of Travancore",41355,361046,402401,8122.54,289249,"(A) Public Sector Banks","2015-09-30"
"State Bank of Travancore",47423,419116,466539,9044.02,327030,"(A) Public Sector Banks","2016-02-03"
"State Bank of Travancore",69259,618716,687975,13681.01,329335,"(A) Public Sector Banks","2016-06-08"
"State Bank of Travancore",75013,661047,736060,14444.55,375688,"(A) Public Sector Banks","2016-10-12"
"State Bank of Travancore",79358,698599,777957,19274.24,385033,"(A) Public Sector Banks","2017-02-15"
"State Bank of Travancore",69513,620742,690255,13556.06,329394,"(A) Public Sector Banks","2016-06-15"
"State Bank of Travancore",69783,623003,692786,13283.97,336115,"(A) Public Sector Banks","2016-06-22"
"State Bank of Travancore",70080,624932,695012,13274,336824,"(A) Public Sector Banks","2016-06-29"
"State Bank of Travancore",70354,626692,697046,13806.97,337453,"(A) Public Sector Banks","2016-07-06"
"State Bank of Travancore",70540,628760,699300,13681.01,340682,"(A) Public Sector Banks","2016-07-13"
"State Bank of Travancore",71003,631796,702799,13498.53,352602,"(A) Public Sector Banks","2016-07-20"
"State Bank of Travancore",71341,634928,706269,13680.62,352692,"(A) Public Sector Banks","2016-07-27"
"State Bank of Travancore",71750,638571,710321,14636.86,354841,"(A) Public Sector Banks","2016-08-03"
"State Bank of Travancore",72262,641831,714093,14356.21,369559,"(A) Public Sector Banks","2016-08-10"
"State Bank of Travancore",72688,644574,717262,14015.3,369993,"(A) Public Sector Banks","2016-08-17"
"State Bank of Travancore",73497,649343,722840,14549.69,370966,"(A) Public Sector Banks","2016-08-24"
"State Bank of Travancore",73854,651664,725518,14449.51,371487,"(A) Public Sector Banks","2016-08-31"
"State Bank of Travancore",74106,653809,727915,15196.18,371675,"(A) Public Sector Banks","2016-09-07"
"State Bank of Travancore",74104,653899,728003,15195.46,371675,"(A) Public Sector Banks","2016-09-14"
"State Bank of Travancore",74330,655417,729747,15011.49,373337,"(A) Public Sector Banks","2016-09-21"
"State Bank of Travancore",74606,658089,732695,14636.87,374253,"(A) Public Sector Banks","2016-09-28"
"State Bank of Travancore",74847,660343,735190,14808.53,375132,"(A) Public Sector Banks","2016-10-05"
"State Bank of Travancore",75351,662751,738102,14243.87,376056,"(A) Public Sector Banks","2016-10-19"
"State Bank of Travancore",75543,664955,740498,14182.17,376547,"(A) Public Sector Banks","2016-10-26"
"State Bank of Travancore",78221,664487,742708,14456.52,375335,"(A) Public Sector Banks","2016-11-02"
"State Bank of Travancore",75949,668586,744535,14470.6,380022,"(A) Public Sector Banks","2016-11-09"
"State Bank of Travancore",75950,668695,744645,19384.57,380022,"(A) Public Sector Banks","2016-11-16"
"State Bank of Travancore",76207,670702,746909,19931.82,380701,"(A) Public Sector Banks","2016-11-23"
"State Bank of Travancore",76390,672509,748899,19865.36,382945,"(A) Public Sector Banks","2016-11-30"
"State Bank of Travancore",76804,676596,753400,20458.99,382945,"(A) Public Sector Banks","2016-12-07"
"State Bank of Travancore",77097,679215,756312,20029.27,383048,"(A) Public Sector Banks","2016-12-14"
"State Bank of Travancore",77410,682619,760029,19573.48,383056,"(A) Public Sector Banks","2016-12-21"
"State Bank of Travancore",77499,684417,761916,20644.78,383071,"(A) Public Sector Banks","2016-12-28"
"State Bank of Travancore",77768,686837,764605,20150.01,383181,"(A) Public Sector Banks","2017-01-04"
"State Bank of Travancore",78081,688823,766904,20035.54,383181,"(A) Public Sector Banks","2017-01-11"
"State Bank of Travancore",78213,690728,768941,19567.6,383538,"(A) Public Sector Banks","2017-01-18"
"State Bank of Travancore",82531,689006,771537,19104.55,383181,"(A) Public Sector Banks","2017-01-25"
"State Bank of Travancore",78971,694759,773730,19320.94,384269,"(A) Public Sector Banks","2017-02-01"
"State Bank of Travancore",79104,696585,775689,19373.58,384573,"(A) Public Sector Banks","2017-02-08"
"State Bank of Travancore",79610,700795,780405,18945.85,385757,"(A) Public Sector Banks","2017-02-22"
"State Bank of Travancore",79742,701891,781633,19102.22,386031,"(A) Public Sector Banks","2017-03-01"
"State Bank of Travancore",80354,703378,783732,19120.19,386654,"(A) Public Sector Banks","2017-03-08"
"State Bank of Travancore",79962,705481,785443,18994.84,387191,"(A) Public Sector Banks","2017-03-15"
"State Bank of Travancore",80332,710501,790833,18943.32,387802,"(A) Public Sector Banks","2017-03-22"
"State Bank of Travancore",80527,716372,796899,19742.28,388526,"(A) Public Sector Banks","2017-03-29"
"State Bank of Travancore",80527,716372,796899,19742.28,388526,"(A) Public Sector Banks","2017-04-05"
