Bank Name / Type,Number of Beneficiaries at rural/semiurban centre bank branches,Number of Beneficiaries at urban metro centre bank branches,Number of Total Beneficiaries,Deposits in Accounts(In lac),Number of Rupay Debit Cards issued to beneficiaries,level,date
"State Bank of India",2980000,4139554,7119554,2739.08,2329992,"(A) Public Sector Banks","2014-09-24"
"State Bank of India",3674485,5249691,8924176,2090.61,3397761,"(A) Public Sector Banks","2014-10-08"
"State Bank of India",4108487,5894424,10002911,2302.35,4364380,"(A) Public Sector Banks","2014-10-15"
"State Bank of India",4509439,6442657,10952096,2142.47,5229792,"(A) Public Sector Banks","2014-10-22"
"State Bank of India",4786505,6806013,11592518,12144.47,5817120,"(A) Public Sector Banks","2014-10-29"
"State Bank of India",1298391,201956,1500347,6666.48,35932,"(B) Regional Rural Bank","2014-10-29"
"State Bank of India",5071942,7222147,12294089,12214.88,6433407,"(A) Public Sector Banks","2014-11-05"
"State Bank of India",1498068,246107,1744175,8333.64,78606,"(B) Regional Rural Bank","2014-11-05"
"State Bank of India",5338044,7638907,12976951,13438.99,7032104,"(A) Public Sector Banks","2014-11-12"
"State Bank of India",1590183,262313,1852496,9045.92,84780,"(B) Regional Rural Bank","2014-11-12"
"State Bank of India",5734289,8205041,13939330,13524.11,7854893,"(A) Public Sector Banks","2014-11-19"
"State Bank of India",1724968,281132,2006100,10082.79,96315,"(B) Regional Rural Bank","2014-11-19"
"State Bank of India",6093361,8735694,14829055,13621.74,8608132,"(A) Public Sector Banks","2014-11-26"
"State Bank of India",1830951,303387,2134338,12805.17,128666,"(B) Regional Rural Bank","2014-11-26"
"State Bank of India",6457982,9303318,15761300,13684.68,9412958,"(A) Public Sector Banks","2014-12-03"
"State Bank of India",1961219,329458,2290677,13896.01,162631,"(B) Regional Rural Bank","2014-12-03"
"State Bank of India",6860641,9951475,16812116,13763.48,10332809,"(A) Public Sector Banks","2014-12-10"
"State Bank of India",2104775,354645,2459420,14767.58,187442,"(B) Regional Rural Bank","2014-12-10"
"State Bank of India",7331552,10640527,17972079,13827.56,11390914,"(A) Public Sector Banks","2014-12-17"
"State Bank of India",2308949,391481,2700430,15957.21,234248,"(B) Regional Rural Bank","2014-12-17"
"State Bank of India",7855907,11407568,19263475,13892.77,15178491,"(A) Public Sector Banks","2014-12-24"
"State Bank of India",2599113,438297,3037410,16832.06,246761,"(B) Regional Rural Bank","2014-12-24"
"State Bank of India",8347709,12162439,20510148,13955.96,16363626,"(A) Public Sector Banks","2014-12-31"
"State Bank of India",2757892,473034,3230926,17609.57,262910,"(B) Regional Rural Bank","2014-12-31"
"State Bank of India",8750536,12753736,21504272,14042.5,17492892,"(A) Public Sector Banks","2015-01-07"
"State Bank of India",2933613,508622,3442235,18159.74,280044,"(B) Regional Rural Bank","2015-01-07"
"State Bank of India",9272060,13535777,22807837,14100.08,20035957,"(A) Public Sector Banks","2015-01-14"
"State Bank of India",3135888,545313,3681201,19159.29,340067,"(B) Regional Rural Bank","2015-01-14"
"State Bank of India",10178426,14833973,25012399,73805.31,22133873,"(A) Public Sector Banks","2015-01-28"
"State Bank of India",3489527,600504,4090031,21226.97,1528292,"(B) Regional Rural Bank","2015-01-28"
"State Bank of India",10768862,15663747,26432609,73846.74,23482418,"(A) Public Sector Banks","2015-02-04"
"State Bank of India",3612529,617631,4230160,22495.63,1537462,"(B) Regional Rural Bank","2015-02-04"
"State Bank of India",11165261,16230168,27395429,88347.12,24390600,"(A) Public Sector Banks","2015-02-11"
"State Bank of India",3706731,630572,4337303,23144.5,1558298,"(B) Regional Rural Bank","2015-02-11"
"State Bank of India",11483664,16686573,28170237,88383.63,25118392,"(A) Public Sector Banks","2015-02-18"
"State Bank of India",3800944,649811,4450755,24298.71,1655863,"(B) Regional Rural Bank","2015-02-18"
"State Bank of India",11941613,17302896,29244509,104519.73,26128012,"(A) Public Sector Banks","2015-02-25"
"State Bank of India",3883745,668524,4552269,24906.54,1662295,"(B) Regional Rural Bank","2015-02-25"
"State Bank of India",12338897,17845543,30184440,104559.09,27013826,"(A) Public Sector Banks","2015-03-04"
"State Bank of India",3979225,686132,4665357,26027.33,1671331,"(B) Regional Rural Bank","2015-03-04"
"State Bank of India",12648489,18255225,30903714,117118.32,27692095,"(A) Public Sector Banks","2015-03-11"
"State Bank of India",4037884,699011,4736895,26800.44,1688700,"(B) Regional Rural Bank","2015-03-11"
"State Bank of India",12932819,18655868,31588687,117148.98,28339865,"(A) Public Sector Banks","2015-03-18"
"State Bank of India",4107064,722357,4829421,27343.2,1785117,"(B) Regional Rural Bank","2015-03-18"
"State Bank of India",13372190,19247913,32620103,126584.47,29318115,"(A) Public Sector Banks","2015-03-25"
"State Bank of India",4179740,726475,4906215,28877.14,1788405,"(B) Regional Rural Bank","2015-03-25"
"State Bank of India",13661232,19653479,33314711,129656.78,29977356,"(A) Public Sector Banks","2015-04-01"
"State Bank of India",4203910,731405,4935315,31239.98,1789375,"(B) Regional Rural Bank","2015-04-01"
"State Bank of India",13802960,19841017,33643977,129669.31,30287161,"(A) Public Sector Banks","2015-04-08"
"State Bank of India",4241646,736256,4977902,34156.96,1790595,"(B) Regional Rural Bank","2015-04-08"
"State Bank of India",14053922,20173889,34227811,132508.98,30833194,"(A) Public Sector Banks","2015-04-15"
"State Bank of India",4299913,741532,5041445,37858.86,2041993,"(B) Regional Rural Bank","2015-04-15"
"State Bank of India",14148710,20285519,34434229,132516.37,31023953,"(A) Public Sector Banks","2015-04-22"
"State Bank of India",4348977,747609,5096586,38920.11,2441566,"(B) Regional Rural Bank","2015-04-22"
"State Bank of India",14354506,20546743,34901249,132533.41,31455757,"(A) Public Sector Banks","2015-04-29"
"State Bank of India",4403231,752497,5155728,39626.24,2575888,"(B) Regional Rural Bank","2015-04-29"
"State Bank of India",14592280,20840720,35433000,137667.24,31940902,"(A) Public Sector Banks","2015-05-06"
"State Bank of India",4432672,756453,5189125,40981.89,2617321,"(B) Regional Rural Bank","2015-05-06"
"State Bank of India",14798098,21069263,35867361,140894.67,32325208,"(A) Public Sector Banks","2015-05-13"
"State Bank of India",4461667,760099,5221766,41330.52,2620579,"(B) Regional Rural Bank","2015-05-13"
"State Bank of India",15108876,21430005,36538881,143250.06,32942195,"(A) Public Sector Banks","2015-05-20"
"State Bank of India",4494806,765073,5259879,41911.43,2622295,"(B) Regional Rural Bank","2015-05-20"
"State Bank of India",15257365,21597042,36854407,148467.89,33213678,"(A) Public Sector Banks","2015-06-03"
"State Bank of India",4565290,778605,5343895,44665.82,2690452,"(B) Regional Rural Bank","2015-06-03"
"State Bank of India",15439301,21797824,37237125,150385.94,33556741,"(A) Public Sector Banks","2015-06-10"
"State Bank of India",4595207,782430,5377637,45386.23,2694015,"(B) Regional Rural Bank","2015-06-10"
"State Bank of India",15644369,22026012,37670381,153912.4,33946898,"(A) Public Sector Banks","2015-06-17"
"State Bank of India",4620198,786928,5407126,46551.55,2695792,"(B) Regional Rural Bank","2015-06-17"
"State Bank of India",15842680,22254486,38097166,155761.22,34313454,"(A) Public Sector Banks","2015-06-24"
"State Bank of India",4666091,795999,5462090,47167.64,2702389,"(B) Regional Rural Bank","2015-06-24"
"State Bank of India",16098776,22538794,38637570,159220.26,34740468,"(A) Public Sector Banks","2015-07-01"
"State Bank of India",4695009,800343,5495352,47929.53,2722453,"(B) Regional Rural Bank","2015-07-01"
"State Bank of India",16318669,22775620,39094289,162288.3,35083165,"(A) Public Sector Banks","2015-07-08"
"State Bank of India",4717878,804571,5522449,48343.89,2867446,"(B) Regional Rural Bank","2015-07-08"
"State Bank of India",16556260,23046916,39603176,165958.82,35455238,"(A) Public Sector Banks","2015-07-15"
"State Bank of India",4786468,819312,5605780,49662.84,3158427,"(B) Regional Rural Bank","2015-07-15"
"State Bank of India",16745494,23279135,40024629,168859.79,35765882,"(A) Public Sector Banks","2015-07-22"
"State Bank of India",4818049,824209,5642258,50513.21,3172163,"(B) Regional Rural Bank","2015-07-22"
"State Bank of India",17158757,23739626,40898383,173510.14,36225242,"(A) Public Sector Banks","2015-07-29"
"State Bank of India",4856532,834157,5690689,51272.02,3179900,"(B) Regional Rural Bank","2015-07-29"
"State Bank of India",17395906,23978926,41374832,258981.23,36877791,"(A) Public Sector Banks","2015-08-05"
"State Bank of India",4898492,845261,5743753,51825.28,3185837,"(B) Regional Rural Bank","2015-08-05"
"State Bank of India",17395906,23978926,41374832,258981.23,36877791,"(A) Public Sector Banks","2015-08-12"
"State Bank of India",4939576,851958,5791534,52746.78,3186772,"(B) Regional Rural Bank","2015-08-12"
"State Bank of India",17720383,24329888,42050271,265749.36,37242079,"(A) Public Sector Banks","2015-08-19"
"State Bank of India",4975061,859004,5834065,52962.87,3189933,"(B) Regional Rural Bank","2015-08-19"
"State Bank of India",17927383,24552606,42479989,270742.11,37468420,"(A) Public Sector Banks","2015-08-26"
"State Bank of India",5010058,864541,5874599,53778.14,3192550,"(B) Regional Rural Bank","2015-08-26"
"State Bank of India",18165365,24787419,42952784,275659.14,37706893,"(A) Public Sector Banks","2015-09-02"
"State Bank of India",5042780,869457,5912237,54158.86,3211546,"(B) Regional Rural Bank","2015-09-02"
"State Bank of India",18356865,24987191,43344056,279981.63,37907365,"(A) Public Sector Banks","2015-09-09"
"State Bank of India",5072697,875844,5948541,54733.32,3213184,"(B) Regional Rural Bank","2015-09-09"
"State Bank of India",18665947,25299889,43965836,285906.9,38221453,"(A) Public Sector Banks","2015-09-16"
"State Bank of India",5098414,880258,5978672,56052.42,3220705,"(B) Regional Rural Bank","2015-09-16"
"State Bank of India",18828392,25485937,44314329,292514.47,38395112,"(A) Public Sector Banks","2015-09-23"
"State Bank of India",5133848,884767,6018615,57726.63,3250891,"(B) Regional Rural Bank","2015-09-23"
"State Bank of India",19060025,25734353,44794378,298918.58,38601056,"(A) Public Sector Banks","2015-10-07"
"State Bank of India",5193537,893999,6087536,59091.88,3253562,"(B) Regional Rural Bank","2015-10-07"
"State Bank of India",19220759,25912304,45133063,310522.6,38785441,"(A) Public Sector Banks","2015-10-14"
"State Bank of India",5218118,897002,6115120,59816.74,3249154,"(B) Regional Rural Bank","2015-10-14"
"State Bank of India",19379797,26079818,45459615,316582.44,38959925,"(A) Public Sector Banks","2015-10-21"
"State Bank of India",5263225,900595,6163820,60387.21,3250763,"(B) Regional Rural Bank","2015-10-21"
"State Bank of India",19428037,26135842,45563879,316423.73,39010231,"(A) Public Sector Banks","2015-10-28"
"State Bank of India",5279287,902968,6182255,60463.8,3251707,"(B) Regional Rural Bank","2015-10-28"
"State Bank of India",19601668,26328903,45930571,316437.24,39203684,"(A) Public Sector Banks","2015-11-04"
"State Bank of India",5304574,906883,6211457,61565.36,3252189,"(B) Regional Rural Bank","2015-11-04"
"State Bank of India",19753412,26501999,46255411,327679.51,39368820,"(A) Public Sector Banks","2015-11-11"
"State Bank of India",5327223,909419,6236642,62664.46,3252077,"(B) Regional Rural Bank","2015-11-11"
"State Bank of India",19837224,26584589,46421813,330758.51,39453487,"(A) Public Sector Banks","2015-11-18"
"State Bank of India",5344501,911381,6255882,63302.16,3253678,"(B) Regional Rural Bank","2015-11-18"
"State Bank of India",19924658,26695029,46619687,332070.13,39557355,"(A) Public Sector Banks","2015-11-25"
"State Bank of India",5367066,914842,6281908,63584.79,3256079,"(B) Regional Rural Bank","2015-11-25"
"State Bank of India",20053327,26841687,46895014,330993.86,39673659,"(A) Public Sector Banks","2015-12-02"
"State Bank of India",5389944,917537,6307481,65794.98,3257315,"(B) Regional Rural Bank","2015-12-02"
"State Bank of India",20175870,26982019,47157889,331001.34,39761150,"(A) Public Sector Banks","2015-12-09"
"State Bank of India",5421039,924167,6345206,66974.46,3294132,"(B) Regional Rural Bank","2015-12-09"
"State Bank of India",20242986,27050825,47293811,331005.66,39804128,"(A) Public Sector Banks","2015-12-16"
"State Bank of India",5442150,930201,6372351,67747.26,3316148,"(B) Regional Rural Bank","2015-12-16"
"State Bank of India",20432128,27247549,47679677,357910.45,39948931,"(A) Public Sector Banks","2015-12-23"
"State Bank of India",5463349,936266,6399615,68807.85,3385127,"(B) Regional Rural Bank","2015-12-23"
"State Bank of India",20525999,27340931,47866930,362413.78,40016619,"(A) Public Sector Banks","2015-12-30"
"State Bank of India",5485457,938944,6424401,69539.67,3418043,"(B) Regional Rural Bank","2015-12-30"
"State Bank of India",20897296,27709731,48607027,362427.33,40263805,"(A) Public Sector Banks","2016-01-06"
"State Bank of India",5514160,940929,6455089,71339.61,3419982,"(B) Regional Rural Bank","2016-01-06"
"State Bank of India",21214200,28011121,49225321,362439.85,40472133,"(A) Public Sector Banks","2016-01-13"
"State Bank of India",5540088,951770,6491858,72808.52,3432874,"(B) Regional Rural Bank","2016-01-13"
"State Bank of India",21575102,28365152,49940254,362460.16,40725212,"(A) Public Sector Banks","2016-01-20"
"State Bank of India",5576800,960016,6536816,75076.53,3441360,"(B) Regional Rural Bank","2016-01-20"
"State Bank of India",21709623,28511352,50220975,362467.02,40832374,"(A) Public Sector Banks","2016-01-27"
"State Bank of India",5601273,965842,6567115,76652.44,3536169,"(B) Regional Rural Bank","2016-01-27"
"State Bank of India",21990528,28803522,50794050,408487.35,41070258,"(A) Public Sector Banks","2016-02-10"
"State Bank of India",5677945,976110,6654055,81835.16,3549163,"(B) Regional Rural Bank","2016-02-10"
"State Bank of India",22401770,29193808,51595578,409198.71,41401291,"(A) Public Sector Banks","2016-02-17"
"State Bank of India",5709630,980471,6690101,82968.37,3553517,"(B) Regional Rural Bank","2016-02-17"
"State Bank of India",22636511,29412992,52049503,409357.44,41604678,"(A) Public Sector Banks","2016-02-24"
"State Bank of India",5740696,985381,6726077,84435.74,3555970,"(B) Regional Rural Bank","2016-02-24"
"State Bank of India",22794755,29568103,52362858,409379.25,41742040,"(A) Public Sector Banks","2016-03-02"
"State Bank of India",5772416,988299,6760715,86142.45,3582637,"(B) Regional Rural Bank","2016-03-02"
"State Bank of India",22946914,29713046,52659960,432962.37,41870762,"(A) Public Sector Banks","2016-03-09"
"State Bank of India",5785532,986857,6772389,86422.32,3583179,"(B) Regional Rural Bank","2016-03-09"
"State Bank of India",23058945,29817252,52876197,432975.8,41960743,"(A) Public Sector Banks","2016-03-16"
"State Bank of India",5818185,990025,6808210,89795.9,3585915,"(B) Regional Rural Bank","2016-03-16"
"State Bank of India",23170016,29923739,53093755,433223.69,42049145,"(A) Public Sector Banks","2016-03-23"
"State Bank of India",5835788,992193,6827981,90572.12,3592846,"(B) Regional Rural Bank","2016-03-23"
"State Bank of India",23207895,29964474,53172369,433229.54,42082433,"(A) Public Sector Banks","2016-03-30"
"State Bank of India",5854088,996055,6850143,93042.98,3589836,"(B) Regional Rural Bank","2016-03-30"
"State Bank of India",23288884,30036625,53325509,475609.51,42148260,"(A) Public Sector Banks","2016-04-06"
"State Bank of India",5869897,998735,6868632,93577.88,3591583,"(B) Regional Rural Bank","2016-04-06"
"State Bank of India",23361588,30101238,53462826,475619.49,42203298,"(A) Public Sector Banks","2016-04-13"
"State Bank of India",5887254,1000721,6887975,98943.9,3592934,"(B) Regional Rural Bank","2016-04-13"
"State Bank of India",23436457,30166737,53603194,475632.14,42260213,"(A) Public Sector Banks","2016-04-20"
"State Bank of India",5897040,1004990,6902030,99537.17,3593460,"(B) Regional Rural Bank","2016-04-20"
"State Bank of India",23487990,30211686,53699676,475641.05,42301467,"(A) Public Sector Banks","2016-04-27"
"State Bank of India",5910127,1007831,6917958,95829.3,3593369,"(B) Regional Rural Bank","2016-04-27"
"State Bank of India",23562940,30278023,53840963,475668.73,42351569,"(A) Public Sector Banks","2016-05-04"
"State Bank of India",5928001,1011241,6939242,96563.42,3594232,"(B) Regional Rural Bank","2016-05-04"
"State Bank of India",23614001,30332419,53946420,475681.17,42393851,"(A) Public Sector Banks","2016-05-11"
"State Bank of India",5962433,1013918,6976351,98800.7,3595065,"(B) Regional Rural Bank","2016-05-11"
"State Bank of India",23614001,30332419,53946420,475681.17,42393851,"(A) Public Sector Banks","2016-05-18"
"State Bank of India",5999214,1017150,7016364,101163.36,3596011,"(B) Regional Rural Bank","2016-05-18"
"State Bank of India",23747656,30462340,54209996,499667.16,42493477,"(A) Public Sector Banks","2016-05-25"
"State Bank of India",6022634,1019596,7042230,102682.01,3596613,"(B) Regional Rural Bank","2016-05-25"
"State Bank of India",23806005,30510955,54316960,499676.91,42528827,"(A) Public Sector Banks","2016-06-01"
"State Bank of India",6050404,1022767,7073171,114804.24,3603884,"(B) Regional Rural Bank","2016-06-01"
"State Bank of India",9727496,14167881,23895377,73752.73,21071927,"(A) Public Sector Banks","2015-01-21"
"State Bank of India",3342773,577185,3919958,20131.44,1512143,"(B) Regional Rural Bank","2015-01-21"
"State Bank of India",15108876,21430005,36538881,143250.06,32942195,"(A) Public Sector Banks","2015-05-27"
"State Bank of India",4536292,773319,5309611,42823.21,2628602,"(B) Regional Rural Bank","2015-05-27"
"State Bank of India",18896723,25567845,44464568,293196.95,38428135,"(A) Public Sector Banks","2015-09-30"
"State Bank of India",5159979,888638,6048617,58220.68,3251411,"(B) Regional Rural Bank","2015-09-30"
"State Bank of India",21981991,28783578,50765569,362522.77,41054550,"(A) Public Sector Banks","2016-02-03"
"State Bank of India",5638415,970830,6609245,79979.98,3547068,"(B) Regional Rural Bank","2016-02-03"
"State Bank of India",23857858,30558991,54416849,499688.35,42570960,"(A) Public Sector Banks","2016-06-08"
"State Bank of India",6080284,1027053,7107337,106185.92,3604703,"(B) Regional Rural Bank","2016-06-08"
"State Bank of India",32104982,37914872,70019854,681681.91,49192770,"(A) Public Sector Banks","2016-10-12"
"State Bank of India",6574934,1208470,7783404,126337.39,3074699,"(B) Regional Rural Bank","2016-10-12"
"State Bank of India",37288100,45314770,82602870,1051475.76,56579459,"(A) Public Sector Banks","2017-02-15"
"State Bank of India",6901875,1124347,8026222,153260.78,3850856,"(B) Regional Rural Bank","2017-02-15"
"State Bank of India",44499449,54497244,98996693,1362866.04,69463873,"(A) Public Sector Banks","2017-06-21"
"State Bank of India",10111966,2000285,12112251,263183.56,6147557,"(B) Regional Rural Bank","2017-06-21"
"State Bank of India",47214468,57830914,105045382,1390656.81,70314976,"(A) Public Sector Banks","2017-10-25"
"State Bank of India",10504280,2165667,12669947,262651.79,6230997,"(B) Regional Rural Bank","2017-10-25"
"State Bank of India",44403353,60672472,105075825,1636443.97,70324595,"(A) Public Sector Banks","2018-02-28"
"State Bank of India",10844778,2177415,13022193,282073.06,6388495,"(B) Regional Rural Bank","2018-02-28"
"State Bank of India",44403353,60672472,105075825,1809737.57,70325595,"(A) Public Sector Banks","2018-07-11"
"State Bank of India",10319473,3078956,13398429,318355.04,6402451,"(B) Regional Rural Bank","2018-07-11"
"State Bank of India",23911041,30603722,54514763,499698.78,42609120,"(A) Public Sector Banks","2016-06-15"
"State Bank of India",6098268,1030328,7128596,107677.53,3772135,"(B) Regional Rural Bank","2016-06-15"
"State Bank of India",23991552,30675564,54667116,519825.95,42661241,"(A) Public Sector Banks","2016-06-22"
"State Bank of India",6080033,956254,7036287,108354.87,3735140,"(B) Regional Rural Bank","2016-06-22"
"State Bank of India",24087161,30752203,54839364,519837.61,42716061,"(A) Public Sector Banks","2016-06-29"
"State Bank of India",6125604,1067833,7193437,110477.4,3771993,"(B) Regional Rural Bank","2016-06-29"
"State Bank of India",24197348,30845622,55042970,519862.45,42778858,"(A) Public Sector Banks","2016-07-06"
"State Bank of India",6141732,1070080,7211812,112075.38,3775944,"(B) Regional Rural Bank","2016-07-06"
"State Bank of India",24336849,30969921,55306770,547291.12,42864259,"(A) Public Sector Banks","2016-07-13"
"State Bank of India",6238521,1073766,7312287,116216.03,3779182,"(B) Regional Rural Bank","2016-07-13"
"State Bank of India",24508335,31126385,55634720,547308.38,42970134,"(A) Public Sector Banks","2016-07-20"
"State Bank of India",6281982,1095235,7377217,117469.96,3762625,"(B) Regional Rural Bank","2016-07-20"
"State Bank of India",24610029,31213791,55823820,553429.94,43020286,"(A) Public Sector Banks","2016-07-27"
"State Bank of India",5791213,1027935,6819148,117645.44,3765361,"(B) Regional Rural Bank","2016-07-27"
"State Bank of India",24843086,31439341,56282427,554387.46,43175182,"(A) Public Sector Banks","2016-08-03"
"State Bank of India",6365333,1132040,7497373,118958.13,3805701,"(B) Regional Rural Bank","2016-08-03"
"State Bank of India",28613576,34701780,63315356,616631.58,46646665,"(A) Public Sector Banks","2016-08-10"
"State Bank of India",6393954,1149312,7543266,119942.77,3809418,"(B) Regional Rural Bank","2016-08-10"
"State Bank of India",28875372,34939549,63814921,616690.52,46798260,"(A) Public Sector Banks","2016-08-17"
"State Bank of India",6412590,1153006,7565596,117908.67,3810929,"(B) Regional Rural Bank","2016-08-17"
"State Bank of India",29271285,35285657,64556942,616708.27,47094819,"(A) Public Sector Banks","2016-08-24"
"State Bank of India",6451868,1160761,7612629,121260.27,3813183,"(B) Regional Rural Bank","2016-08-24"
"State Bank of India",29861065,35828183,65689248,627352.47,47550878,"(A) Public Sector Banks","2016-08-31"
"State Bank of India",6202543,1128054,7330597,120196.76,3816616,"(B) Regional Rural Bank","2016-08-31"
"State Bank of India",30143084,36096601,66239685,627367.47,47762167,"(A) Public Sector Banks","2016-09-07"
"State Bank of India",6488256,1174669,7662925,120987.71,3820094,"(B) Regional Rural Bank","2016-09-07"
"State Bank of India",30537710,36455794,66993504,642843.91,48053706,"(A) Public Sector Banks","2016-09-14"
"State Bank of India",6504671,1180767,7685438,122022.93,3049423,"(B) Regional Rural Bank","2016-09-14"
"State Bank of India",30968347,36837350,67805697,650976.95,48315314,"(A) Public Sector Banks","2016-09-21"
"State Bank of India",6518519,1183840,7702359,122847.25,3065440,"(B) Regional Rural Bank","2016-09-21"
"State Bank of India",31085247,36946831,68032078,650988.66,48342075,"(A) Public Sector Banks","2016-09-28"
"State Bank of India",6538007,1197933,7735940,124065.25,3067682,"(B) Regional Rural Bank","2016-09-28"
"State Bank of India",31878391,37704039,69582430,673695.86,49019669,"(A) Public Sector Banks","2016-10-05"
"State Bank of India",6561783,1205016,7766799,126003.92,3073045,"(B) Regional Rural Bank","2016-10-05"
"State Bank of India",32327468,38133367,70460835,681693.63,49369801,"(A) Public Sector Banks","2016-10-19"
"State Bank of India",6591308,1211764,7803072,127442.35,3076270,"(B) Regional Rural Bank","2016-10-19"
"State Bank of India",32596421,38386503,70982924,694410.04,49567622,"(A) Public Sector Banks","2016-10-26"
"State Bank of India",6607110,1215675,7822785,127587.33,3852634,"(B) Regional Rural Bank","2016-10-26"
"State Bank of India",32963802,38708013,71671815,699745.21,49831495,"(A) Public Sector Banks","2016-11-02"
"State Bank of India",6618941,1217179,7836120,128759.69,3854129,"(B) Regional Rural Bank","2016-11-02"
"State Bank of India",33189084,38901320,72090404,704099.46,50009551,"(A) Public Sector Banks","2016-11-09"
"State Bank of India",6627365,1220193,7847558,130073.6,3857007,"(B) Regional Rural Bank","2016-11-09"
"State Bank of India",33281233,38985460,72266693,867864.45,50087329,"(A) Public Sector Banks","2016-11-16"
"State Bank of India",6636728,1223683,7860411,156010.06,3857759,"(B) Regional Rural Bank","2016-11-16"
"State Bank of India",33402185,39108630,72510815,1008385.38,50207039,"(A) Public Sector Banks","2016-11-23"
"State Bank of India",6649088,1226470,7875558,173766.92,3860124,"(B) Regional Rural Bank","2016-11-23"
"State Bank of India",33415862,39129546,72545408,1049668.08,50226646,"(A) Public Sector Banks","2016-11-30"
"State Bank of India",6672039,1232226,7904265,181383.13,3863540,"(B) Regional Rural Bank","2016-11-30"
"State Bank of India",33603094,39402859,73005953,1073089.23,50480928,"(A) Public Sector Banks","2016-12-07"
"State Bank of India",6667452,1247155,7914607,182771.77,3733440,"(B) Regional Rural Bank","2016-12-07"
"State Bank of India",33884290,39813060,73697350,1076233.17,50888131,"(A) Public Sector Banks","2016-12-14"
"State Bank of India",6293580,1102693,7396273,158269.99,3782803,"(B) Regional Rural Bank","2016-12-14"
"State Bank of India",34298438,40495617,74794055,1095607.39,51572120,"(A) Public Sector Banks","2016-12-21"
"State Bank of India",6321353,1110078,7431431,155360.27,3783904,"(B) Regional Rural Bank","2016-12-21"
"State Bank of India",34485389,40809159,75294548,1102932.61,51908501,"(A) Public Sector Banks","2016-12-28"
"State Bank of India",6279997,1002591,7282588,154398.31,3660314,"(B) Regional Rural Bank","2016-12-28"
"State Bank of India",35032589,41652567,76685156,1088657.59,52823713,"(A) Public Sector Banks","2017-01-04"
"State Bank of India",6308713,1007976,7316689,154076.37,3661489,"(B) Regional Rural Bank","2017-01-04"
"State Bank of India",35143436,41784385,76927821,1088657.59,52823713,"(A) Public Sector Banks","2017-01-11"
"State Bank of India",6334991,1010580,7345571,151560.49,3662048,"(B) Regional Rural Bank","2017-01-11"
"State Bank of India",36066190,43373862,79440052,1079663.93,54535871,"(A) Public Sector Banks","2017-01-18"
"State Bank of India",6841515,1112253,7953768,158618.68,3678054,"(B) Regional Rural Bank","2017-01-18"
"State Bank of India",36438525,44021226,80459751,1076222.68,55189812,"(A) Public Sector Banks","2017-01-25"
"State Bank of India",6872277,1118122,7990399,156994.46,3691665,"(B) Regional Rural Bank","2017-01-25"
"State Bank of India",36655877,44374378,81030255,1072175.91,55580207,"(A) Public Sector Banks","2017-02-01"
"State Bank of India",6855810,1125287,7981097,154047.13,3849355,"(B) Regional Rural Bank","2017-02-01"
"State Bank of India",36951262,44810039,81761301,1043446,56045814,"(A) Public Sector Banks","2017-02-08"
"State Bank of India",6883276,1122879,8006155,153900.84,3850227,"(B) Regional Rural Bank","2017-02-08"
"State Bank of India",37518818,45675208,83194026,1104150.14,56978862,"(A) Public Sector Banks","2017-02-22"
"State Bank of India",6963016,1147351,8110367,111364.77,3869673,"(B) Regional Rural Bank","2017-02-22"
"State Bank of India",37699871,45943734,83643605,1057572.97,57308432,"(A) Public Sector Banks","2017-03-01"
"State Bank of India",6928466,1122126,8050592,155981.99,3867788,"(B) Regional Rural Bank","2017-03-01"
"State Bank of India",37975592,46337238,84312830,1064117.53,57724392,"(A) Public Sector Banks","2017-03-08"
"State Bank of India",6770060,1296866,8066926,154561.06,3878560,"(B) Regional Rural Bank","2017-03-08"
"State Bank of India",38180574,46589283,84769857,1053702.6,57998673,"(A) Public Sector Banks","2017-03-15"
"State Bank of India",6791210,1300996,8092206,154206.82,3950796,"(B) Regional Rural Bank","2017-03-15"
"State Bank of India",38406701,46882838,85289539,1044684.27,58326331,"(A) Public Sector Banks","2017-03-22"
"State Bank of India",6810888,1302475,8113363,151875.44,4115267,"(B) Regional Rural Bank","2017-03-22"
"State Bank of India",38583248,47123655,85706903,1043025.63,58589850,"(A) Public Sector Banks","2017-03-29"
"State Bank of India",6826682,1303656,8130338,152248.96,4130603,"(B) Regional Rural Bank","2017-03-29"
"State Bank of India",38750605,47350902,86101507,1062206.6,58834898,"(A) Public Sector Banks","2017-04-05"
"State Bank of India",6801128,1243963,8045091,152472.95,4235629,"(B) Regional Rural Bank","2017-04-05"
"State Bank of India",43177195,53105235,96282430,1277927.42,66564987,"(A) Public Sector Banks","2017-04-12"
"State Bank of India",10025259,1803076,11828335,259296.68,5941832,"(B) Regional Rural Bank","2017-04-12"
"State Bank of India",43479119,53253693,96732812,1329069.2,68080593,"(A) Public Sector Banks","2017-04-19"
"State Bank of India",10037569,1805540,11843109,260609.59,5986554,"(B) Regional Rural Bank","2017-04-19"
"State Bank of India",43611110,53415571,97026681,1340144.21,68251787,"(A) Public Sector Banks","2017-04-26"
"State Bank of India",10064993,1808689,11873682,261567.23,5994941,"(B) Regional Rural Bank","2017-04-26"
"State Bank of India",43579664,53622013,97201677,1341311.32,68376036,"(A) Public Sector Banks","2017-05-03"
"State Bank of India",9967149,1972988,11940137,261916.06,6000370,"(B) Regional Rural Bank","2017-05-03"
"State Bank of India",43862631,53765927,97628558,1347701.75,68648908,"(A) Public Sector Banks","2017-05-10"
"State Bank of India",9984282,1979765,11964047,262345.91,6014909,"(B) Regional Rural Bank","2017-05-10"
"State Bank of India",43862631,53765927,97628558,1347701.75,68648908,"(A) Public Sector Banks","2017-05-17"
"State Bank of India",10010526,1987778,11998304,261402.31,6017512,"(B) Regional Rural Bank","2017-05-17"
"State Bank of India",44072081,54016449,98088530,1350196.33,68929249,"(A) Public Sector Banks","2017-05-24"
"State Bank of India",10031095,1992908,12024003,259899.57,6020966,"(B) Regional Rural Bank","2017-05-24"
"State Bank of India",44203908,54183451,98387359,1353953.25,69111946,"(A) Public Sector Banks","2017-05-31"
"State Bank of India",10031095,1992908,12024003,259899.57,6020966,"(B) Regional Rural Bank","2017-05-31"
"State Bank of India",44246376,54195990,98442366,1356485.05,69125497,"(A) Public Sector Banks","2017-06-07"
"State Bank of India",10106982,1962766,12069748,260181.09,6037705,"(B) Regional Rural Bank","2017-06-07"
"State Bank of India",44493647,54487501,98981148,1362805.19,69461159,"(A) Public Sector Banks","2017-06-14"
"State Bank of India",10123439,1964389,12087828,262147.22,6147214,"(B) Regional Rural Bank","2017-06-14"
"State Bank of India",44499449,54497244,98996693,1362866.04,69463873,"(A) Public Sector Banks","2017-06-28"
"State Bank of India",10139795,1990394,12130189,262225.73,6156231,"(B) Regional Rural Bank","2017-06-28"
"State Bank of India",44508046,54511818,99019864,1370071.3,69454079,"(A) Public Sector Banks","2017-07-05"
"State Bank of India",10172403,1996689,12169092,263840.6,6158893,"(B) Regional Rural Bank","2017-07-05"
"State Bank of India",44508046,54511818,99019864,1370071.3,69454079,"(A) Public Sector Banks","2017-07-12"
"State Bank of India",10203401,2002488,12205889,264884.85,6159044,"(B) Regional Rural Bank","2017-07-12"
"State Bank of India",44575119,54592827,99167946,1370110.14,69543293,"(A) Public Sector Banks","2017-07-19"
"State Bank of India",10238882,2009731,12248613,262734.69,6158649,"(B) Regional Rural Bank","2017-07-19"
"State Bank of India",45012034,55133280,100145314,1390594.64,70126983,"(A) Public Sector Banks","2017-07-26"
"State Bank of India",10238882,2009731,12248613,262734.69,6158649,"(B) Regional Rural Bank","2017-07-26"
"State Bank of India",45158648,55309544,100468192,1390656.81,70314975,"(A) Public Sector Banks","2017-08-02"
"State Bank of India",10300032,2023067,12323099,266066.06,6161440,"(B) Regional Rural Bank","2017-08-02"
"State Bank of India",45158648,55309544,100468192,1390656.81,70314975,"(A) Public Sector Banks","2017-08-09"
"State Bank of India",10330457,2031007,12361464,247045.53,6169985,"(B) Regional Rural Bank","2017-08-09"
"State Bank of India",45158648,55309544,100468192,1390656.81,70314975,"(A) Public Sector Banks","2017-08-16"
"State Bank of India",10350089,2034520,12384609,264944.95,6170689,"(B) Regional Rural Bank","2017-08-16"
"State Bank of India",45158648,55309544,100468192,1390656.81,70314975,"(A) Public Sector Banks","2017-08-23"
"State Bank of India",10378321,2039404,12417725,265063.29,6170905,"(B) Regional Rural Bank","2017-08-23"
"State Bank of India",47214468,57830914,105045382,1390656.81,70314976,"(A) Public Sector Banks","2017-08-30"
"State Bank of India",10412660,2045569,12458229,263459.78,6161043,"(B) Regional Rural Bank","2017-08-30"
"State Bank of India",47214468,57830914,105045382,1390656.81,70314976,"(A) Public Sector Banks","2017-09-06"
"State Bank of India",10402588,2037210,12439798,260344.2,6170031,"(B) Regional Rural Bank","2017-09-06"
"State Bank of India",47214468,57830914,105045382,1390656.81,70314976,"(A) Public Sector Banks","2017-09-13"
"State Bank of India",10461828,2039256,12501084,254156.15,6199796,"(B) Regional Rural Bank","2017-09-13"
"State Bank of India",47214468,57830914,105045382,1390656.81,70314976,"(A) Public Sector Banks","2017-09-20"
"State Bank of India",10484972,2042007,12526979,253021.3,6201650,"(B) Regional Rural Bank","2017-09-20"
"State Bank of India",47214468,57830914,105045382,1390656.81,70314976,"(A) Public Sector Banks","2017-09-27"
"State Bank of India",10514911,2043264,12558175,261001.43,6226922,"(B) Regional Rural Bank","2017-09-27"
"State Bank of India",47214468,57830914,105045382,1390656.81,70314976,"(A) Public Sector Banks","2017-10-04"
"State Bank of India",10529899,2045423,12575322,260770.68,6173245,"(B) Regional Rural Bank","2017-10-04"
"State Bank of India",47214468,57830914,105045382,1390656.81,70314976,"(A) Public Sector Banks","2017-10-11"
"State Bank of India",10588130,2050669,12638799,263104.96,6174061,"(B) Regional Rural Bank","2017-10-11"
"State Bank of India",47214468,57830914,105045382,1390656.81,70314976,"(A) Public Sector Banks","2017-10-18"
"State Bank of India",10595892,2054256,12650148,261775.51,6175205,"(B) Regional Rural Bank","2017-10-18"
"State Bank of India",47214468,57830914,105045382,1390656.81,70314976,"(A) Public Sector Banks","2017-11-01"
"State Bank of India",10529108,2165815,12694923,261099.25,6231548,"(B) Regional Rural Bank","2017-11-01"
"State Bank of India",47214468,57830914,105045382,1390656.81,70314976,"(A) Public Sector Banks","2017-11-08"
"State Bank of India",10544103,2167304,12711407,262631.97,6232463,"(B) Regional Rural Bank","2017-11-08"
"State Bank of India",47214468,57830914,105045382,1390656.81,70314976,"(A) Public Sector Banks","2017-11-15"
"State Bank of India",10550897,2153552,12704449,261858.28,6237184,"(B) Regional Rural Bank","2017-11-15"
"State Bank of India",44390289,60655094,105045383,1449201.14,70314980,"(A) Public Sector Banks","2017-11-22"
"State Bank of India",10571256,2156017,12727273,264787.06,6236113,"(B) Regional Rural Bank","2017-11-22"
"State Bank of India",44390289,60655094,105045383,1449201.14,70314980,"(A) Public Sector Banks","2017-11-29"
"State Bank of India",10587115,2159141,12746256,263405.49,6291238,"(B) Regional Rural Bank","2017-11-29"
"State Bank of India",44390289,60655094,105045383,1449201.14,70314980,"(A) Public Sector Banks","2017-12-06"
"State Bank of India",10619948,2163318,12783266,265175.41,6315378,"(B) Regional Rural Bank","2017-12-06"
"State Bank of India",44390289,60655094,105045383,1449201.14,70314980,"(A) Public Sector Banks","2017-12-13"
"State Bank of India",10636807,2165167,12801974,265580.42,6320175,"(B) Regional Rural Bank","2017-12-13"
"State Bank of India",44391201,60655094,105046295,1511573.42,70314980,"(A) Public Sector Banks","2017-12-20"
"State Bank of India",10674373,2168970,12843343,271930.58,6323551,"(B) Regional Rural Bank","2017-12-20"
"State Bank of India",44388669,60655855,105044524,1527983.13,70316989,"(A) Public Sector Banks","2017-12-27"
"State Bank of India",10689671,2167526,12857197,272479.68,6330012,"(B) Regional Rural Bank","2017-12-27"
"State Bank of India",44397058,60667904,105064962,1527983.13,70324018,"(A) Public Sector Banks","2018-01-03"
"State Bank of India",10693992,2165866,12859858,274238.52,6325177,"(B) Regional Rural Bank","2018-01-03"
"State Bank of India",44397371,60668382,105065753,1575830.75,70324018,"(A) Public Sector Banks","2018-01-10"
"State Bank of India",10709194,2167747,12876941,281201.86,6325086,"(B) Regional Rural Bank","2018-01-10"
"State Bank of India",44397684,60668860,105066544,1587747.78,70324018,"(A) Public Sector Banks","2018-01-17"
"State Bank of India",10724235,2171337,12895572,281092.19,6325261,"(B) Regional Rural Bank","2018-01-17"
"State Bank of India",44400907,60669036,105069943,1591234.76,70324272,"(A) Public Sector Banks","2018-01-24"
"State Bank of India",10753372,2175451,12928823,276930.63,6324121,"(B) Regional Rural Bank","2018-01-24"
"State Bank of India",44401220,60669514,105070734,1585534.31,70324272,"(A) Public Sector Banks","2018-01-31"
"State Bank of India",10768065,2177424,12945489,278930.53,6324070,"(B) Regional Rural Bank","2018-01-31"
"State Bank of India",44401220,60669514,105070734,1604336.31,70324272,"(A) Public Sector Banks","2018-02-07"
"State Bank of India",10753436,2178664,12932100,282172.75,6238179,"(B) Regional Rural Bank","2018-02-07"
"State Bank of India",44401220,60669514,105070734,1604336.31,70324272,"(A) Public Sector Banks","2018-02-14"
"State Bank of India",10769225,2180299,12949524,281944.15,6238628,"(B) Regional Rural Bank","2018-02-14"
"State Bank of India",44403353,60672472,105075825,1622040.44,70324595,"(A) Public Sector Banks","2018-02-21"
"State Bank of India",10784446,2181574,12966020,280690.03,6313705,"(B) Regional Rural Bank","2018-02-21"
"State Bank of India",44403353,60672472,105075825,1622040.85,70324595,"(A) Public Sector Banks","2018-03-07"
"State Bank of India",10866930,2178571,13045501,282920.71,6396768,"(B) Regional Rural Bank","2018-03-07"
"State Bank of India",44403353,60672472,105075825,1622040.85,70325595,"(A) Public Sector Banks","2018-03-14"
"State Bank of India",10878618,2179843,13058461,284955.27,6396096,"(B) Regional Rural Bank","2018-03-14"
"State Bank of India",44403353,60672472,105075825,1671951.86,70325595,"(A) Public Sector Banks","2018-03-21"
"State Bank of India",10895035,2181643,13076678,286697.53,6395899,"(B) Regional Rural Bank","2018-03-21"
"State Bank of India",44403353,60672472,105075825,1671951.86,70325595,"(A) Public Sector Banks","2018-03-28"
"State Bank of India",10901921,2182405,13084326,292735.05,6395921,"(B) Regional Rural Bank","2018-03-28"
"State Bank of India",44403353,60672472,105075825,1702110.26,70325595,"(A) Public Sector Banks","2018-04-04"
"State Bank of India",10909581,2184898,13094479,291044.55,6396141,"(B) Regional Rural Bank","2018-04-04"
"State Bank of India",44403353,60672472,105075825,1760222.15,70325595,"(A) Public Sector Banks","2018-04-11"
"State Bank of India",10912179,2185277,13097456,289456.4,6396338,"(B) Regional Rural Bank","2018-04-11"
"State Bank of India",44403353,60672472,105075825,1760222.15,70325595,"(A) Public Sector Banks","2018-04-18"
"State Bank of India",10934283,2187425,13121708,294456.38,6396463,"(B) Regional Rural Bank","2018-04-18"
"State Bank of India",44403353,60672472,105075825,1760222.15,70325595,"(A) Public Sector Banks","2018-04-25"
"State Bank of India",11001743,2198566,13200309,300582.48,6396859,"(B) Regional Rural Bank","2018-04-25"
"State Bank of India",44403353,60672472,105075825,1779142.91,70325595,"(A) Public Sector Banks","2018-05-02"
"State Bank of India",10975141,2189533,13164674,317026.68,6397458,"(B) Regional Rural Bank","2018-05-02"
"State Bank of India",44403353,60672472,105075825,1760697.44,70325595,"(A) Public Sector Banks","2018-05-09"
"State Bank of India",10994171,2189906,13184077,326276.74,6398169,"(B) Regional Rural Bank","2018-05-09"
"State Bank of India",44403353,60672472,105075825,1767815.9,70325595,"(A) Public Sector Banks","2018-05-23"
"State Bank of India",11040405,2185655,13226060,309658.99,6398169,"(B) Regional Rural Bank","2018-05-23"
"State Bank of India",44403353,60672472,105075825,1762029.13,70325595,"(A) Public Sector Banks","2018-05-30"
"State Bank of India",11056556,2198045,13254601,315371.58,6402689,"(B) Regional Rural Bank","2018-05-30"
"State Bank of India",44403353,60672472,105075825,1762029.13,70325595,"(A) Public Sector Banks","2018-06-06"
"State Bank of India",11071951,2201249,13273200,317412.01,6402761,"(B) Regional Rural Bank","2018-06-06"
"State Bank of India",44403353,60672472,105075825,1777464.19,70325595,"(A) Public Sector Banks","2018-06-13"
"State Bank of India",11088975,2202591,13291566,310825.56,6403206,"(B) Regional Rural Bank","2018-06-13"
"State Bank of India",44403353,60672472,105075825,1777464.19,70325595,"(A) Public Sector Banks","2018-06-20"
"State Bank of India",11106584,2204144,13310728,315896.96,6403748,"(B) Regional Rural Bank","2018-06-20"
"State Bank of India",44403353,60672472,105075825,1791365.56,70325595,"(A) Public Sector Banks","2018-06-27"
"State Bank of India",11123305,2206104,13329409,312732.03,6403762,"(B) Regional Rural Bank","2018-06-27"
"State Bank of India",44403353,60672472,105075825,1791365.56,70325595,"(A) Public Sector Banks","2018-07-04"
"State Bank of India",11149027,2207902,13356929,317636,6402062,"(B) Regional Rural Bank","2018-07-04"
"State Bank of India",44403353,60672472,105075825,1809737.57,70325595,"(A) Public Sector Banks","2018-07-18"
"State Bank of India",11222592,2213020,13435612,318755.34,6403608,"(B) Regional Rural Bank","2018-07-18"
"State Bank of India",44403353,60672472,105075825,1853229.27,70325595,"(A) Public Sector Banks","2018-08-01"
"State Bank of India",11292147,2224144,13516291,320597.91,6406070,"(B) Regional Rural Bank","2018-08-01"
"State Bank of India",44403353,60672472,105075825,1853229.27,70325595,"(A) Public Sector Banks","2018-08-08"
"State Bank of India",11321812,2231112,13552924,323965.69,6407092,"(B) Regional Rural Bank","2018-08-08"
"State Bank of India",44403353,60672472,105075825,1853229.27,70325595,"(A) Public Sector Banks","2018-08-15"
"State Bank of India",11349219,2237596,13586815,323325.54,6406998,"(B) Regional Rural Bank","2018-08-15"
"State Bank of India",44403353,60672472,105075825,1884807.31,70325595,"(A) Public Sector Banks","2018-08-22"
"State Bank of India",11379144,2241804,13620948,322474.68,6406843,"(B) Regional Rural Bank","2018-08-22"
"State Bank of India",44403353,60672472,105075825,1897176.02,70325595,"(A) Public Sector Banks","2018-08-29"
"State Bank of India",11402518,2247671,13650189,348189.38,6407424,"(B) Regional Rural Bank","2018-08-29"
"State Bank of India",44403353,60672472,105075825,1897176.02,70325595,"(A) Public Sector Banks","2018-09-05"
"State Bank of India",11441530,2251627,13693157,355234.72,6407970,"(B) Regional Rural Bank","2018-09-05"
"State Bank of India",44403353,60672472,105075825,1924167.76,70325595,"(A) Public Sector Banks","2018-09-12"
"State Bank of India",11472482,2259956,13732438,352564.28,6408352,"(B) Regional Rural Bank","2018-09-12"
"State Bank of India",44403353,60672472,105075825,1949509.77,70325595,"(A) Public Sector Banks","2018-09-19"
"State Bank of India",11503359,2265424,13768783,591796.69,6408647,"(B) Regional Rural Bank","2018-09-19"
"State Bank of India",44403353,60672472,105075825,1951958.91,70325595,"(A) Public Sector Banks","2018-09-26"
"State Bank of India",11533177,2269033,13802210,594972.3,6408325,"(B) Regional Rural Bank","2018-09-26"
"State Bank of India",44403353,60672472,105075825,1951958.91,70325595,"(A) Public Sector Banks","2018-10-03"
"State Bank of India",11558259,2277397,13835656,596464.23,6419619,"(B) Regional Rural Bank","2018-10-03"
"State Bank of India",44403353,60672472,105075825,1990044.67,70325595,"(A) Public Sector Banks","2018-10-10"
"State Bank of India",11596146,2283123,13879269,582982.55,6421044,"(B) Regional Rural Bank","2018-10-10"
"State Bank of India",44403353,60672472,105075825,1990044.67,70325595,"(A) Public Sector Banks","2018-10-17"
"State Bank of India",11619321,2288120,13907441,597817.19,6421593,"(B) Regional Rural Bank","2018-10-17"
"State Bank of India",44544352,60866345,105410697,1990044.67,71035856,"(A) Public Sector Banks","2018-10-24"
"State Bank of India",11648006,2292656,13940662,520706.29,6422345,"(B) Regional Rural Bank","2018-10-24"
"State Bank of India",45037189,60649967,105687156,1934202.06,83410412,"(A) Public Sector Banks","2018-10-31"
"State Bank of India",11664803,2299659,13964462,466020.51,6425103,"(B) Regional Rural Bank","2018-10-31"
"State Bank of India",45037189,60649967,105687156,1934202.06,83410412,"(A) Public Sector Banks","2018-11-07"
"State Bank of India",11672962,2333234,14006196,416559.16,6441110,"(B) Regional Rural Bank","2018-11-07"
"State Bank of India",45037189,60649967,105687156,1934202.06,83410412,"(A) Public Sector Banks","2018-11-14"
"State Bank of India",11698889,2312317,14011206,367136.26,6427008,"(B) Regional Rural Bank","2018-11-14"
"State Bank of India",45169777,60775473,105945250,1970598.41,84912512,"(A) Public Sector Banks","2018-11-21"
"State Bank of India",11725899,2317442,14043341,317597.49,6426113,"(B) Regional Rural Bank","2018-11-21"
"State Bank of India",45212985,60887516,106100501,1963943.11,85412368,"(A) Public Sector Banks","2018-11-28"
"State Bank of India",11860596,2403158,14263754,318187.98,6430641,"(B) Regional Rural Bank","2018-11-28"
"State Bank of India",45212985,60887516,106100501,1963943.11,85412368,"(A) Public Sector Banks","2018-12-05"
"State Bank of India",12035012,2578445,14613457,321276.1,6433031,"(B) Regional Rural Bank","2018-12-05"
"State Bank of India",45415441,60996003,106411444,1992408.32,86916482,"(A) Public Sector Banks","2018-12-12"
"State Bank of India",12035012,2578445,14613457,321276.1,6433031,"(B) Regional Rural Bank","2018-12-12"
"State Bank of India",45498211,61096206,106594417,2003432.7,87932510,"(A) Public Sector Banks","2018-12-19"
"State Bank of India",12075089,2586057,14661146,326105.25,6561264,"(B) Regional Rural Bank","2018-12-19"
"State Bank of India",45376033,61158928,106534961,2013493.09,88463212,"(A) Public Sector Banks","2018-12-26"
"State Bank of India",12080807,2588029,14668836,324625.53,6562155,"(B) Regional Rural Bank","2018-12-26"
"State Bank of India",45443676,61295335,106739011,2031230.97,88463198,"(A) Public Sector Banks","2019-01-02"
"State Bank of India",12106710,2594602,14701312,325955.49,6562766,"(B) Regional Rural Bank","2019-01-02"
"State Bank of India",45566983,61445799,107012782,2036426.03,88986203,"(A) Public Sector Banks","2019-01-16"
"State Bank of India",12160683,2606774,14767457,342896.25,6565731,"(B) Regional Rural Bank","2019-01-16"
"State Bank of India",45804367,61704007,107508374,2069562.1,90375617,"(A) Public Sector Banks","2019-01-23"
"State Bank of India",12188950,2611396,14800346,343148.2,6574758,"(B) Regional Rural Bank","2019-01-23"
