Bank Name / Type,Number of Beneficiaries at rural/semiurban centre bank branches,Number of Beneficiaries at urban metro centre bank branches,Number of Total Beneficiaries,Deposits in Accounts(In lac),Number of Rupay Debit Cards issued to beneficiaries,level,date
"Syndicate Bank",1065208,643891,1709099,531.18,618289,"(A) Public Sector Banks","2014-09-24"
"Syndicate Bank",1163372,691817,1855189,2.42,618289,"(A) Public Sector Banks","2014-10-01"
"Syndicate Bank",1186045,703044,1889089,6.12,725621,"(A) Public Sector Banks","2014-10-08"
"Syndicate Bank",1278161,743003,2021164,7.67,728509,"(A) Public Sector Banks","2014-10-15"
"Syndicate Bank",1330830,769982,2100812,7.09,728509,"(A) Public Sector Banks","2014-10-22"
"Syndicate Bank",1369980,784577,2154557,8328.2,728509,"(A) Public Sector Banks","2014-10-29"
"Syndicate Bank",547609,182061,729670,5817.83,59596,"(B) Regional Rural Bank","2014-10-29"
"Syndicate Bank",1412472,800620,2213092,8695.81,829328,"(A) Public Sector Banks","2014-11-05"
"Syndicate Bank",575259,192487,767746,0.06,59596,"(B) Regional Rural Bank","2014-11-05"
"Syndicate Bank",1461283,815781,2277064,9824.9,829328,"(A) Public Sector Banks","2014-11-12"
"Syndicate Bank",604224,201741,805965,0.06,59596,"(B) Regional Rural Bank","2014-11-12"
"Syndicate Bank",1533518,842035,2375553,10082.31,1329437,"(A) Public Sector Banks","2014-11-19"
"Syndicate Bank",646191,211067,857258,7442.6,95582,"(B) Regional Rural Bank","2014-11-19"
"Syndicate Bank",1596166,869271,2465437,11404.12,1574625,"(A) Public Sector Banks","2014-11-26"
"Syndicate Bank",703771,221539,925310,7824.62,97785,"(B) Regional Rural Bank","2014-11-26"
"Syndicate Bank",1644954,888822,2533776,12393.38,2076502,"(A) Public Sector Banks","2014-12-03"
"Syndicate Bank",751899,228263,980162,7697.63,97785,"(B) Regional Rural Bank","2014-12-03"
"Syndicate Bank",1699768,912464,2612232,15163.67,2374188,"(A) Public Sector Banks","2014-12-10"
"Syndicate Bank",786525,236096,1022621,7964.93,97785,"(B) Regional Rural Bank","2014-12-10"
"Syndicate Bank",1773063,942659,2715722,16742.82,2459860,"(A) Public Sector Banks","2014-12-17"
"Syndicate Bank",819621,242568,1062189,8609.29,97785,"(B) Regional Rural Bank","2014-12-17"
"Syndicate Bank",1846862,975291,2822153,17719.35,2550780,"(A) Public Sector Banks","2014-12-24"
"Syndicate Bank",846344,249510,1095854,0.09,361946,"(B) Regional Rural Bank","2014-12-24"
"Syndicate Bank",1895099,994070,2889169,20715.8,2640446,"(A) Public Sector Banks","2014-12-31"
"Syndicate Bank",866584,255544,1122128,10323.19,882626,"(B) Regional Rural Bank","2014-12-31"
"Syndicate Bank",1944826,1012994,2957820,21145.36,2728351,"(A) Public Sector Banks","2015-01-07"
"Syndicate Bank",890207,262315,1152522,10602.64,966441,"(B) Regional Rural Bank","2015-01-07"
"Syndicate Bank",1996351,1037891,3034242,22936,2749727,"(A) Public Sector Banks","2015-01-14"
"Syndicate Bank",911215,268322,1179537,11698.79,997282,"(B) Regional Rural Bank","2015-01-14"
"Syndicate Bank",2084568,1082126,3166694,26649.73,3059589,"(A) Public Sector Banks","2015-01-28"
"Syndicate Bank",965704,284965,1250669,12810.09,1103981,"(B) Regional Rural Bank","2015-01-28"
"Syndicate Bank",2139931,1101708,3241639,30014.8,3109933,"(A) Public Sector Banks","2015-02-04"
"Syndicate Bank",979691,289096,1268787,13195.6,1132184,"(B) Regional Rural Bank","2015-02-04"
"Syndicate Bank",2168336,1113510,3281846,34536.55,3131499,"(A) Public Sector Banks","2015-02-11"
"Syndicate Bank",989754,292366,1282120,13616.57,1151636,"(B) Regional Rural Bank","2015-02-11"
"Syndicate Bank",2189510,1124714,3314224,35279.91,3138474,"(A) Public Sector Banks","2015-02-18"
"Syndicate Bank",998087,294405,1292492,13865.66,1151636,"(B) Regional Rural Bank","2015-02-18"
"Syndicate Bank",2218393,1134021,3352414,38173.8,3178880,"(A) Public Sector Banks","2015-02-25"
"Syndicate Bank",1016148,298685,1314833,15797.14,1233942,"(B) Regional Rural Bank","2015-02-25"
"Syndicate Bank",2242602,1143386,3385988,39529.82,3251311,"(A) Public Sector Banks","2015-03-04"
"Syndicate Bank",1028053,301333,1329386,14888.54,1239053,"(B) Regional Rural Bank","2015-03-04"
"Syndicate Bank",2263291,1150514,3413805,41249.17,3277568,"(A) Public Sector Banks","2015-03-11"
"Syndicate Bank",1044323,304528,1348851,15337,1260615,"(B) Regional Rural Bank","2015-03-11"
"Syndicate Bank",2291832,1157802,3449634,42674.5,3304918,"(A) Public Sector Banks","2015-03-18"
"Syndicate Bank",1057310,308596,1365906,15857.01,1278681,"(B) Regional Rural Bank","2015-03-18"
"Syndicate Bank",2316720,1163939,3480659,44034.46,3331397,"(A) Public Sector Banks","2015-03-25"
"Syndicate Bank",1066775,310995,1377770,14831.34,1290905,"(B) Regional Rural Bank","2015-03-25"
"Syndicate Bank",2328549,1168010,3496559,50499.67,3350302,"(A) Public Sector Banks","2015-04-01"
"Syndicate Bank",1097195,316714,1413909,19947.77,1325422,"(B) Regional Rural Bank","2015-04-01"
"Syndicate Bank",2338923,1170324,3509247,47950.81,3350302,"(A) Public Sector Banks","2015-04-08"
"Syndicate Bank",1101490,317526,1419016,19473.44,1327683,"(B) Regional Rural Bank","2015-04-08"
"Syndicate Bank",2353977,1173351,3527328,49435.37,3372102,"(A) Public Sector Banks","2015-04-15"
"Syndicate Bank",1111165,319116,1430281,23335.44,1327683,"(B) Regional Rural Bank","2015-04-15"
"Syndicate Bank",2370335,1177568,3547903,48191.11,3381067,"(A) Public Sector Banks","2015-04-22"
"Syndicate Bank",1140243,327781,1468024,23313.09,1338120,"(B) Regional Rural Bank","2015-04-22"
"Syndicate Bank",2381940,1181289,3563229,50566.63,3394578,"(A) Public Sector Banks","2015-04-29"
"Syndicate Bank",1166022,333409,1499431,23447.44,1354780,"(B) Regional Rural Bank","2015-04-29"
"Syndicate Bank",2390817,1183797,3574614,50777.78,3404415,"(A) Public Sector Banks","2015-05-06"
"Syndicate Bank",1173881,334499,1508380,24037.7,1381540,"(B) Regional Rural Bank","2015-05-06"
"Syndicate Bank",2403404,1188479,3591883,53004.23,3411236,"(A) Public Sector Banks","2015-05-13"
"Syndicate Bank",1180995,335892,1516887,24484.87,1403445,"(B) Regional Rural Bank","2015-05-13"
"Syndicate Bank",2417078,1194336,3611414,52506.97,3418462,"(A) Public Sector Banks","2015-05-20"
"Syndicate Bank",1180995,335892,1516887,24484.87,1403445,"(B) Regional Rural Bank","2015-05-20"
"Syndicate Bank",2444350,1204892,3649242,54357.17,3418806,"(A) Public Sector Banks","2015-06-03"
"Syndicate Bank",1203938,341618,1545556,25572.85,1403445,"(B) Regional Rural Bank","2015-06-03"
"Syndicate Bank",2455913,1209030,3664943,55000.39,3458125,"(A) Public Sector Banks","2015-06-10"
"Syndicate Bank",1213326,342972,1556298,25951.51,1425485,"(B) Regional Rural Bank","2015-06-10"
"Syndicate Bank",2467188,1213209,3680397,55090.36,3494397,"(A) Public Sector Banks","2015-06-17"
"Syndicate Bank",1220346,344069,1564415,26287.52,1469048,"(B) Regional Rural Bank","2015-06-17"
"Syndicate Bank",2480574,1217240,3697814,55856.27,3511957,"(A) Public Sector Banks","2015-06-24"
"Syndicate Bank",1227508,346042,1573550,26760.21,1469048,"(B) Regional Rural Bank","2015-06-24"
"Syndicate Bank",2495459,1224382,3719841,57691,3512364,"(A) Public Sector Banks","2015-07-01"
"Syndicate Bank",1236778,347440,1584218,27551.36,1469048,"(B) Regional Rural Bank","2015-07-01"
"Syndicate Bank",2522621,1231164,3753785,58634.97,3512365,"(A) Public Sector Banks","2015-07-08"
"Syndicate Bank",1254400,350752,1605152,27582.31,1469048,"(B) Regional Rural Bank","2015-07-08"
"Syndicate Bank",2557047,1239163,3796210,60512.22,3512371,"(A) Public Sector Banks","2015-07-15"
"Syndicate Bank",1290205,356529,1646734,28787.73,1525799,"(B) Regional Rural Bank","2015-07-15"
"Syndicate Bank",2584473,1245178,3829651,60319.22,3512376,"(A) Public Sector Banks","2015-07-22"
"Syndicate Bank",1342001,365343,1707344,29381.07,1557080,"(B) Regional Rural Bank","2015-07-22"
"Syndicate Bank",2602514,1242068,3844582,60826.89,3512376,"(A) Public Sector Banks","2015-07-29"
"Syndicate Bank",1386472,371672,1758144,27515.08,1557080,"(B) Regional Rural Bank","2015-07-29"
"Syndicate Bank",2621131,1246804,3867935,62117.81,3490552,"(A) Public Sector Banks","2015-08-05"
"Syndicate Bank",1420446,376228,1796674,28006.71,1557080,"(B) Regional Rural Bank","2015-08-05"
"Syndicate Bank",2627495,1248192,3875687,62063.05,3490552,"(A) Public Sector Banks","2015-08-12"
"Syndicate Bank",1458500,381683,1840183,28520.14,1658148,"(B) Regional Rural Bank","2015-08-12"
"Syndicate Bank",2632636,1249066,3881702,61687.57,3490802,"(A) Public Sector Banks","2015-08-19"
"Syndicate Bank",1486023,386426,1872449,30008.96,1658148,"(B) Regional Rural Bank","2015-08-19"
"Syndicate Bank",2640485,1250894,3891379,62529.5,3491074,"(A) Public Sector Banks","2015-08-26"
"Syndicate Bank",1507247,389992,1897239,31078.63,1658148,"(B) Regional Rural Bank","2015-08-26"
"Syndicate Bank",2644753,1252231,3896984,62309.96,3493598,"(A) Public Sector Banks","2015-09-02"
"Syndicate Bank",1518773,391101,1909874,31492.51,1658148,"(B) Regional Rural Bank","2015-09-02"
"Syndicate Bank",2650592,1253846,3904438,62520.59,3494470,"(A) Public Sector Banks","2015-09-09"
"Syndicate Bank",1529848,392874,1922722,31926.54,1680255,"(B) Regional Rural Bank","2015-09-09"
"Syndicate Bank",2655069,1255124,3910193,64274.95,3496609,"(A) Public Sector Banks","2015-09-16"
"Syndicate Bank",1541180,394860,1936040,32532.76,1680255,"(B) Regional Rural Bank","2015-09-16"
"Syndicate Bank",2659393,1256479,3915872,63768.78,3496759,"(A) Public Sector Banks","2015-09-23"
"Syndicate Bank",1550386,396563,1946949,33388.85,1716802,"(B) Regional Rural Bank","2015-09-23"
"Syndicate Bank",2666201,1258333,3924534,66938.45,3500346,"(A) Public Sector Banks","2015-10-07"
"Syndicate Bank",1560233,399099,1959332,35619.7,1738511,"(B) Regional Rural Bank","2015-10-07"
"Syndicate Bank",2670325,1259701,3930026,66656,3504749,"(A) Public Sector Banks","2015-10-14"
"Syndicate Bank",1565000,399882,1964882,36025.67,1840074,"(B) Regional Rural Bank","2015-10-14"
"Syndicate Bank",2673481,1261273,3934754,66459.23,3505001,"(A) Public Sector Banks","2015-10-21"
"Syndicate Bank",1571368,400663,1972031,36667.13,1843588,"(B) Regional Rural Bank","2015-10-21"
"Syndicate Bank",2677076,1261433,3938509,66796.55,3505734,"(A) Public Sector Banks","2015-10-28"
"Syndicate Bank",1583387,400967,1984354,36849.92,1843588,"(B) Regional Rural Bank","2015-10-28"
"Syndicate Bank",2680760,1261960,3942720,67151.44,3505734,"(A) Public Sector Banks","2015-11-04"
"Syndicate Bank",1604049,405437,2009486,38419.41,1843588,"(B) Regional Rural Bank","2015-11-04"
"Syndicate Bank",2681870,1263269,3945139,67224.44,3504325,"(A) Public Sector Banks","2015-11-11"
"Syndicate Bank",1609012,406326,2015338,38804.56,1879088,"(B) Regional Rural Bank","2015-11-11"
"Syndicate Bank",2683281,1262718,3945999,66715.31,3505068,"(A) Public Sector Banks","2015-11-18"
"Syndicate Bank",1618331,409369,2027700,39951.54,1879088,"(B) Regional Rural Bank","2015-11-18"
"Syndicate Bank",2686050,1262535,3948585,68226.54,3510183,"(A) Public Sector Banks","2015-11-25"
"Syndicate Bank",1635720,413937,2049657,39626.95,1883147,"(B) Regional Rural Bank","2015-11-25"
"Syndicate Bank",2688027,1262896,3950923,68560.07,3514460,"(A) Public Sector Banks","2015-12-02"
"Syndicate Bank",1637441,414551,2051992,39831.23,1883147,"(B) Regional Rural Bank","2015-12-02"
"Syndicate Bank",2690851,1263362,3954213,69214.8,3518164,"(A) Public Sector Banks","2015-12-09"
"Syndicate Bank",1638806,415138,2053944,39641.01,1883147,"(B) Regional Rural Bank","2015-12-09"
"Syndicate Bank",2693060,1264114,3957174,71083.99,3521129,"(A) Public Sector Banks","2015-12-16"
"Syndicate Bank",1640195,415649,2055844,40097.85,1883147,"(B) Regional Rural Bank","2015-12-16"
"Syndicate Bank",2696303,1265538,3961841,71611.91,3526115,"(A) Public Sector Banks","2015-12-23"
"Syndicate Bank",1642372,416114,2058486,40850.04,1883147,"(B) Regional Rural Bank","2015-12-23"
"Syndicate Bank",2699580,1265860,3965440,71343.17,3526839,"(A) Public Sector Banks","2015-12-30"
"Syndicate Bank",1644629,416447,2061076,41380.24,1883147,"(B) Regional Rural Bank","2015-12-30"
"Syndicate Bank",2703170,1267039,3970209,71996.42,3526491,"(A) Public Sector Banks","2016-01-06"
"Syndicate Bank",1649557,415810,2065367,43812.96,1887657,"(B) Regional Rural Bank","2016-01-06"
"Syndicate Bank",2706331,1267846,3974177,72850.65,3526337,"(A) Public Sector Banks","2016-01-13"
"Syndicate Bank",1656683,416869,2073552,44605.92,1899334,"(B) Regional Rural Bank","2016-01-13"
"Syndicate Bank",2710327,1267126,3977453,73542.38,3535299,"(A) Public Sector Banks","2016-01-20"
"Syndicate Bank",1663447,417712,2081159,45072.01,1899334,"(B) Regional Rural Bank","2016-01-20"
"Syndicate Bank",2712166,1268118,3980284,76698.28,3537951,"(A) Public Sector Banks","2016-01-27"
"Syndicate Bank",1670380,418584,2088964,46058.59,1899334,"(B) Regional Rural Bank","2016-01-27"
"Syndicate Bank",2760495,1227704,3988199,76543.98,3547044,"(A) Public Sector Banks","2016-02-10"
"Syndicate Bank",1686815,420854,2107669,47581.46,1899334,"(B) Regional Rural Bank","2016-02-10"
"Syndicate Bank",2764266,1228144,3992410,77943.19,3578018,"(A) Public Sector Banks","2016-02-17"
"Syndicate Bank",1692939,421744,2114683,48248.51,1926681,"(B) Regional Rural Bank","2016-02-17"
"Syndicate Bank",2766575,1228968,3995543,80259.4,3578018,"(A) Public Sector Banks","2016-02-24"
"Syndicate Bank",1698011,422452,2120463,48687.12,1976230,"(B) Regional Rural Bank","2016-02-24"
"Syndicate Bank",2768831,1229080,3997911,81757.68,3578018,"(A) Public Sector Banks","2016-03-02"
"Syndicate Bank",1701491,423155,2124646,49230.74,1976230,"(B) Regional Rural Bank","2016-03-02"
"Syndicate Bank",2771220,1229310,4000530,81878.45,3578018,"(A) Public Sector Banks","2016-03-09"
"Syndicate Bank",1702742,423205,2125947,50336.15,1976230,"(B) Regional Rural Bank","2016-03-09"
"Syndicate Bank",2773639,1229617,4003256,81084.9,3584678,"(A) Public Sector Banks","2016-03-16"
"Syndicate Bank",1732179,426802,2158981,51243.8,1976230,"(B) Regional Rural Bank","2016-03-16"
"Syndicate Bank",2776477,1229583,4006060,81383.11,3606972,"(A) Public Sector Banks","2016-03-23"
"Syndicate Bank",1739186,428204,2167390,52269.58,1976230,"(B) Regional Rural Bank","2016-03-23"
"Syndicate Bank",2777706,1229768,4007474,83127.58,3651467,"(A) Public Sector Banks","2016-03-30"
"Syndicate Bank",1743773,429351,2173124,52488.76,1982131,"(B) Regional Rural Bank","2016-03-30"
"Syndicate Bank",2779637,1230843,4010480,83357.54,3654263,"(A) Public Sector Banks","2016-04-06"
"Syndicate Bank",1745924,429519,2175443,53792.62,1982131,"(B) Regional Rural Bank","2016-04-06"
"Syndicate Bank",2781313,1230833,4012146,82375.88,3655075,"(A) Public Sector Banks","2016-04-13"
"Syndicate Bank",1750739,429888,2180627,54320.18,1982131,"(B) Regional Rural Bank","2016-04-13"
"Syndicate Bank",2783184,1230566,4013750,81284.18,3655075,"(A) Public Sector Banks","2016-04-20"
"Syndicate Bank",1753708,430439,2184147,54237.2,1982131,"(B) Regional Rural Bank","2016-04-20"
"Syndicate Bank",2784535,1231055,4015590,82531.73,3656680,"(A) Public Sector Banks","2016-04-27"
"Syndicate Bank",1758621,431251,2189872,54813,2052635,"(B) Regional Rural Bank","2016-04-27"
"Syndicate Bank",2786955,1231482,4018437,80865.63,3658083,"(A) Public Sector Banks","2016-05-04"
"Syndicate Bank",1764016,431981,2195997,55032.68,2052635,"(B) Regional Rural Bank","2016-05-04"
"Syndicate Bank",2789755,1232019,4021774,86006.29,3659090,"(A) Public Sector Banks","2016-05-11"
"Syndicate Bank",1770026,432584,2202610,56013.39,2052635,"(B) Regional Rural Bank","2016-05-11"
"Syndicate Bank",2792124,1232529,4024653,84401.3,3659404,"(A) Public Sector Banks","2016-05-18"
"Syndicate Bank",1774782,433267,2208049,56137.75,2052635,"(B) Regional Rural Bank","2016-05-18"
"Syndicate Bank",2794097,1232712,4026809,81449.5,3659404,"(A) Public Sector Banks","2016-05-25"
"Syndicate Bank",1780757,434097,2214854,56496.96,2052635,"(B) Regional Rural Bank","2016-05-25"
"Syndicate Bank",2795515,1232909,4028424,80355.07,3659404,"(A) Public Sector Banks","2016-06-01"
"Syndicate Bank",1784569,434840,2219409,56819.35,2052635,"(B) Regional Rural Bank","2016-06-01"
"Syndicate Bank",2038859,1060537,3099396,26562.43,2974169,"(A) Public Sector Banks","2015-01-21"
"Syndicate Bank",931311,273543,1204854,12448.29,1064460,"(B) Regional Rural Bank","2015-01-21"
"Syndicate Bank",2430714,1199827,3630541,53193.02,3418800,"(A) Public Sector Banks","2015-05-27"
"Syndicate Bank",1196791,339256,1536047,24983.37,1403445,"(B) Regional Rural Bank","2015-05-27"
"Syndicate Bank",2662318,1257194,3919512,67714.49,3495563,"(A) Public Sector Banks","2015-09-30"
"Syndicate Bank",1555485,398486,1953971,34520.2,1716802,"(B) Regional Rural Bank","2015-09-30"
"Syndicate Bank",2714318,1270128,3984446,76395.35,3540791,"(A) Public Sector Banks","2016-02-03"
"Syndicate Bank",1678526,419744,2098270,46823.47,1899334,"(B) Regional Rural Bank","2016-02-03"
"Syndicate Bank",2798160,1234131,4032291,81296.62,3659404,"(A) Public Sector Banks","2016-06-08"
"Syndicate Bank",1795829,436817,2232646,57679.27,2052635,"(B) Regional Rural Bank","2016-06-08"
"Syndicate Bank",2858768,1259587,4118355,92802.54,3679525,"(A) Public Sector Banks","2016-10-12"
"Syndicate Bank",1985555,475399,2460954,63676.96,2184077,"(B) Regional Rural Bank","2016-10-12"
"Syndicate Bank",2941937,1378309,4320246,125487.82,3767131,"(A) Public Sector Banks","2017-02-15"
"Syndicate Bank",2093573,496720,2590293,94560.24,2284694,"(B) Regional Rural Bank","2017-02-15"
"Syndicate Bank",2997964,1375447,4373411,114045.1,3799346,"(A) Public Sector Banks","2017-06-21"
"Syndicate Bank",2038949,549270,2588219,87611.82,2469730,"(B) Regional Rural Bank","2017-06-21"
"Syndicate Bank",3022994,1379618,4402612,114630.44,3809949,"(A) Public Sector Banks","2017-10-25"
"Syndicate Bank",2039751,547722,2587473,86273.24,2469730,"(B) Regional Rural Bank","2017-10-25"
"Syndicate Bank",3054466,1381168,4435634,122911.88,3882279,"(A) Public Sector Banks","2018-02-28"
"Syndicate Bank",2019559,548715,2568274,95813.31,2487837,"(B) Regional Rural Bank","2018-02-28"
"Syndicate Bank",3085280,1389405,4474685,129961.53,3961737,"(A) Public Sector Banks","2018-07-11"
"Syndicate Bank",2027463,546449,2573912,100054.1,2470628,"(B) Regional Rural Bank","2018-07-11"
"Syndicate Bank",2801061,1234633,4035694,82226.23,3662205,"(A) Public Sector Banks","2016-06-15"
"Syndicate Bank",1797909,436817,2234726,57831.16,2052635,"(B) Regional Rural Bank","2016-06-15"
"Syndicate Bank",2805314,1235842,4041156,82470.33,3662958,"(A) Public Sector Banks","2016-06-22"
"Syndicate Bank",1816018,436817,2252835,58445.87,2056600,"(B) Regional Rural Bank","2016-06-22"
"Syndicate Bank",2809583,1236599,4046182,83044.74,3663972,"(A) Public Sector Banks","2016-06-29"
"Syndicate Bank",1833559,444717,2278276,57387.59,2094930,"(B) Regional Rural Bank","2016-06-29"
"Syndicate Bank",2813177,1237449,4050626,84304.72,3663972,"(A) Public Sector Banks","2016-07-06"
"Syndicate Bank",1844830,446511,2291341,57929.5,2094930,"(B) Regional Rural Bank","2016-07-06"
"Syndicate Bank",2815744,1238033,4053777,85028.08,3663972,"(A) Public Sector Banks","2016-07-13"
"Syndicate Bank",1854064,447965,2302029,58297.34,2094930,"(B) Regional Rural Bank","2016-07-13"
"Syndicate Bank",2818212,1238606,4056818,87102.41,3663972,"(A) Public Sector Banks","2016-07-20"
"Syndicate Bank",1872486,450961,2323447,58938.25,2094930,"(B) Regional Rural Bank","2016-07-20"
"Syndicate Bank",2819434,1239356,4058790,91218.4,3663972,"(A) Public Sector Banks","2016-07-27"
"Syndicate Bank",1888019,454116,2342135,59151.96,2094930,"(B) Regional Rural Bank","2016-07-27"
"Syndicate Bank",2819514,1240525,4060039,87287.8,3663972,"(A) Public Sector Banks","2016-08-03"
"Syndicate Bank",1903483,456138,2359621,59168.03,2094930,"(B) Regional Rural Bank","2016-08-03"
"Syndicate Bank",2826515,1241388,4067903,90972.19,3668882,"(A) Public Sector Banks","2016-08-10"
"Syndicate Bank",1918939,458801,2377740,59804.3,2094930,"(B) Regional Rural Bank","2016-08-10"
"Syndicate Bank",2836924,1241872,4078796,88668.09,3668882,"(A) Public Sector Banks","2016-08-17"
"Syndicate Bank",1926030,460167,2386197,60368.79,2163772,"(B) Regional Rural Bank","2016-08-17"
"Syndicate Bank",2842294,1242851,4085145,87247.18,3670914,"(A) Public Sector Banks","2016-08-24"
"Syndicate Bank",1939849,464184,2404033,61434.29,2163772,"(B) Regional Rural Bank","2016-08-24"
"Syndicate Bank",2846419,1243146,4089565,91633.98,3669464,"(A) Public Sector Banks","2016-08-31"
"Syndicate Bank",1946686,465501,2412187,61518.03,2163772,"(B) Regional Rural Bank","2016-08-31"
"Syndicate Bank",2838040,1256301,4094341,91850.99,3675431,"(A) Public Sector Banks","2016-09-07"
"Syndicate Bank",1952591,467353,2419944,62616.65,2163772,"(B) Regional Rural Bank","2016-09-07"
"Syndicate Bank",2841214,1256771,4097985,92481.29,3675012,"(A) Public Sector Banks","2016-09-14"
"Syndicate Bank",1957771,468365,2426136,62376.66,2163772,"(B) Regional Rural Bank","2016-09-14"
"Syndicate Bank",2848585,1256722,4105307,92718.26,3674942,"(A) Public Sector Banks","2016-09-21"
"Syndicate Bank",1967598,471346,2438944,62493.97,2163772,"(B) Regional Rural Bank","2016-09-21"
"Syndicate Bank",2853581,1257984,4111565,93695.75,3679216,"(A) Public Sector Banks","2016-09-28"
"Syndicate Bank",1977503,473702,2451205,62510.59,2163772,"(B) Regional Rural Bank","2016-09-28"
"Syndicate Bank",2857434,1259240,4116674,93881.95,3678052,"(A) Public Sector Banks","2016-10-05"
"Syndicate Bank",1983844,474988,2458832,63755.46,2163772,"(B) Regional Rural Bank","2016-10-05"
"Syndicate Bank",2862592,1260225,4122817,92814.96,3679147,"(A) Public Sector Banks","2016-10-19"
"Syndicate Bank",1991210,476605,2467815,63491.04,2235304,"(B) Regional Rural Bank","2016-10-19"
"Syndicate Bank",2865150,1260688,4125838,93116.45,3682430,"(A) Public Sector Banks","2016-10-26"
"Syndicate Bank",1995677,479241,2474918,63556.08,2235304,"(B) Regional Rural Bank","2016-10-26"
"Syndicate Bank",2867656,1261090,4128746,93195.02,3682050,"(A) Public Sector Banks","2016-11-02"
"Syndicate Bank",1997852,479772,2477624,63516.78,2235304,"(B) Regional Rural Bank","2016-11-02"
"Syndicate Bank",2871137,1261501,4132638,92489.43,3683758,"(A) Public Sector Banks","2016-11-09"
"Syndicate Bank",2001660,480644,2482304,63660.72,2235304,"(B) Regional Rural Bank","2016-11-09"
"Syndicate Bank",2873422,1261617,4135039,153919.25,3686674,"(A) Public Sector Banks","2016-11-16"
"Syndicate Bank",2004500,481383,2485883,102729.75,2235304,"(B) Regional Rural Bank","2016-11-16"
"Syndicate Bank",2877399,1261941,4139340,161321.76,3686534,"(A) Public Sector Banks","2016-11-23"
"Syndicate Bank",2006797,481844,2488641,108127.74,2235304,"(B) Regional Rural Bank","2016-11-23"
"Syndicate Bank",2882610,1263281,4145891,157945.23,3686345,"(A) Public Sector Banks","2016-11-30"
"Syndicate Bank",2010753,482539,2493292,108704.76,2235304,"(B) Regional Rural Bank","2016-11-30"
"Syndicate Bank",2892946,1267175,4160121,153329.38,3689759,"(A) Public Sector Banks","2016-12-07"
"Syndicate Bank",2019972,482279,2502251,105869.56,2235304,"(B) Regional Rural Bank","2016-12-07"
"Syndicate Bank",2900914,1270036,4170950,149912.23,3700618,"(A) Public Sector Banks","2016-12-14"
"Syndicate Bank",2026578,483345,2509923,104371.5,2235304,"(B) Regional Rural Bank","2016-12-14"
"Syndicate Bank",2830645,1358011,4188656,146077.89,3711863,"(A) Public Sector Banks","2016-12-21"
"Syndicate Bank",2037180,485117,2522297,103230.29,2235304,"(B) Regional Rural Bank","2016-12-21"
"Syndicate Bank",2844373,1361760,4206133,144277.76,3711604,"(A) Public Sector Banks","2016-12-28"
"Syndicate Bank",2045075,486606,2531681,102746.33,2235304,"(B) Regional Rural Bank","2016-12-28"
"Syndicate Bank",2859425,1365767,4225192,138788.73,3723014,"(A) Public Sector Banks","2017-01-04"
"Syndicate Bank",2051260,487865,2539125,101777.95,2235304,"(B) Regional Rural Bank","2017-01-04"
"Syndicate Bank",2878074,1368873,4246947,134894.61,3728363,"(A) Public Sector Banks","2017-01-11"
"Syndicate Bank",2058243,489497,2547740,99815.43,2235304,"(B) Regional Rural Bank","2017-01-11"
"Syndicate Bank",2891675,1371768,4263443,132907.34,3727947,"(A) Public Sector Banks","2017-01-18"
"Syndicate Bank",2069954,492696,2562650,98557.06,2284694,"(B) Regional Rural Bank","2017-01-18"
"Syndicate Bank",2913757,1374224,4287981,129385.67,3763222,"(A) Public Sector Banks","2017-01-25"
"Syndicate Bank",2076272,493995,2570267,97487.91,2284694,"(B) Regional Rural Bank","2017-01-25"
"Syndicate Bank",2921119,1375566,4296685,128372.41,3768116,"(A) Public Sector Banks","2017-02-01"
"Syndicate Bank",2081557,494789,2576346,96953.04,2284694,"(B) Regional Rural Bank","2017-02-01"
"Syndicate Bank",2933081,1377019,4310100,126319.92,3767651,"(A) Public Sector Banks","2017-02-08"
"Syndicate Bank",2089474,496133,2585607,95191.24,2284694,"(B) Regional Rural Bank","2017-02-08"
"Syndicate Bank",2951656,1379075,4330731,122172.25,3784325,"(A) Public Sector Banks","2017-02-22"
"Syndicate Bank",2096603,497319,2593922,93598.43,2284694,"(B) Regional Rural Bank","2017-02-22"
"Syndicate Bank",2953513,1379143,4332656,120552.62,3840981,"(A) Public Sector Banks","2017-03-01"
"Syndicate Bank",2098017,497539,2595556,92657.31,2284694,"(B) Regional Rural Bank","2017-03-01"
"Syndicate Bank",2958260,1379265,4337525,118243.22,3785768,"(A) Public Sector Banks","2017-03-08"
"Syndicate Bank",2101366,498115,2599481,90868.67,2290574,"(B) Regional Rural Bank","2017-03-08"
"Syndicate Bank",2961483,1378939,4340422,117294.7,3788338,"(A) Public Sector Banks","2017-03-15"
"Syndicate Bank",2102941,497121,2600062,88924.88,2395745,"(B) Regional Rural Bank","2017-03-15"
"Syndicate Bank",2965698,1378549,4344247,117760.12,3783949,"(A) Public Sector Banks","2017-03-22"
"Syndicate Bank",2105053,497330,2602383,89405.33,2395745,"(B) Regional Rural Bank","2017-03-22"
"Syndicate Bank",2969161,1377569,4346730,118230.6,3789114,"(A) Public Sector Banks","2017-03-29"
"Syndicate Bank",2104211,497023,2601234,89420.89,2447165,"(B) Regional Rural Bank","2017-03-29"
"Syndicate Bank",2971615,1376987,4348602,117871.9,3787518,"(A) Public Sector Banks","2017-04-05"
"Syndicate Bank",2103939,497017,2600956,90250.12,2447165,"(B) Regional Rural Bank","2017-04-05"
"Syndicate Bank",2973885,1377210,4351095,116988.22,3789926,"(A) Public Sector Banks","2017-04-12"
"Syndicate Bank",2044618,556515,2601133,89434.4,2469195,"(B) Regional Rural Bank","2017-04-12"
"Syndicate Bank",2976847,1377632,4354479,116525.55,3791632,"(A) Public Sector Banks","2017-04-19"
"Syndicate Bank",2044803,556493,2601296,90984.3,2469473,"(B) Regional Rural Bank","2017-04-19"
"Syndicate Bank",2979105,1378516,4357621,116105.77,3791168,"(A) Public Sector Banks","2017-04-26"
"Syndicate Bank",2045036,556430,2601466,91103.85,2469678,"(B) Regional Rural Bank","2017-04-26"
"Syndicate Bank",2981960,1378326,4360286,115796.58,3790538,"(A) Public Sector Banks","2017-05-03"
"Syndicate Bank",2045044,556413,2601457,90107.12,2469713,"(B) Regional Rural Bank","2017-05-03"
"Syndicate Bank",2984324,1378442,4362766,115386.85,3796741,"(A) Public Sector Banks","2017-05-10"
"Syndicate Bank",2045156,556238,2601394,89427.97,2469713,"(B) Regional Rural Bank","2017-05-10"
"Syndicate Bank",2986324,1378968,4365292,116002.02,3795924,"(A) Public Sector Banks","2017-05-17"
"Syndicate Bank",2045180,556107,2601287,89228.63,2469713,"(B) Regional Rural Bank","2017-05-17"
"Syndicate Bank",2988627,1378101,4366728,115288.68,3792685,"(A) Public Sector Banks","2017-05-24"
"Syndicate Bank",2044686,555713,2600399,87951.82,2469713,"(B) Regional Rural Bank","2017-05-24"
"Syndicate Bank",2991116,1376835,4367951,113764.35,3796732,"(A) Public Sector Banks","2017-05-31"
"Syndicate Bank",2043621,553341,2596962,88014.6,2469713,"(B) Regional Rural Bank","2017-05-31"
"Syndicate Bank",2993258,1376619,4369877,114187.78,3795457,"(A) Public Sector Banks","2017-06-07"
"Syndicate Bank",2041238,551033,2592271,88445.12,2469730,"(B) Regional Rural Bank","2017-06-07"
"Syndicate Bank",2995644,1375822,4371466,114597.23,3793909,"(A) Public Sector Banks","2017-06-14"
"Syndicate Bank",2039759,549889,2589648,87747.04,2469730,"(B) Regional Rural Bank","2017-06-14"
"Syndicate Bank",2999775,1375683,4375458,112328.56,3799068,"(A) Public Sector Banks","2017-06-28"
"Syndicate Bank",2038953,549281,2588234,86350.55,2469730,"(B) Regional Rural Bank","2017-06-28"
"Syndicate Bank",3002867,1376043,4378910,113599.91,3800502,"(A) Public Sector Banks","2017-07-05"
"Syndicate Bank",2039041,549338,2588379,86485.85,2469730,"(B) Regional Rural Bank","2017-07-05"
"Syndicate Bank",3005233,1376571,4381804,114262.52,3800061,"(A) Public Sector Banks","2017-07-12"
"Syndicate Bank",2038817,549116,2587933,86661.52,2469730,"(B) Regional Rural Bank","2017-07-12"
"Syndicate Bank",3008152,1377288,4385440,114029.97,3808556,"(A) Public Sector Banks","2017-07-19"
"Syndicate Bank",2038891,549011,2587902,86190.81,2469730,"(B) Regional Rural Bank","2017-07-19"
"Syndicate Bank",3010924,1377726,4388650,112823.2,3811241,"(A) Public Sector Banks","2017-07-26"
"Syndicate Bank",2038920,549026,2587946,86515.71,2469730,"(B) Regional Rural Bank","2017-07-26"
"Syndicate Bank",3013627,1378254,4391881,114182.58,3810690,"(A) Public Sector Banks","2017-08-02"
"Syndicate Bank",2038931,549027,2587958,86532.54,2469730,"(B) Regional Rural Bank","2017-08-02"
"Syndicate Bank",3016528,1378895,4395423,114884.71,3810383,"(A) Public Sector Banks","2017-08-09"
"Syndicate Bank",2038949,549037,2587986,86947.48,2469730,"(B) Regional Rural Bank","2017-08-09"
"Syndicate Bank",3018760,1379378,4398138,114994.21,3810213,"(A) Public Sector Banks","2017-08-16"
"Syndicate Bank",2038957,549038,2587995,87404.86,2469730,"(B) Regional Rural Bank","2017-08-16"
"Syndicate Bank",3022994,1379618,4402612,114630.44,3809949,"(A) Public Sector Banks","2017-08-23"
"Syndicate Bank",2038989,549053,2588042,87030.83,2469730,"(B) Regional Rural Bank","2017-08-23"
"Syndicate Bank",3022994,1379618,4402612,114630.44,3809949,"(A) Public Sector Banks","2017-08-30"
"Syndicate Bank",2038995,549055,2588050,86989.37,2469730,"(B) Regional Rural Bank","2017-08-30"
"Syndicate Bank",3022994,1379618,4402612,114630.44,3809949,"(A) Public Sector Banks","2017-09-06"
"Syndicate Bank",2038995,549055,2588050,86989.37,2469730,"(B) Regional Rural Bank","2017-09-06"
"Syndicate Bank",3022994,1379618,4402612,114630.44,3809949,"(A) Public Sector Banks","2017-09-13"
"Syndicate Bank",2039006,549056,2588062,87366,2469730,"(B) Regional Rural Bank","2017-09-13"
"Syndicate Bank",3022994,1379618,4402612,114630.44,3809949,"(A) Public Sector Banks","2017-09-20"
"Syndicate Bank",2039016,549056,2588072,87351.33,2469730,"(B) Regional Rural Bank","2017-09-20"
"Syndicate Bank",3022994,1379618,4402612,114630.44,3809949,"(A) Public Sector Banks","2017-09-27"
"Syndicate Bank",2039022,549057,2588079,86561.99,2469730,"(B) Regional Rural Bank","2017-09-27"
"Syndicate Bank",3022994,1379618,4402612,114630.44,3809949,"(A) Public Sector Banks","2017-10-04"
"Syndicate Bank",2039025,549057,2588082,86561.99,2469730,"(B) Regional Rural Bank","2017-10-04"
"Syndicate Bank",3022994,1379618,4402612,114630.44,3809949,"(A) Public Sector Banks","2017-10-11"
"Syndicate Bank",2039563,547875,2587438,86330.01,2469730,"(B) Regional Rural Bank","2017-10-11"
"Syndicate Bank",3022994,1379618,4402612,114630.44,3809949,"(A) Public Sector Banks","2017-10-18"
"Syndicate Bank",2039583,547835,2587418,86273.24,2469730,"(B) Regional Rural Bank","2017-10-18"
"Syndicate Bank",3022994,1379618,4402612,114630.44,3809949,"(A) Public Sector Banks","2017-11-01"
"Syndicate Bank",2038306,547653,2585959,86580.28,2469730,"(B) Regional Rural Bank","2017-11-01"
"Syndicate Bank",3022994,1379618,4402612,114630.44,3809949,"(A) Public Sector Banks","2017-11-08"
"Syndicate Bank",2037548,547592,2585140,86540.7,2469730,"(B) Regional Rural Bank","2017-11-08"
"Syndicate Bank",3022994,1379618,4402612,114630.44,3809949,"(A) Public Sector Banks","2017-11-15"
"Syndicate Bank",2037447,547523,2584970,86540.7,2469730,"(B) Regional Rural Bank","2017-11-15"
"Syndicate Bank",3022994,1379618,4402612,114630.44,3809949,"(A) Public Sector Banks","2017-11-22"
"Syndicate Bank",2034734,545678,2580412,87402.94,2469730,"(B) Regional Rural Bank","2017-11-22"
"Syndicate Bank",3049848,1384107,4433955,123236.17,3857794,"(A) Public Sector Banks","2017-11-29"
"Syndicate Bank",2035484,545836,2581320,88149.71,2469730,"(B) Regional Rural Bank","2017-11-29"
"Syndicate Bank",3051118,1384254,4435372,124608.84,3857395,"(A) Public Sector Banks","2017-12-06"
"Syndicate Bank",2035197,546859,2582056,89051.32,2469730,"(B) Regional Rural Bank","2017-12-06"
"Syndicate Bank",3052031,1384344,4436375,125975.86,3856912,"(A) Public Sector Banks","2017-12-13"
"Syndicate Bank",2032400,547386,2579786,90489.94,2469730,"(B) Regional Rural Bank","2017-12-13"
"Syndicate Bank",3053245,1384752,4437997,127389.45,3856510,"(A) Public Sector Banks","2017-12-20"
"Syndicate Bank",2029438,547972,2577410,90408.26,2469730,"(B) Regional Rural Bank","2017-12-20"
"Syndicate Bank",3054091,1384864,4438955,127546.63,3856188,"(A) Public Sector Banks","2017-12-27"
"Syndicate Bank",2021754,552551,2574305,91102.8,2469730,"(B) Regional Rural Bank","2017-12-27"
"Syndicate Bank",3055372,1385090,4440462,131790.43,3855775,"(A) Public Sector Banks","2018-01-03"
"Syndicate Bank",2018729,552777,2571506,91704.6,2469730,"(B) Regional Rural Bank","2018-01-03"
"Syndicate Bank",3056194,1385374,4441568,133787.4,3855030,"(A) Public Sector Banks","2018-01-10"
"Syndicate Bank",2014030,553834,2567864,91704.6,2469730,"(B) Regional Rural Bank","2018-01-10"
"Syndicate Bank",3057610,1384365,4441975,135082.8,3854161,"(A) Public Sector Banks","2018-01-17"
"Syndicate Bank",2017484,547175,2564659,92334.95,2469730,"(B) Regional Rural Bank","2018-01-17"
"Syndicate Bank",3058855,1384418,4443273,132926.68,3872619,"(A) Public Sector Banks","2018-01-24"
"Syndicate Bank",2017765,547386,2565151,93594.81,2469730,"(B) Regional Rural Bank","2018-01-24"
"Syndicate Bank",3059680,1384670,4444350,131775.82,3876304,"(A) Public Sector Banks","2018-01-31"
"Syndicate Bank",2017236,547641,2564877,94316.13,2469730,"(B) Regional Rural Bank","2018-01-31"
"Syndicate Bank",3060820,1384790,4445610,130193.47,3878626,"(A) Public Sector Banks","2018-02-07"
"Syndicate Bank",2018024,547862,2565886,94459.14,2469730,"(B) Regional Rural Bank","2018-02-07"
"Syndicate Bank",3061525,1385030,4446555,129439.53,3880199,"(A) Public Sector Banks","2018-02-14"
"Syndicate Bank",2018168,548175,2566343,94562.37,2487837,"(B) Regional Rural Bank","2018-02-14"
"Syndicate Bank",3053212,1381878,4435090,123035.79,3870642,"(A) Public Sector Banks","2018-02-21"
"Syndicate Bank",1953586,533332,2486918,95660.56,2414115,"(B) Regional Rural Bank","2018-02-21"
"Syndicate Bank",3055363,1380996,4436359,124785.33,3883004,"(A) Public Sector Banks","2018-03-07"
"Syndicate Bank",2021479,549121,2570600,96104.88,2487837,"(B) Regional Rural Bank","2018-03-07"
"Syndicate Bank",3055844,1381311,4437155,124383.1,3883800,"(A) Public Sector Banks","2018-03-14"
"Syndicate Bank",2022295,549293,2571588,96818.15,2487837,"(B) Regional Rural Bank","2018-03-14"
"Syndicate Bank",3055830,1381746,4437576,124545.07,3884221,"(A) Public Sector Banks","2018-03-21"
"Syndicate Bank",2022831,549417,2572248,97646.6,2487837,"(B) Regional Rural Bank","2018-03-21"
"Syndicate Bank",3057235,1380460,4437695,127305.72,3884340,"(A) Public Sector Banks","2018-03-28"
"Syndicate Bank",2023219,549499,2572718,98971.7,2487837,"(B) Regional Rural Bank","2018-03-28"
"Syndicate Bank",3057498,1380461,4437959,128021.57,3884482,"(A) Public Sector Banks","2018-04-04"
"Syndicate Bank",2023295,549512,2572807,100182.63,2487837,"(B) Regional Rural Bank","2018-04-04"
"Syndicate Bank",3058292,1380574,4438866,128400.13,3884631,"(A) Public Sector Banks","2018-04-11"
"Syndicate Bank",2023595,549579,2573174,100308.29,2487837,"(B) Regional Rural Bank","2018-04-11"
"Syndicate Bank",3059136,1380748,4439884,126515.34,3884631,"(A) Public Sector Banks","2018-04-18"
"Syndicate Bank",2023764,549607,2573371,101394.76,2487837,"(B) Regional Rural Bank","2018-04-18"
"Syndicate Bank",3060994,1381209,4442203,125347.84,3884953,"(A) Public Sector Banks","2018-04-25"
"Syndicate Bank",2024002,549652,2573654,101075.48,2487882,"(B) Regional Rural Bank","2018-04-25"
"Syndicate Bank",3062781,1381589,4444370,125564.75,3885205,"(A) Public Sector Banks","2018-05-02"
"Syndicate Bank",2024522,547116,2571638,102851.39,2487882,"(B) Regional Rural Bank","2018-05-02"
"Syndicate Bank",3067849,1383079,4450928,127491.97,3885355,"(A) Public Sector Banks","2018-05-09"
"Syndicate Bank",2025087,547141,2572228,102367.39,2487882,"(B) Regional Rural Bank","2018-05-09"
"Syndicate Bank",3071365,1384212,4455577,126259.5,3882404,"(A) Public Sector Banks","2018-05-23"
"Syndicate Bank",2025472,547093,2572565,103123.79,2470628,"(B) Regional Rural Bank","2018-05-23"
"Syndicate Bank",3072137,1384650,4456787,126618.02,3946200,"(A) Public Sector Banks","2018-05-30"
"Syndicate Bank",2025585,547053,2572638,102874.93,2487882,"(B) Regional Rural Bank","2018-05-30"
"Syndicate Bank",3073931,1385388,4459319,128065.65,3950081,"(A) Public Sector Banks","2018-06-06"
"Syndicate Bank",2025831,547073,2572904,103607.96,2470628,"(B) Regional Rural Bank","2018-06-06"
"Syndicate Bank",3075702,1385898,4461600,127405.95,3950084,"(A) Public Sector Banks","2018-06-13"
"Syndicate Bank",2026046,547058,2573104,104042.15,2470628,"(B) Regional Rural Bank","2018-06-13"
"Syndicate Bank",3077172,1386824,4463996,127357.67,3950101,"(A) Public Sector Banks","2018-06-20"
"Syndicate Bank",2026303,546952,2573255,103827.3,2470628,"(B) Regional Rural Bank","2018-06-20"
"Syndicate Bank",3079611,1387279,4466890,128080.51,3954874,"(A) Public Sector Banks","2018-06-27"
"Syndicate Bank",2026654,546819,2573473,99408.33,2470628,"(B) Regional Rural Bank","2018-06-27"
"Syndicate Bank",3082154,1388294,4470448,129924.85,3961737,"(A) Public Sector Banks","2018-07-04"
"Syndicate Bank",2027013,546744,2573757,100641.54,2470628,"(B) Regional Rural Bank","2018-07-04"
"Syndicate Bank",3091072,1390359,4481431,131546.43,3961737,"(A) Public Sector Banks","2018-07-18"
"Syndicate Bank",2028655,546705,2575360,99903.25,2470628,"(B) Regional Rural Bank","2018-07-18"
"Syndicate Bank",3102600,1392475,4495075,130507.53,3973416,"(A) Public Sector Banks","2018-08-01"
"Syndicate Bank",2038606,550806,2589412,99027.89,2470628,"(B) Regional Rural Bank","2018-08-01"
"Syndicate Bank",3110783,1394343,4505126,132198.61,3975444,"(A) Public Sector Banks","2018-08-08"
"Syndicate Bank",2042942,552832,2595774,101215.86,2470628,"(B) Regional Rural Bank","2018-08-08"
"Syndicate Bank",3114780,1395462,4510242,131661.43,3982014,"(A) Public Sector Banks","2018-08-15"
"Syndicate Bank",2056733,554655,2611388,96665.2,2470628,"(B) Regional Rural Bank","2018-08-15"
"Syndicate Bank",3119255,1395831,4515086,131072.11,3984468,"(A) Public Sector Banks","2018-08-22"
"Syndicate Bank",2065514,555029,2620543,96270.84,2470628,"(B) Regional Rural Bank","2018-08-22"
"Syndicate Bank",3123128,1397676,4520804,132363.64,3986268,"(A) Public Sector Banks","2018-08-29"
"Syndicate Bank",2069855,555348,2625203,96255.61,2470628,"(B) Regional Rural Bank","2018-08-29"
"Syndicate Bank",3129281,1399558,4528839,134257.58,3986011,"(A) Public Sector Banks","2018-09-05"
"Syndicate Bank",2070822,555546,2626368,98116.35,2470628,"(B) Regional Rural Bank","2018-09-05"
"Syndicate Bank",3134845,1400407,4535252,134927.57,3994112,"(A) Public Sector Banks","2018-09-12"
"Syndicate Bank",2071240,555769,2627009,98190.47,2470628,"(B) Regional Rural Bank","2018-09-12"
"Syndicate Bank",3141967,1401971,4543938,134831.02,3994918,"(A) Public Sector Banks","2018-09-19"
"Syndicate Bank",2072641,556353,2628994,97846.04,2504218,"(B) Regional Rural Bank","2018-09-19"
"Syndicate Bank",3148833,1403606,4552439,134814.16,3997456,"(A) Public Sector Banks","2018-09-26"
"Syndicate Bank",2074820,556962,2631782,97885.55,2504218,"(B) Regional Rural Bank","2018-09-26"
"Syndicate Bank",3154095,1404766,4558861,137142.51,3996541,"(A) Public Sector Banks","2018-10-03"
"Syndicate Bank",2077498,557022,2634520,98953.94,2504218,"(B) Regional Rural Bank","2018-10-03"
"Syndicate Bank",3165570,1408152,4573722,138040.3,3998677,"(A) Public Sector Banks","2018-10-10"
"Syndicate Bank",2080199,557308,2637507,98938.76,2504218,"(B) Regional Rural Bank","2018-10-10"
"Syndicate Bank",3172961,1407749,4580710,138096.36,4000379,"(A) Public Sector Banks","2018-10-17"
"Syndicate Bank",2083811,558217,2642028,98901.52,2504218,"(B) Regional Rural Bank","2018-10-17"
"Syndicate Bank",3177068,1409369,4586437,138031.56,4001374,"(A) Public Sector Banks","2018-10-24"
"Syndicate Bank",2091521,561566,2653087,99222.37,2505826,"(B) Regional Rural Bank","2018-10-24"
"Syndicate Bank",3180358,1410262,4590620,139029.71,4003243,"(A) Public Sector Banks","2018-10-31"
"Syndicate Bank",2095247,562690,2657937,99031.2,2511308,"(B) Regional Rural Bank","2018-10-31"
"Syndicate Bank",3180931,1410632,4591563,140395.58,4003572,"(A) Public Sector Banks","2018-11-07"
"Syndicate Bank",2096960,562757,2659717,99077.65,2511308,"(B) Regional Rural Bank","2018-11-07"
"Syndicate Bank",3185261,1411613,4596874,139596.4,4012794,"(A) Public Sector Banks","2018-11-14"
"Syndicate Bank",2097988,563329,2661317,99543.67,2511702,"(B) Regional Rural Bank","2018-11-14"
"Syndicate Bank",3190560,1413222,4603782,139333.72,4017403,"(A) Public Sector Banks","2018-11-21"
"Syndicate Bank",2100054,564391,2664445,99957.53,2518163,"(B) Regional Rural Bank","2018-11-21"
"Syndicate Bank",3193853,1414393,4608246,142322.43,4020587,"(A) Public Sector Banks","2018-11-28"
"Syndicate Bank",2101890,565200,2667090,101651.28,2521361,"(B) Regional Rural Bank","2018-11-28"
"Syndicate Bank",3192209,1422767,4614976,143235.38,4020978,"(A) Public Sector Banks","2018-12-05"
"Syndicate Bank",2105776,566952,2672728,95530.8,2521390,"(B) Regional Rural Bank","2018-12-05"
"Syndicate Bank",3197126,1424173,4621299,143250.39,4022124,"(A) Public Sector Banks","2018-12-12"
"Syndicate Bank",2112354,571298,2683652,102903.91,2528782,"(B) Regional Rural Bank","2018-12-12"
"Syndicate Bank",3202476,1425442,4627918,142982.87,4023255,"(A) Public Sector Banks","2018-12-19"
"Syndicate Bank",2118111,575210,2693321,94827.42,2528782,"(B) Regional Rural Bank","2018-12-19"
"Syndicate Bank",3203756,1425931,4629687,143383.24,4024120,"(A) Public Sector Banks","2018-12-26"
"Syndicate Bank",2121707,576716,2698423,102081.94,2531487,"(B) Regional Rural Bank","2018-12-26"
"Syndicate Bank",3207639,1427127,4634766,144201.04,4024529,"(A) Public Sector Banks","2019-01-02"
"Syndicate Bank",2122529,577714,2700243,104970.24,2533710,"(B) Regional Rural Bank","2019-01-02"
"Syndicate Bank",3215414,1429247,4644661,145387.02,4032877,"(A) Public Sector Banks","2019-01-16"
"Syndicate Bank",2129174,579666,2708840,106494.21,2535294,"(B) Regional Rural Bank","2019-01-16"
"Syndicate Bank",3221856,1431443,4653299,144724.36,4033936,"(A) Public Sector Banks","2019-01-23"
"Syndicate Bank",2132392,580941,2713333,119228.11,2536015,"(B) Regional Rural Bank","2019-01-23"
