Bank Name / Type,Number of Beneficiaries at rural/semiurban centre bank branches,Number of Beneficiaries at urban metro centre bank branches,Number of Total Beneficiaries,Deposits in Accounts(In lac),Number of Rupay Debit Cards issued to beneficiaries,level,date
"UCO Bank",718187,768684,1486871,1663.74,503621,"(A) Public Sector Banks","2014-09-24"
"UCO Bank",791743,846370,1638113,6628.86,619740,"(A) Public Sector Banks","2014-10-01"
"UCO Bank",814077,868417,1682494,1680.94,665302,"(A) Public Sector Banks","2014-10-08"
"UCO Bank",893439,938159,1831598,1469.03,781653,"(A) Public Sector Banks","2014-10-15"
"UCO Bank",932941,969517,1902458,831.36,390709,"(A) Public Sector Banks","2014-10-22"
"UCO Bank",191019,7273,198292,1002.59,9744,"(B) Regional Rural Bank","2014-10-22"
"UCO Bank",969136,991000,1960136,25871.41,1007516,"(A) Public Sector Banks","2014-10-29"
"UCO Bank",239739,7389,247128,1072.33,10742,"(B) Regional Rural Bank","2014-10-29"
"UCO Bank",990158,1031129,2021287,30467.98,1349910,"(A) Public Sector Banks","2014-11-05"
"UCO Bank",243959,7950,251909,1119.17,11291,"(B) Regional Rural Bank","2014-11-05"
"UCO Bank",1028161,1050907,2079068,35345,1640,"(A) Public Sector Banks","2014-11-12"
"UCO Bank",259741,7978,267719,1.28,11691,"(B) Regional Rural Bank","2014-11-12"
"UCO Bank",1060525,1089277,2149802,40733.52,1770102,"(A) Public Sector Banks","2014-11-19"
"UCO Bank",310981,8042,319023,1.42,11838,"(B) Regional Rural Bank","2014-11-19"
"UCO Bank",1087470,1122296,2209766,36646.33,2151417,"(A) Public Sector Banks","2014-11-26"
"UCO Bank",321738,8138,329876,2.72,13032,"(B) Regional Rural Bank","2014-11-26"
"UCO Bank",1177288,1215393,2392681,32441.97,2352141,"(A) Public Sector Banks","2014-12-03"
"UCO Bank",330975,8239,339214,2790.43,129107,"(B) Regional Rural Bank","2014-12-03"
"UCO Bank",1321770,1346782,2668552,28612.18,2592764,"(A) Public Sector Banks","2014-12-10"
"UCO Bank",340535,8257,348792,3017.52,141477,"(B) Regional Rural Bank","2014-12-10"
"UCO Bank",1396785,1466957,2863742,25766.58,2832335,"(A) Public Sector Banks","2014-12-17"
"UCO Bank",369024,8356,377380,3432.19,241477,"(B) Regional Rural Bank","2014-12-17"
"UCO Bank",1484223,1556767,3040990,27773.65,2941692,"(A) Public Sector Banks","2014-12-24"
"UCO Bank",399501,8530,408031,3766.19,264263,"(B) Regional Rural Bank","2014-12-24"
"UCO Bank",1528448,1610822,3139270,29825.55,3006076,"(A) Public Sector Banks","2014-12-31"
"UCO Bank",410786,8596,419382,3908.8,269599,"(B) Regional Rural Bank","2014-12-31"
"UCO Bank",1578418,1660053,3238471,32107.37,3148684,"(A) Public Sector Banks","2015-01-07"
"UCO Bank",418940,8682,427622,4220.71,288446,"(B) Regional Rural Bank","2015-01-07"
"UCO Bank",1612086,1700036,3312122,34417.71,3202734,"(A) Public Sector Banks","2015-01-14"
"UCO Bank",428329,8786,437115,4243.42,329435,"(B) Regional Rural Bank","2015-01-14"
"UCO Bank",1841589,1924268,3765857,38492.74,3377350,"(A) Public Sector Banks","2015-01-28"
"UCO Bank",447585,9015,456600,4422.42,329435,"(B) Regional Rural Bank","2015-01-28"
"UCO Bank",1895681,1974626,3870307,41539.08,3449496,"(A) Public Sector Banks","2015-02-04"
"UCO Bank",453666,9386,463052,4521.02,358799,"(B) Regional Rural Bank","2015-02-04"
"UCO Bank",1943079,2020774,3963853,44220.35,3511451,"(A) Public Sector Banks","2015-02-11"
"UCO Bank",460541,10013,470554,4867.39,358799,"(B) Regional Rural Bank","2015-02-11"
"UCO Bank",1982739,2065906,4048645,46571.97,3559998,"(A) Public Sector Banks","2015-02-18"
"UCO Bank",486569,11469,498038,5252.69,358799,"(B) Regional Rural Bank","2015-02-18"
"UCO Bank",2019772,2111494,4131266,48931.74,3672265,"(A) Public Sector Banks","2015-02-25"
"UCO Bank",493210,11671,504881,5447.98,424499,"(B) Regional Rural Bank","2015-02-25"
"UCO Bank",2063445,2158073,4221518,52126.33,3828373,"(A) Public Sector Banks","2015-03-04"
"UCO Bank",497517,11837,509354,5494.97,424499,"(B) Regional Rural Bank","2015-03-04"
"UCO Bank",2092895,2189522,4282417,53870.43,3885569,"(A) Public Sector Banks","2015-03-11"
"UCO Bank",507661,12075,519736,5811.33,463499,"(B) Regional Rural Bank","2015-03-11"
"UCO Bank",2136574,2234875,4371449,56359.08,4011355,"(A) Public Sector Banks","2015-03-18"
"UCO Bank",514335,12225,526560,5988.57,463499,"(B) Regional Rural Bank","2015-03-18"
"UCO Bank",2171204,2276203,4447407,58542.98,4097249,"(A) Public Sector Banks","2015-03-25"
"UCO Bank",520131,12945,533076,6290.72,470499,"(B) Regional Rural Bank","2015-03-25"
"UCO Bank",2190412,2296374,4486786,60442.31,4217564,"(A) Public Sector Banks","2015-04-01"
"UCO Bank",523177,13120,536297,6551.46,470499,"(B) Regional Rural Bank","2015-04-01"
"UCO Bank",2216584,2318978,4535562,63037.72,4255429,"(A) Public Sector Banks","2015-04-08"
"UCO Bank",525638,13339,538977,6562.32,470499,"(B) Regional Rural Bank","2015-04-08"
"UCO Bank",2237517,2341146,4578663,64273.38,4295863,"(A) Public Sector Banks","2015-04-15"
"UCO Bank",530711,13526,544237,6597.55,470499,"(B) Regional Rural Bank","2015-04-15"
"UCO Bank",2269668,2370940,4640608,65966.28,4491412,"(A) Public Sector Banks","2015-04-22"
"UCO Bank",535070,13787,548857,6639.87,470499,"(B) Regional Rural Bank","2015-04-22"
"UCO Bank",2296701,2396800,4693501,67602.32,4529074,"(A) Public Sector Banks","2015-04-29"
"UCO Bank",570276,15091,585367,6654.4,470499,"(B) Regional Rural Bank","2015-04-29"
"UCO Bank",2314747,2417702,4732449,69768.66,4567925,"(A) Public Sector Banks","2015-05-06"
"UCO Bank",597065,15838,612903,6793.02,470499,"(B) Regional Rural Bank","2015-05-06"
"UCO Bank",2344000,2444967,4788967,72031.8,4623857,"(A) Public Sector Banks","2015-05-13"
"UCO Bank",600718,16077,616795,6804.78,470499,"(B) Regional Rural Bank","2015-05-13"
"UCO Bank",2372338,2473431,4845769,74003.51,4676731,"(A) Public Sector Banks","2015-05-20"
"UCO Bank",604086,16162,620248,6927.9,470499,"(B) Regional Rural Bank","2015-05-20"
"UCO Bank",2428990,2528416,4957406,78779.12,4808535,"(A) Public Sector Banks","2015-06-03"
"UCO Bank",610867,16485,627352,7364.33,470499,"(B) Regional Rural Bank","2015-06-03"
"UCO Bank",2477111,2585735,5062846,81078.24,4892654,"(A) Public Sector Banks","2015-06-10"
"UCO Bank",616060,16706,632766,7465.5,470499,"(B) Regional Rural Bank","2015-06-10"
"UCO Bank",2500131,2606738,5106869,82604.52,4931921,"(A) Public Sector Banks","2015-06-17"
"UCO Bank",618967,16918,635885,7552.11,470499,"(B) Regional Rural Bank","2015-06-17"
"UCO Bank",2532912,2641783,5174695,85083.72,4998838,"(A) Public Sector Banks","2015-06-24"
"UCO Bank",620952,16947,637899,7563.38,524144,"(B) Regional Rural Bank","2015-06-24"
"UCO Bank",2560838,2666430,5227268,87356.41,5053956,"(A) Public Sector Banks","2015-07-01"
"UCO Bank",631428,17379,648807,7575.46,524144,"(B) Regional Rural Bank","2015-07-01"
"UCO Bank",2591475,2696261,5287736,90595.57,5106976,"(A) Public Sector Banks","2015-07-08"
"UCO Bank",638796,18795,657591,7866.32,494761,"(B) Regional Rural Bank","2015-07-08"
"UCO Bank",2633367,2737141,5370508,93431.71,5189232,"(A) Public Sector Banks","2015-07-15"
"UCO Bank",643216,19232,662448,3012.87,494761,"(B) Regional Rural Bank","2015-07-15"
"UCO Bank",2655872,2760299,5416171,94409.94,5241143,"(A) Public Sector Banks","2015-07-22"
"UCO Bank",660240,20354,680594,3180.89,536839,"(B) Regional Rural Bank","2015-07-22"
"UCO Bank",2699720,2802216,5501936,96330.77,5324603,"(A) Public Sector Banks","2015-07-29"
"UCO Bank",665183,20625,685808,8120.92,536839,"(B) Regional Rural Bank","2015-07-29"
"UCO Bank",2734797,2838216,5573013,99327.98,5398035,"(A) Public Sector Banks","2015-08-05"
"UCO Bank",670767,20780,691547,8127.51,536839,"(B) Regional Rural Bank","2015-08-05"
"UCO Bank",2768610,2873554,5642164,101839.57,5468143,"(A) Public Sector Banks","2015-08-12"
"UCO Bank",675447,20947,696394,8150.72,536839,"(B) Regional Rural Bank","2015-08-12"
"UCO Bank",2801328,2907647,5708975,103227.39,5533714,"(A) Public Sector Banks","2015-08-19"
"UCO Bank",679591,21672,701263,8468.11,536839,"(B) Regional Rural Bank","2015-08-19"
"UCO Bank",2832168,2938596,5770764,104223.73,5601780,"(A) Public Sector Banks","2015-08-26"
"UCO Bank",683836,21886,705722,8474.59,536839,"(B) Regional Rural Bank","2015-08-26"
"UCO Bank",2859586,2967068,5826654,105871.28,5677982,"(A) Public Sector Banks","2015-09-02"
"UCO Bank",690631,22082,712713,8535.51,536839,"(B) Regional Rural Bank","2015-09-02"
"UCO Bank",2907662,3015008,5922670,110213.27,5781032,"(A) Public Sector Banks","2015-09-09"
"UCO Bank",694422,22267,716689,8556.05,536839,"(B) Regional Rural Bank","2015-09-09"
"UCO Bank",2933953,3045034,5978987,111980.51,5834379,"(A) Public Sector Banks","2015-09-16"
"UCO Bank",698034,22594,720628,8564.39,536839,"(B) Regional Rural Bank","2015-09-16"
"UCO Bank",2967480,3079948,6047428,113261.47,5876129,"(A) Public Sector Banks","2015-09-23"
"UCO Bank",725563,23766,749329,8590.84,536839,"(B) Regional Rural Bank","2015-09-23"
"UCO Bank",3009478,3130725,6140203,117817.37,5975460,"(A) Public Sector Banks","2015-10-07"
"UCO Bank",739889,24465,764354,12826.73,536839,"(B) Regional Rural Bank","2015-10-07"
"UCO Bank",3029513,3153256,6182769,119979.11,6010584,"(A) Public Sector Banks","2015-10-14"
"UCO Bank",784049,24697,808746,12837.83,536839,"(B) Regional Rural Bank","2015-10-14"
"UCO Bank",3029513,3153256,6182769,119979.11,6010584,"(A) Public Sector Banks","2015-10-21"
"UCO Bank",784049,24697,808746,12837.83,536839,"(B) Regional Rural Bank","2015-10-21"
"UCO Bank",3061648,3189508,6251156,120973.98,6072806,"(A) Public Sector Banks","2015-10-28"
"UCO Bank",786408,24926,811334,12834.43,536839,"(B) Regional Rural Bank","2015-10-28"
"UCO Bank",3085821,3215732,6301553,124354.62,6123351,"(A) Public Sector Banks","2015-11-04"
"UCO Bank",805820,25701,831521,12903.82,536839,"(B) Regional Rural Bank","2015-11-04"
"UCO Bank",3102050,3233495,6335545,125361.09,6164533,"(A) Public Sector Banks","2015-11-11"
"UCO Bank",806384,25705,832089,12909.71,536839,"(B) Regional Rural Bank","2015-11-11"
"UCO Bank",3120008,3251401,6371409,126005.26,6171693,"(A) Public Sector Banks","2015-11-18"
"UCO Bank",811518,26178,837696,13010.79,536839,"(B) Regional Rural Bank","2015-11-18"
"UCO Bank",3136282,3270900,6407182,125862.5,6223397,"(A) Public Sector Banks","2015-11-25"
"UCO Bank",812774,26183,838957,13015.25,536839,"(B) Regional Rural Bank","2015-11-25"
"UCO Bank",3155253,3291803,6447056,128928.67,6246675,"(A) Public Sector Banks","2015-12-02"
"UCO Bank",814227,26188,840415,13018.9,536839,"(B) Regional Rural Bank","2015-12-02"
"UCO Bank",3174244,3291803,6466047,130036.47,6289942,"(A) Public Sector Banks","2015-12-09"
"UCO Bank",827743,26715,854458,13147.77,536839,"(B) Regional Rural Bank","2015-12-09"
"UCO Bank",3193840,3320226,6514066,131600.29,6323602,"(A) Public Sector Banks","2015-12-16"
"UCO Bank",833286,26970,860256,13169.95,536839,"(B) Regional Rural Bank","2015-12-16"
"UCO Bank",3209012,3334093,6543105,132840.43,6353763,"(A) Public Sector Banks","2015-12-23"
"UCO Bank",833286,26970,860256,13169.95,536839,"(B) Regional Rural Bank","2015-12-23"
"UCO Bank",3224454,3348310,6572764,134604.09,6377525,"(A) Public Sector Banks","2015-12-30"
"UCO Bank",850718,27588,878306,13185.07,536839,"(B) Regional Rural Bank","2015-12-30"
"UCO Bank",3262766,3386158,6648924,139633.83,6450464,"(A) Public Sector Banks","2016-01-06"
"UCO Bank",864441,28489,892930,13541.7,536839,"(B) Regional Rural Bank","2016-01-06"
"UCO Bank",3309005,3415824,6724829,142498.67,6526248,"(A) Public Sector Banks","2016-01-13"
"UCO Bank",871802,29152,900954,13560.45,536839,"(B) Regional Rural Bank","2016-01-13"
"UCO Bank",3342614,3445988,6788602,144538.88,6590003,"(A) Public Sector Banks","2016-01-20"
"UCO Bank",880132,29759,909891,13576.03,536839,"(B) Regional Rural Bank","2016-01-20"
"UCO Bank",3342614,3445988,6788602,144538.88,6590003,"(A) Public Sector Banks","2016-01-27"
"UCO Bank",880132,29759,909891,13576.03,536839,"(B) Regional Rural Bank","2016-01-27"
"UCO Bank",3454090,3527110,6981200,152103.18,6741350,"(A) Public Sector Banks","2016-02-10"
"UCO Bank",897433,31054,928487,13858.44,536839,"(B) Regional Rural Bank","2016-02-10"
"UCO Bank",3482701,3547550,7030251,153854.36,6763560,"(A) Public Sector Banks","2016-02-17"
"UCO Bank",899060,31069,930129,13863.46,536839,"(B) Regional Rural Bank","2016-02-17"
"UCO Bank",3482704,3547556,7030260,153854.36,6763560,"(A) Public Sector Banks","2016-02-24"
"UCO Bank",900692,31365,932057,13868.46,536839,"(B) Regional Rural Bank","2016-02-24"
"UCO Bank",3537386,3597034,7134420,159014.42,6828391,"(A) Public Sector Banks","2016-03-02"
"UCO Bank",914017,31978,945995,14279.39,536839,"(B) Regional Rural Bank","2016-03-02"
"UCO Bank",3554367,3615073,7169440,160839.68,6828391,"(A) Public Sector Banks","2016-03-09"
"UCO Bank",914611,31980,946591,14286.67,536839,"(B) Regional Rural Bank","2016-03-09"
"UCO Bank",3554408,3616977,7171385,163279.86,6864271,"(A) Public Sector Banks","2016-03-16"
"UCO Bank",965828,31989,997817,17817.75,536839,"(B) Regional Rural Bank","2016-03-16"
"UCO Bank",3567427,3631764,7199191,165071.25,6864271,"(A) Public Sector Banks","2016-03-23"
"UCO Bank",965828,31989,997817,17817.75,536839,"(B) Regional Rural Bank","2016-03-23"
"UCO Bank",3575952,3644227,7220179,166889.4,6890760,"(A) Public Sector Banks","2016-03-30"
"UCO Bank",966069,32004,998073,9126.7,536839,"(B) Regional Rural Bank","2016-03-30"
"UCO Bank",3592101,3662511,7254612,170584.09,6907437,"(A) Public Sector Banks","2016-04-06"
"UCO Bank",966211,32012,998223,17832.84,536839,"(B) Regional Rural Bank","2016-04-06"
"UCO Bank",3592101,3662511,7254612,170584.09,6907437,"(A) Public Sector Banks","2016-04-13"
"UCO Bank",966211,32012,998223,17832.84,536839,"(B) Regional Rural Bank","2016-04-13"
"UCO Bank",3597531,3665828,7263359,170280.42,6916513,"(A) Public Sector Banks","2016-04-20"
"UCO Bank",1016018,35451,1051469,18761.75,536839,"(B) Regional Rural Bank","2016-04-20"
"UCO Bank",3602153,3683380,7285533,170293.99,6916513,"(A) Public Sector Banks","2016-04-27"
"UCO Bank",1016018,35451,1051469,18761.75,536839,"(B) Regional Rural Bank","2016-04-27"
"UCO Bank",3602153,3683380,7285533,170293.99,6916513,"(A) Public Sector Banks","2016-05-04"
"UCO Bank",1016018,35451,1051469,18761.75,536839,"(B) Regional Rural Bank","2016-05-04"
"UCO Bank",3622862,3698437,7321299,174711.67,6930196,"(A) Public Sector Banks","2016-05-11"
"UCO Bank",1017807,35504,1053311,18770.07,536839,"(B) Regional Rural Bank","2016-05-11"
"UCO Bank",3622862,3698437,7321299,174711.67,6930196,"(A) Public Sector Banks","2016-05-18"
"UCO Bank",1017807,35504,1053311,18770.07,536839,"(B) Regional Rural Bank","2016-05-18"
"UCO Bank",3631613,3685489,7317102,174431.78,6938242,"(A) Public Sector Banks","2016-05-25"
"UCO Bank",1027877,34794,1062671,18794.73,550139,"(B) Regional Rural Bank","2016-05-25"
"UCO Bank",3638263,3691516,7329779,176627.55,6938223,"(A) Public Sector Banks","2016-06-01"
"UCO Bank",1027877,34794,1062671,18794.73,550139,"(B) Regional Rural Bank","2016-06-01"
"UCO Bank",1767807,1860373,3628180,38332.39,3288050,"(A) Public Sector Banks","2015-01-21"
"UCO Bank",437957,8929,446886,4395.98,329435,"(B) Regional Rural Bank","2015-01-21"
"UCO Bank",2400452,2501047,4901499,75649.45,4808535,"(A) Public Sector Banks","2015-05-27"
"UCO Bank",606443,16199,622642,6932.78,470499,"(B) Regional Rural Bank","2015-05-27"
"UCO Bank",2975975,3091954,6067929,113959.48,5902663,"(A) Public Sector Banks","2015-09-30"
"UCO Bank",737025,24060,761085,12814.57,536839,"(B) Regional Rural Bank","2015-09-30"
"UCO Bank",3425597,3491614,6917211,149366.53,6718124,"(A) Public Sector Banks","2016-02-03"
"UCO Bank",892772,30648,923420,13847.11,536839,"(B) Regional Rural Bank","2016-02-03"
"UCO Bank",3645675,3697447,7343122,177395.74,6939353,"(A) Public Sector Banks","2016-06-08"
"UCO Bank",1057440,33907,1091347,19.39,557167,"(B) Regional Rural Bank","2016-06-08"
"UCO Bank",3826076,3742842,7568918,182591.82,6947725,"(A) Public Sector Banks","2016-10-12"
"UCO Bank",1126991,40305,1167296,21.57,558602,"(B) Regional Rural Bank","2016-10-12"
"UCO Bank",3008638,2609448,5618086,133261.74,3891287,"(A) Public Sector Banks","2017-02-15"
"UCO Bank",1350394,48271,1398665,29118.82,558643,"(B) Regional Rural Bank","2017-02-15"
"UCO Bank",3155769,2684921,5840690,129965.88,3943311,"(A) Public Sector Banks","2017-06-21"
"UCO Bank",1368639,52747,1421386,24506.92,559601,"(B) Regional Rural Bank","2017-06-21"
"UCO Bank",3196703,2699778,5896481,140296.93,3977920,"(A) Public Sector Banks","2017-10-25"
"UCO Bank",1369177,49120,1418297,26059.08,559346,"(B) Regional Rural Bank","2017-10-25"
"UCO Bank",3639219,2943217,6582436,158184.86,4028274,"(A) Public Sector Banks","2018-02-28"
"UCO Bank",1464048,53656,1517704,29664.92,559347,"(B) Regional Rural Bank","2018-02-28"
"UCO Bank",3831330,3034683,6866013,177742.11,3898093,"(A) Public Sector Banks","2018-07-11"
"UCO Bank",1564680,57608,1622288,34200.92,559347,"(B) Regional Rural Bank","2018-07-11"
"UCO Bank",3652022,3701718,7353740,178062.47,6941019,"(A) Public Sector Banks","2016-06-15"
"UCO Bank",1058663,38054,1096717,19.39,557167,"(B) Regional Rural Bank","2016-06-15"
"UCO Bank",3664008,3709308,7373316,178094.09,6941019,"(A) Public Sector Banks","2016-06-22"
"UCO Bank",1059027,38061,1097088,19.39,557167,"(B) Regional Rural Bank","2016-06-22"
"UCO Bank",3674424,3717833,7392257,178360.43,6947627,"(A) Public Sector Banks","2016-06-29"
"UCO Bank",1059027,38061,1097088,19.39,557167,"(B) Regional Rural Bank","2016-06-29"
"UCO Bank",3682738,3723654,7406392,180961.58,6947627,"(A) Public Sector Banks","2016-07-06"
"UCO Bank",1074832,34228,1109060,19.87,557167,"(B) Regional Rural Bank","2016-07-06"
"UCO Bank",3688882,3728953,7417835,181928.39,6947627,"(A) Public Sector Banks","2016-07-13"
"UCO Bank",1074910,34228,1109138,19.87,557167,"(B) Regional Rural Bank","2016-07-13"
"UCO Bank",3702251,3738267,7440518,182178.65,6947627,"(A) Public Sector Banks","2016-07-20"
"UCO Bank",1077722,34435,1112157,19.88,557167,"(B) Regional Rural Bank","2016-07-20"
"UCO Bank",3705631,3740218,7445849,182228.04,6947627,"(A) Public Sector Banks","2016-07-27"
"UCO Bank",1088155,34435,1122590,20.22,557167,"(B) Regional Rural Bank","2016-07-27"
"UCO Bank",3713653,3737040,7450693,183126.31,6947627,"(A) Public Sector Banks","2016-08-03"
"UCO Bank",1088155,34435,1122590,20.33,557167,"(B) Regional Rural Bank","2016-08-03"
"UCO Bank",3719031,3737698,7456729,183179.52,6947627,"(A) Public Sector Banks","2016-08-10"
"UCO Bank",1118252,35725,1153977,20.56,557167,"(B) Regional Rural Bank","2016-08-10"
"UCO Bank",3708848,3754804,7463652,183401.16,6947627,"(A) Public Sector Banks","2016-08-17"
"UCO Bank",1118252,35725,1153977,20.56,557167,"(B) Regional Rural Bank","2016-08-17"
"UCO Bank",3712672,3755139,7467811,183438.67,6947627,"(A) Public Sector Banks","2016-08-24"
"UCO Bank",1118252,35725,1153977,20.56,557167,"(B) Regional Rural Bank","2016-08-24"
"UCO Bank",3716460,3757499,7473959,183223.26,6947725,"(A) Public Sector Banks","2016-08-31"
"UCO Bank",1129732,36319,1166051,21.24,558567,"(B) Regional Rural Bank","2016-08-31"
"UCO Bank",3722058,3757828,7479886,183287.77,6947725,"(A) Public Sector Banks","2016-09-07"
"UCO Bank",1107122,38760,1145882,21.38,558567,"(B) Regional Rural Bank","2016-09-07"
"UCO Bank",3725673,3758589,7484262,178800.23,6947725,"(A) Public Sector Banks","2016-09-14"
"UCO Bank",1108930,39003,1147933,21.39,558602,"(B) Regional Rural Bank","2016-09-14"
"UCO Bank",3788794,3716949,7505743,178861.23,6947725,"(A) Public Sector Banks","2016-09-21"
"UCO Bank",1109915,39047,1148962,21.56,558602,"(B) Regional Rural Bank","2016-09-21"
"UCO Bank",3803680,3730943,7534623,179094.75,6947725,"(A) Public Sector Banks","2016-09-28"
"UCO Bank",1110889,39107,1149996,21.56,558602,"(B) Regional Rural Bank","2016-09-28"
"UCO Bank",3826076,3742842,7568918,182591.82,6947725,"(A) Public Sector Banks","2016-10-05"
"UCO Bank",1126991,40305,1167296,21.57,558602,"(B) Regional Rural Bank","2016-10-05"
"UCO Bank",3844615,3751932,7596547,182099.42,6947725,"(A) Public Sector Banks","2016-10-19"
"UCO Bank",1149122,41454,1190576,21.65,558602,"(B) Regional Rural Bank","2016-10-19"
"UCO Bank",3852361,3753388,7605749,181189.92,6947725,"(A) Public Sector Banks","2016-10-26"
"UCO Bank",1201455,42076,1243531,21.66,558602,"(B) Regional Rural Bank","2016-10-26"
"UCO Bank",3856276,3755283,7611559,182028.69,6947725,"(A) Public Sector Banks","2016-11-02"
"UCO Bank",1211357,42565,1253922,21.89,558602,"(B) Regional Rural Bank","2016-11-02"
"UCO Bank",3860756,3756147,7616903,182793.35,6947725,"(A) Public Sector Banks","2016-11-09"
"UCO Bank",1211357,42565,1253922,21.89,558602,"(B) Regional Rural Bank","2016-11-09"
"UCO Bank",3861790,3756332,7618122,282483.48,6947725,"(A) Public Sector Banks","2016-11-16"
"UCO Bank",1212058,42593,1254651,25.94,558602,"(B) Regional Rural Bank","2016-11-16"
"UCO Bank",3863340,3756332,7619672,304525.12,6947725,"(A) Public Sector Banks","2016-11-23"
"UCO Bank",1255020,44542,1299562,32026.38,558643,"(B) Regional Rural Bank","2016-11-23"
"UCO Bank",3863340,3790073,7653413,341163.46,3860899,"(A) Public Sector Banks","2016-11-30"
"UCO Bank",1266829,45668,1312497,37341.39,558643,"(B) Regional Rural Bank","2016-11-30"
"UCO Bank",3867194,3790188,7657382,349207.42,4189521,"(A) Public Sector Banks","2016-12-07"
"UCO Bank",1276677,45554,1322231,36749.73,558643,"(B) Regional Rural Bank","2016-12-07"
"UCO Bank",3939328,3793383,7732711,347766.73,4675081,"(A) Public Sector Banks","2016-12-14"
"UCO Bank",1276677,45554,1322231,36749.73,558643,"(B) Regional Rural Bank","2016-12-14"
"UCO Bank",2868643,2532428,5401071,149743.17,3807094,"(A) Public Sector Banks","2016-12-21"
"UCO Bank",1291366,45829,1337195,35388.96,558643,"(B) Regional Rural Bank","2016-12-21"
"UCO Bank",2892896,2544540,5437436,147937.13,3828962,"(A) Public Sector Banks","2016-12-28"
"UCO Bank",1293893,46352,1340245,34048.29,558643,"(B) Regional Rural Bank","2016-12-28"
"UCO Bank",2914837,2559964,5474801,143735.94,3856783,"(A) Public Sector Banks","2017-01-04"
"UCO Bank",1300384,47096,1347480,33347.55,558643,"(B) Regional Rural Bank","2017-01-04"
"UCO Bank",2919237,2560647,5479884,141251.09,3861936,"(A) Public Sector Banks","2017-01-11"
"UCO Bank",1317691,46956,1364647,32403.82,558643,"(B) Regional Rural Bank","2017-01-11"
"UCO Bank",2925251,2561990,5487241,139889.93,3869473,"(A) Public Sector Banks","2017-01-18"
"UCO Bank",1319638,47020,1366658,31803.07,558643,"(B) Regional Rural Bank","2017-01-18"
"UCO Bank",2924919,2597673,5522592,138093.01,3876493,"(A) Public Sector Banks","2017-01-25"
"UCO Bank",1322937,47092,1370029,30855.25,558643,"(B) Regional Rural Bank","2017-01-25"
"UCO Bank",2943729,2598004,5541733,137670.89,3883207,"(A) Public Sector Banks","2017-02-01"
"UCO Bank",1341011,48157,1389168,30258.97,558643,"(B) Regional Rural Bank","2017-02-01"
"UCO Bank",2953438,2599209,5552647,134096.94,3888153,"(A) Public Sector Banks","2017-02-08"
"UCO Bank",1344067,48233,1392300,29314.67,558643,"(B) Regional Rural Bank","2017-02-08"
"UCO Bank",3021417,2616559,5637976,131406.31,3894886,"(A) Public Sector Banks","2017-02-22"
"UCO Bank",1353914,48376,1402290,28079.83,558643,"(B) Regional Rural Bank","2017-02-22"
"UCO Bank",3021622,2636087,5657709,129699.32,3898904,"(A) Public Sector Banks","2017-03-01"
"UCO Bank",1354554,48547,1403101,27712.83,558643,"(B) Regional Rural Bank","2017-03-01"
"UCO Bank",3053437,2631298,5684735,127635,3903815,"(A) Public Sector Banks","2017-03-08"
"UCO Bank",1364318,50548,1414866,26745.09,558643,"(B) Regional Rural Bank","2017-03-08"
"UCO Bank",3055924,2633944,5689868,127502.63,3906646,"(A) Public Sector Banks","2017-03-15"
"UCO Bank",1369399,49515,1418914,26181.42,558643,"(B) Regional Rural Bank","2017-03-15"
"UCO Bank",3062481,2638523,5701004,126305.66,3907866,"(A) Public Sector Banks","2017-03-22"
"UCO Bank",1371028,51580,1422608,25966.42,558643,"(B) Regional Rural Bank","2017-03-22"
"UCO Bank",3076888,2644306,5721194,126356.69,3909509,"(A) Public Sector Banks","2017-03-29"
"UCO Bank",1385805,51760,1437565,14929.35,558643,"(B) Regional Rural Bank","2017-03-29"
"UCO Bank",3085574,2650505,5736079,130870.76,3912501,"(A) Public Sector Banks","2017-04-05"
"UCO Bank",1386451,48955,1435406,25176.24,536424,"(B) Regional Rural Bank","2017-04-05"
"UCO Bank",3085574,2656964,5742538,130320.5,3915779,"(A) Public Sector Banks","2017-04-12"
"UCO Bank",1398346,51911,1450257,24508.15,536424,"(B) Regional Rural Bank","2017-04-12"
"UCO Bank",3095438,2655368,5750806,130250.26,3918477,"(A) Public Sector Banks","2017-04-19"
"UCO Bank",1399748,51994,1451742,24318.33,536424,"(B) Regional Rural Bank","2017-04-19"
"UCO Bank",3106408,2660563,5766971,129835.66,3921850,"(A) Public Sector Banks","2017-04-26"
"UCO Bank",1401622,52105,1453727,23928,536424,"(B) Regional Rural Bank","2017-04-26"
"UCO Bank",3111439,2664519,5775958,129835.66,3924529,"(A) Public Sector Banks","2017-05-03"
"UCO Bank",1401905,52105,1454010,23980.65,536424,"(B) Regional Rural Bank","2017-05-03"
"UCO Bank",3119754,2671124,5790878,130622.65,3927402,"(A) Public Sector Banks","2017-05-10"
"UCO Bank",1404473,52364,1456837,24114.33,558893,"(B) Regional Rural Bank","2017-05-10"
"UCO Bank",3125412,2676852,5802264,129845.2,3929644,"(A) Public Sector Banks","2017-05-17"
"UCO Bank",1392456,52329,1444785,23333.45,558896,"(B) Regional Rural Bank","2017-05-17"
"UCO Bank",3133912,2679319,5813231,129457.56,3932165,"(A) Public Sector Banks","2017-05-24"
"UCO Bank",1390101,52422,1442523,23281.99,559266,"(B) Regional Rural Bank","2017-05-24"
"UCO Bank",3138713,2679750,5818463,129717.1,3934347,"(A) Public Sector Banks","2017-05-31"
"UCO Bank",1362904,52340,1415244,23465.05,559570,"(B) Regional Rural Bank","2017-05-31"
"UCO Bank",3149905,2683319,5833224,129558.23,3937232,"(A) Public Sector Banks","2017-06-07"
"UCO Bank",1362635,52388,1415023,24172.17,559570,"(B) Regional Rural Bank","2017-06-07"
"UCO Bank",3150466,2683319,5833785,129971.15,3939979,"(A) Public Sector Banks","2017-06-14"
"UCO Bank",1368158,52697,1420855,24218.01,559601,"(B) Regional Rural Bank","2017-06-14"
"UCO Bank",3156262,2686636,5842898,129965.88,3946065,"(A) Public Sector Banks","2017-06-28"
"UCO Bank",1375153,52837,1427990,24282.26,559604,"(B) Regional Rural Bank","2017-06-28"
"UCO Bank",3156476,2687537,5844013,129516.64,3952503,"(A) Public Sector Banks","2017-07-05"
"UCO Bank",1374727,52838,1427565,24083.46,559146,"(B) Regional Rural Bank","2017-07-05"
"UCO Bank",3158901,2689552,5848453,131792.28,3954242,"(A) Public Sector Banks","2017-07-12"
"UCO Bank",1382153,52897,1435050,24913.99,559146,"(B) Regional Rural Bank","2017-07-12"
"UCO Bank",3159752,2690384,5850136,131708.07,3956223,"(A) Public Sector Banks","2017-07-19"
"UCO Bank",1388416,52962,1441378,25184.59,559146,"(B) Regional Rural Bank","2017-07-19"
"UCO Bank",3160902,2690434,5851336,132070.4,3958019,"(A) Public Sector Banks","2017-07-26"
"UCO Bank",1392059,52972,1445031,25318.92,559146,"(B) Regional Rural Bank","2017-07-26"
"UCO Bank",3161665,2690961,5852626,133209.07,3959589,"(A) Public Sector Banks","2017-08-02"
"UCO Bank",1390915,53029,1443944,25575.36,559346,"(B) Regional Rural Bank","2017-08-02"
"UCO Bank",3162376,2693281,5855657,134633.56,3963207,"(A) Public Sector Banks","2017-08-09"
"UCO Bank",1315414,48705,1364119,23927.75,559346,"(B) Regional Rural Bank","2017-08-09"
"UCO Bank",3177111,2693281,5870392,135261.41,3965439,"(A) Public Sector Banks","2017-08-16"
"UCO Bank",1318294,48729,1367023,23894.4,559346,"(B) Regional Rural Bank","2017-08-16"
"UCO Bank",3187023,2693281,5880304,135062.69,3966992,"(A) Public Sector Banks","2017-08-23"
"UCO Bank",1317072,48679,1365751,24729.59,559346,"(B) Regional Rural Bank","2017-08-23"
"UCO Bank",3194187,2698400,5892587,135165.34,3968182,"(A) Public Sector Banks","2017-08-30"
"UCO Bank",1331401,48794,1380195,24905.05,559346,"(B) Regional Rural Bank","2017-08-30"
"UCO Bank",3195055,2698759,5893814,135841.66,3970048,"(A) Public Sector Banks","2017-09-06"
"UCO Bank",1338631,48867,1387498,25073.55,559346,"(B) Regional Rural Bank","2017-09-06"
"UCO Bank",3195527,2699296,5894823,137666.19,3972018,"(A) Public Sector Banks","2017-09-13"
"UCO Bank",1346471,48911,1395382,25368.38,559346,"(B) Regional Rural Bank","2017-09-13"
"UCO Bank",3195953,2699264,5895217,137940.55,3973381,"(A) Public Sector Banks","2017-09-20"
"UCO Bank",1346196,48941,1395137,25731.79,559346,"(B) Regional Rural Bank","2017-09-20"
"UCO Bank",3195953,2699264,5895217,137940.55,3973381,"(A) Public Sector Banks","2017-09-27"
"UCO Bank",1346196,48941,1395137,25731.79,559346,"(B) Regional Rural Bank","2017-09-27"
"UCO Bank",3196425,2699440,5895865,138855.39,3974625,"(A) Public Sector Banks","2017-10-04"
"UCO Bank",1363289,48995,1412284,25756.35,559346,"(B) Regional Rural Bank","2017-10-04"
"UCO Bank",3196703,2699778,5896481,140296.93,3977920,"(A) Public Sector Banks","2017-10-11"
"UCO Bank",1367636,49022,1416658,25679.32,559346,"(B) Regional Rural Bank","2017-10-11"
"UCO Bank",3196703,2699778,5896481,140296.93,3977920,"(A) Public Sector Banks","2017-10-18"
"UCO Bank",1367636,49022,1416658,25679.32,559346,"(B) Regional Rural Bank","2017-10-18"
"UCO Bank",3201331,2704320,5905651,141342.32,3978260,"(A) Public Sector Banks","2017-11-01"
"UCO Bank",1369177,49120,1418297,26059.08,559346,"(B) Regional Rural Bank","2017-11-01"
"UCO Bank",3214242,2709321,5923563,142126.65,3978260,"(A) Public Sector Banks","2017-11-08"
"UCO Bank",1378940,49232,1428172,26041.08,559346,"(B) Regional Rural Bank","2017-11-08"
"UCO Bank",3234665,2715353,5950018,143310.22,3978260,"(A) Public Sector Banks","2017-11-15"
"UCO Bank",1380442,49290,1429732,26077.18,559346,"(B) Regional Rural Bank","2017-11-15"
"UCO Bank",3255785,2732351,5988136,143188.43,3978260,"(A) Public Sector Banks","2017-11-22"
"UCO Bank",1380466,49329,1429795,26388.01,559346,"(B) Regional Rural Bank","2017-11-22"
"UCO Bank",3275294,2743377,6018671,143691.76,3980656,"(A) Public Sector Banks","2017-11-29"
"UCO Bank",1380952,49365,1430317,26679.47,559346,"(B) Regional Rural Bank","2017-11-29"
"UCO Bank",3302492,2755577,6058069,144697.46,3983540,"(A) Public Sector Banks","2017-12-06"
"UCO Bank",1380448,49399,1429847,26551.46,559346,"(B) Regional Rural Bank","2017-12-06"
"UCO Bank",3302492,2755577,6058069,144697.46,3983540,"(A) Public Sector Banks","2017-12-13"
"UCO Bank",1380448,49399,1429847,26551.46,559346,"(B) Regional Rural Bank","2017-12-13"
"UCO Bank",3368940,2794883,6163823,147734.14,3986822,"(A) Public Sector Banks","2017-12-20"
"UCO Bank",1382304,49468,1431772,27054.5,559346,"(B) Regional Rural Bank","2017-12-20"
"UCO Bank",3395804,2803111,6198915,147943.72,3989916,"(A) Public Sector Banks","2017-12-27"
"UCO Bank",1384425,49508,1433933,27150.21,559346,"(B) Regional Rural Bank","2017-12-27"
"UCO Bank",3455142,2832736,6287878,150281.08,3996239,"(A) Public Sector Banks","2018-01-03"
"UCO Bank",1387544,49775,1437319,28157.92,559347,"(B) Regional Rural Bank","2018-01-03"
"UCO Bank",3556899,2905241,6462140,152070.92,3997697,"(A) Public Sector Banks","2018-01-10"
"UCO Bank",1398229,50214,1448443,28250.8,559347,"(B) Regional Rural Bank","2018-01-10"
"UCO Bank",3566823,2910414,6477237,152818.44,4001924,"(A) Public Sector Banks","2018-01-17"
"UCO Bank",1411542,51187,1462729,28420.8,559347,"(B) Regional Rural Bank","2018-01-17"
"UCO Bank",3576545,2915895,6492440,153047.15,4005471,"(A) Public Sector Banks","2018-01-24"
"UCO Bank",1415380,51398,1466778,28477.79,559347,"(B) Regional Rural Bank","2018-01-24"
"UCO Bank",3591517,2921972,6513489,154561.99,4008463,"(A) Public Sector Banks","2018-01-31"
"UCO Bank",1423284,51586,1474870,28729.67,559347,"(B) Regional Rural Bank","2018-01-31"
"UCO Bank",3602908,2926926,6529834,155498.69,4011986,"(A) Public Sector Banks","2018-02-07"
"UCO Bank",1424477,51659,1476136,28901.65,559347,"(B) Regional Rural Bank","2018-02-07"
"UCO Bank",3613533,2931812,6545345,156743.32,4018585,"(A) Public Sector Banks","2018-02-14"
"UCO Bank",1433300,51975,1485275,29482.02,559347,"(B) Regional Rural Bank","2018-02-14"
"UCO Bank",3628087,2937780,6565867,156327.92,4023338,"(A) Public Sector Banks","2018-02-21"
"UCO Bank",1463570,53577,1517147,29533.04,559347,"(B) Regional Rural Bank","2018-02-21"
"UCO Bank",3649340,2947475,6596815,158156.11,4030886,"(A) Public Sector Banks","2018-03-07"
"UCO Bank",1465115,53738,1518853,29765.13,559347,"(B) Regional Rural Bank","2018-03-07"
"UCO Bank",3658955,2951660,6610615,159961.54,4032198,"(A) Public Sector Banks","2018-03-14"
"UCO Bank",1466382,53820,1520202,30393.14,559347,"(B) Regional Rural Bank","2018-03-14"
"UCO Bank",3669342,2957378,6626720,162179.1,4036410,"(A) Public Sector Banks","2018-03-21"
"UCO Bank",1467593,53896,1521489,31072.49,559347,"(B) Regional Rural Bank","2018-03-21"
"UCO Bank",3677945,2961519,6639464,166188.46,4039064,"(A) Public Sector Banks","2018-03-28"
"UCO Bank",1490834,54301,1545135,31810.83,559347,"(B) Regional Rural Bank","2018-03-28"
"UCO Bank",3681642,2963622,6645264,169947.48,4041756,"(A) Public Sector Banks","2018-04-04"
"UCO Bank",1494596,54445,1549041,32911.19,559347,"(B) Regional Rural Bank","2018-04-04"
"UCO Bank",3685439,2965649,6651088,170177.82,4045330,"(A) Public Sector Banks","2018-04-11"
"UCO Bank",1499238,54605,1553843,32620.88,559347,"(B) Regional Rural Bank","2018-04-11"
"UCO Bank",3697916,2971444,6669360,171729.85,4046937,"(A) Public Sector Banks","2018-04-18"
"UCO Bank",1499993,54648,1554641,32852.39,559347,"(B) Regional Rural Bank","2018-04-18"
"UCO Bank",3714444,2978298,6692742,170872.46,4050964,"(A) Public Sector Banks","2018-04-25"
"UCO Bank",1511241,54961,1566202,32547.73,559347,"(B) Regional Rural Bank","2018-04-25"
"UCO Bank",3722202,2981570,6703772,170856.81,4053647,"(A) Public Sector Banks","2018-05-02"
"UCO Bank",1511989,55006,1566995,32613.73,559347,"(B) Regional Rural Bank","2018-05-02"
"UCO Bank",3722202,2981570,6703772,170856.81,4053647,"(A) Public Sector Banks","2018-05-09"
"UCO Bank",1511989,55006,1566995,32613.73,559347,"(B) Regional Rural Bank","2018-05-09"
"UCO Bank",3751441,2995911,6747352,171094.67,4060425,"(A) Public Sector Banks","2018-05-23"
"UCO Bank",1528630,55456,1584086,33309.44,559347,"(B) Regional Rural Bank","2018-05-23"
"UCO Bank",3766735,3002524,6769259,170585.08,4062574,"(A) Public Sector Banks","2018-05-30"
"UCO Bank",1533297,55688,1588985,33724.97,559347,"(B) Regional Rural Bank","2018-05-30"
"UCO Bank",3781183,3008779,6789962,172321.9,4062957,"(A) Public Sector Banks","2018-06-06"
"UCO Bank",1545564,56072,1601636,33590.7,559347,"(B) Regional Rural Bank","2018-06-06"
"UCO Bank",3791521,3013817,6805338,173468.64,4063274,"(A) Public Sector Banks","2018-06-13"
"UCO Bank",1546852,56142,1602994,33798.45,559347,"(B) Regional Rural Bank","2018-06-13"
"UCO Bank",3799714,3018673,6818387,173572.98,4037174,"(A) Public Sector Banks","2018-06-20"
"UCO Bank",1549654,56212,1605866,33770.44,559347,"(B) Regional Rural Bank","2018-06-20"
"UCO Bank",3807583,3022913,6830496,173905.13,4039789,"(A) Public Sector Banks","2018-06-27"
"UCO Bank",1551385,57035,1608420,33772.22,559347,"(B) Regional Rural Bank","2018-06-27"
"UCO Bank",3819470,3029410,6848880,176505.26,3946689,"(A) Public Sector Banks","2018-07-04"
"UCO Bank",1552794,57116,1609910,34208.54,559347,"(B) Regional Rural Bank","2018-07-04"
"UCO Bank",3848702,3043849,6892551,179469.65,3844969,"(A) Public Sector Banks","2018-07-18"
"UCO Bank",1567988,58208,1626196,34522.8,559347,"(B) Regional Rural Bank","2018-07-18"
"UCO Bank",3884390,3061165,6945555,181373.98,3840752,"(A) Public Sector Banks","2018-08-01"
"UCO Bank",1631336,58539,1689875,35706.34,559347,"(B) Regional Rural Bank","2018-08-01"
"UCO Bank",3902738,3071653,6974391,183873.48,3848989,"(A) Public Sector Banks","2018-08-08"
"UCO Bank",1647373,59374,1706747,36090.72,559347,"(B) Regional Rural Bank","2018-08-08"
"UCO Bank",3920197,3080163,7000360,184073.11,3852933,"(A) Public Sector Banks","2018-08-15"
"UCO Bank",1659963,59913,1719876,36631.17,559347,"(B) Regional Rural Bank","2018-08-15"
"UCO Bank",3936832,3090645,7027477,183361.22,3857861,"(A) Public Sector Banks","2018-08-22"
"UCO Bank",1661668,60005,1721673,36689.13,559347,"(B) Regional Rural Bank","2018-08-22"
"UCO Bank",3948250,3098488,7046738,184147.93,3862046,"(A) Public Sector Banks","2018-08-29"
"UCO Bank",1674684,60558,1735242,38136.93,559347,"(B) Regional Rural Bank","2018-08-29"
"UCO Bank",3948250,3098488,7046738,184147.93,3862046,"(A) Public Sector Banks","2018-09-05"
"UCO Bank",1674684,60558,1735242,38136.93,559347,"(B) Regional Rural Bank","2018-09-05"
"UCO Bank",3972892,3118246,7091138,186696.33,3867596,"(A) Public Sector Banks","2018-09-12"
"UCO Bank",1686753,61079,1747832,38045.18,559347,"(B) Regional Rural Bank","2018-09-12"
"UCO Bank",3987783,3128602,7116385,187314.31,3857142,"(A) Public Sector Banks","2018-09-19"
"UCO Bank",1689910,61113,1751023,38146.26,559347,"(B) Regional Rural Bank","2018-09-19"
"UCO Bank",4003078,3139146,7142224,187223.88,3862233,"(A) Public Sector Banks","2018-09-26"
"UCO Bank",1693958,61281,1755239,38282.32,559347,"(B) Regional Rural Bank","2018-09-26"
"UCO Bank",4018267,3148770,7167037,188478.94,3867045,"(A) Public Sector Banks","2018-10-03"
"UCO Bank",1705957,61909,1767866,38397.69,559347,"(B) Regional Rural Bank","2018-10-03"
"UCO Bank",4034717,3159545,7194262,191958.6,3873105,"(A) Public Sector Banks","2018-10-10"
"UCO Bank",1711626,62354,1773980,38756.91,559347,"(B) Regional Rural Bank","2018-10-10"
"UCO Bank",4042387,3165378,7207765,193343.99,3877541,"(A) Public Sector Banks","2018-10-17"
"UCO Bank",1711626,62354,1773980,38756.91,559347,"(B) Regional Rural Bank","2018-10-17"
"UCO Bank",4051554,3171378,7222932,191827.14,3881779,"(A) Public Sector Banks","2018-10-24"
"UCO Bank",1721616,63275,1784891,39147.28,559347,"(B) Regional Rural Bank","2018-10-24"
"UCO Bank",4057268,3175509,7232777,191235.29,3884102,"(A) Public Sector Banks","2018-10-31"
"UCO Bank",1724741,63426,1788167,39058.14,559347,"(B) Regional Rural Bank","2018-10-31"
"UCO Bank",4069019,3182134,7251153,193282.8,3888569,"(A) Public Sector Banks","2018-11-07"
"UCO Bank",1726800,63522,1790322,39073.43,559347,"(B) Regional Rural Bank","2018-11-07"
"UCO Bank",4075672,3185710,7261382,193314.47,3891799,"(A) Public Sector Banks","2018-11-14"
"UCO Bank",1728908,63592,1792500,41157.72,559347,"(B) Regional Rural Bank","2018-11-14"
"UCO Bank",4084749,3191047,7275796,193290.98,3896465,"(A) Public Sector Banks","2018-11-21"
"UCO Bank",1734322,63763,1798085,40973.18,559347,"(B) Regional Rural Bank","2018-11-21"
"UCO Bank",4094500,3197152,7291652,194927.88,3903344,"(A) Public Sector Banks","2018-11-28"
"UCO Bank",1736246,63844,1800090,41185.05,559347,"(B) Regional Rural Bank","2018-11-28"
"UCO Bank",4105277,3204916,7310193,196609.99,3909820,"(A) Public Sector Banks","2018-12-05"
"UCO Bank",1746243,64164,1810407,41258.16,559347,"(B) Regional Rural Bank","2018-12-05"
"UCO Bank",4114013,3211141,7325154,197560,3916088,"(A) Public Sector Banks","2018-12-12"
"UCO Bank",1747084,64191,1811275,41312.89,559347,"(B) Regional Rural Bank","2018-12-12"
"UCO Bank",4121058,3215099,7336157,197810.87,3919143,"(A) Public Sector Banks","2018-12-19"
"UCO Bank",1750918,64358,1815276,41526.61,559347,"(B) Regional Rural Bank","2018-12-19"
"UCO Bank",4121058,3215099,7336157,197810.87,3919143,"(A) Public Sector Banks","2018-12-26"
"UCO Bank",1750918,64358,1815276,41526.61,559347,"(B) Regional Rural Bank","2018-12-26"
"UCO Bank",4141048,3227004,7368052,200352.3,3929277,"(A) Public Sector Banks","2019-01-02"
"UCO Bank",1760913,64843,1825756,42188.59,559347,"(B) Regional Rural Bank","2019-01-02"
"UCO Bank",4168767,3248351,7417118,203726.53,3941595,"(A) Public Sector Banks","2019-01-16"
"UCO Bank",644560,37871,682431,16828,197300,"(B) Regional Rural Bank","2019-01-16"
"UCO Bank",4179780,3254329,7434109,204811.07,3947924,"(A) Public Sector Banks","2019-01-23"
"UCO Bank",645795,37928,683723,16838.81,197300,"(B) Regional Rural Bank","2019-01-23"
