Bank Name / Type,Number of Beneficiaries at rural/semiurban centre bank branches,Number of Beneficiaries at urban metro centre bank branches,Number of Total Beneficiaries,Deposits in Accounts(In lac),Number of Rupay Debit Cards issued to beneficiaries,level,date
"United Bank of India",751228,538973,1290201,1921.21,143275,"(A) Public Sector Banks","2014-09-24"
"United Bank of India",288094,62035,350129,1181.39,5232,"(B) Regional Rural Bank","2014-09-24"
"United Bank of India",907508,658337,1565845,1170.37,1020015,"(A) Public Sector Banks","2014-10-15"
"United Bank of India",990743,708563,1699306,1149.06,1049627,"(A) Public Sector Banks","2014-10-22"
"United Bank of India",1033652,726146,1759798,20390.77,1063383,"(A) Public Sector Banks","2014-10-29"
"United Bank of India",1332924,21087,1354011,8619.81,25840,"(B) Regional Rural Bank","2014-10-29"
"United Bank of India",1099197,771789,1870986,27612.14,1124990,"(A) Public Sector Banks","2014-11-05"
"United Bank of India",1399604,25807,1425411,8497.75,29203,"(B) Regional Rural Bank","2014-11-05"
"United Bank of India",1151893,801205,1953098,29397.55,1137284,"(A) Public Sector Banks","2014-11-12"
"United Bank of India",1484368,23743,1508111,10236.64,35824,"(B) Regional Rural Bank","2014-11-12"
"United Bank of India",1211261,841009,2052270,32758.19,1257161,"(A) Public Sector Banks","2014-11-19"
"United Bank of India",1568076,25670,1593746,8021.41,41999,"(B) Regional Rural Bank","2014-11-19"
"United Bank of India",1262921,878522,2141443,35500.11,1450606,"(A) Public Sector Banks","2014-11-26"
"United Bank of India",1638782,27436,1666218,9115.3,46367,"(B) Regional Rural Bank","2014-11-26"
"United Bank of India",1312385,914053,2226438,40331.05,1503590,"(A) Public Sector Banks","2014-12-03"
"United Bank of India",1696905,28827,1725732,9952.52,49589,"(B) Regional Rural Bank","2014-12-03"
"United Bank of India",1358014,950434,2308448,43567.57,1938922,"(A) Public Sector Banks","2014-12-10"
"United Bank of India",1766154,30722,1796876,12162.08,57526,"(B) Regional Rural Bank","2014-12-10"
"United Bank of India",1419813,1004637,2424450,47348.71,2163360,"(A) Public Sector Banks","2014-12-17"
"United Bank of India",1834916,33146,1868062,12286.07,153574,"(B) Regional Rural Bank","2014-12-17"
"United Bank of India",1550102,1125066,2675168,57051.26,2532338,"(A) Public Sector Banks","2014-12-31"
"United Bank of India",2126019,38057,2164076,15030.54,1154376,"(B) Regional Rural Bank","2014-12-31"
"United Bank of India",1605932,1174013,2779945,59781.81,2563764,"(A) Public Sector Banks","2015-01-07"
"United Bank of India",2215818,39685,2255503,14592.67,1166159,"(B) Regional Rural Bank","2015-01-07"
"United Bank of India",1664830,1227276,2892106,62842.48,2748884,"(A) Public Sector Banks","2015-01-14"
"United Bank of India",2286463,41310,2327773,15473.1,1476739,"(B) Regional Rural Bank","2015-01-14"
"United Bank of India",1799319,1340498,3139817,69625.28,2961184,"(A) Public Sector Banks","2015-01-28"
"United Bank of India",2440113,44468,2484581,17386.19,1905756,"(B) Regional Rural Bank","2015-01-28"
"United Bank of India",1855461,1383352,3238813,79388.11,2979103,"(A) Public Sector Banks","2015-02-04"
"United Bank of India",2513510,45784,2559294,18618.25,1956369,"(B) Regional Rural Bank","2015-02-04"
"United Bank of India",1898268,1416160,3314428,87965.13,2810372,"(A) Public Sector Banks","2015-02-11"
"United Bank of India",2562608,46607,2609215,19738.07,2013521,"(B) Regional Rural Bank","2015-02-11"
"United Bank of India",1929794,1446364,3376158,90772.87,3010252,"(A) Public Sector Banks","2015-02-18"
"United Bank of India",2605438,47531,2652969,20918.98,2013669,"(B) Regional Rural Bank","2015-02-18"
"United Bank of India",1997688,1490080,3487768,94769.87,3024265,"(A) Public Sector Banks","2015-02-25"
"United Bank of India",2641612,48571,2690183,22004.22,2013782,"(B) Regional Rural Bank","2015-02-25"
"United Bank of India",2039753,1520940,3560693,105058.61,3035414,"(A) Public Sector Banks","2015-03-04"
"United Bank of India",2709223,49776,2758999,23470.4,2049794,"(B) Regional Rural Bank","2015-03-04"
"United Bank of India",2075785,1543101,3618886,104463.08,3041852,"(A) Public Sector Banks","2015-03-11"
"United Bank of India",2764346,50967,2815313,24737.24,2092858,"(B) Regional Rural Bank","2015-03-11"
"United Bank of India",2129298,1580662,3709960,124222.54,3051132,"(A) Public Sector Banks","2015-03-18"
"United Bank of India",2816382,52025,2868407,25990.79,2093095,"(B) Regional Rural Bank","2015-03-18"
"United Bank of India",2188382,1617016,3805398,132292.53,3059359,"(A) Public Sector Banks","2015-03-25"
"United Bank of India",2858418,52973,2911391,27761.1,2093188,"(B) Regional Rural Bank","2015-03-25"
"United Bank of India",2228237,1640721,3868958,146506.21,3062794,"(A) Public Sector Banks","2015-04-01"
"United Bank of India",2869098,53485,2922583,29910.65,2093231,"(B) Regional Rural Bank","2015-04-01"
"United Bank of India",2265470,1658412,3923882,149260.84,3073312,"(A) Public Sector Banks","2015-04-08"
"United Bank of India",2908869,53965,2962834,32157.94,2093304,"(B) Regional Rural Bank","2015-04-08"
"United Bank of India",2286620,1669380,3956000,147590.21,3077473,"(A) Public Sector Banks","2015-04-15"
"United Bank of India",2933711,54374,2988085,32099.75,2093375,"(B) Regional Rural Bank","2015-04-15"
"United Bank of India",2350689,1703002,4053691,150333.17,3088593,"(A) Public Sector Banks","2015-04-22"
"United Bank of India",2972370,54806,3027176,32079.06,2093448,"(B) Regional Rural Bank","2015-04-22"
"United Bank of India",2389587,1727926,4117513,154346.84,3090258,"(A) Public Sector Banks","2015-04-29"
"United Bank of India",3008725,55563,3064288,33206.3,2093497,"(B) Regional Rural Bank","2015-04-29"
"United Bank of India",2419765,1744890,4164655,159858.17,3092788,"(A) Public Sector Banks","2015-05-06"
"United Bank of India",3050236,55964,3106200,34047.56,2093565,"(B) Regional Rural Bank","2015-05-06"
"United Bank of India",2462277,1770455,4232732,162415.58,3142878,"(A) Public Sector Banks","2015-05-13"
"United Bank of India",3078669,56546,3135215,34977.41,2093639,"(B) Regional Rural Bank","2015-05-13"
"United Bank of India",2510861,1798558,4309419,164112.77,3144264,"(A) Public Sector Banks","2015-05-20"
"United Bank of India",3121704,57304,3179008,36725.53,2096676,"(B) Regional Rural Bank","2015-05-20"
"United Bank of India",2598296,1851878,4450174,176929.65,3385967,"(A) Public Sector Banks","2015-06-03"
"United Bank of India",3178119,58223,3236342,38019.78,2093765,"(B) Regional Rural Bank","2015-06-03"
"United Bank of India",2632167,1872330,4504497,180640.79,3389320,"(A) Public Sector Banks","2015-06-10"
"United Bank of India",3241399,59236,3300635,40226.05,2097159,"(B) Regional Rural Bank","2015-06-10"
"United Bank of India",2683878,1897299,4581177,185472.67,3421863,"(A) Public Sector Banks","2015-06-17"
"United Bank of India",3283971,60047,3344018,42476.83,2098665,"(B) Regional Rural Bank","2015-06-17"
"United Bank of India",2740084,1935814,4675898,191095.17,3546419,"(A) Public Sector Banks","2015-06-24"
"United Bank of India",3359425,60850,3420275,42758.35,2098726,"(B) Regional Rural Bank","2015-06-24"
"United Bank of India",2788701,1963062,4751763,200477.53,3549787,"(A) Public Sector Banks","2015-07-01"
"United Bank of India",3380044,61321,3441365,43585.58,2098797,"(B) Regional Rural Bank","2015-07-01"
"United Bank of India",2857536,1997246,4854782,207393.42,3557394,"(A) Public Sector Banks","2015-07-08"
"United Bank of India",3461325,62060,3523385,44634.14,2098895,"(B) Regional Rural Bank","2015-07-08"
"United Bank of India",2909805,2026792,4936597,210724.64,3782117,"(A) Public Sector Banks","2015-07-15"
"United Bank of India",3493051,62575,3555626,46165.23,2098906,"(B) Regional Rural Bank","2015-07-15"
"United Bank of India",2950013,2051286,5001299,214157.65,3785751,"(A) Public Sector Banks","2015-07-22"
"United Bank of India",3557847,63443,3621290,46939.69,2099187,"(B) Regional Rural Bank","2015-07-22"
"United Bank of India",3004340,2083145,5087485,217506.13,3791001,"(A) Public Sector Banks","2015-07-29"
"United Bank of India",3613086,64139,3677225,47918.45,2099249,"(B) Regional Rural Bank","2015-07-29"
"United Bank of India",3051245,2110951,5162196,232522.46,3901967,"(A) Public Sector Banks","2015-08-05"
"United Bank of India",3670616,64866,3735482,49763.16,2099324,"(B) Regional Rural Bank","2015-08-05"
"United Bank of India",3099623,2140283,5239906,237461.01,3909979,"(A) Public Sector Banks","2015-08-12"
"United Bank of India",3743348,65549,3808897,50860.65,2099473,"(B) Regional Rural Bank","2015-08-12"
"United Bank of India",3155759,2169319,5325078,240837.61,3915050,"(A) Public Sector Banks","2015-08-19"
"United Bank of India",3781425,66299,3847724,51940.18,2099545,"(B) Regional Rural Bank","2015-08-19"
"United Bank of India",3214041,2201260,5415301,241999.91,3921952,"(A) Public Sector Banks","2015-08-26"
"United Bank of India",3829033,66870,3895903,53865.89,2099705,"(B) Regional Rural Bank","2015-08-26"
"United Bank of India",3272008,2228817,5500825,249503.71,3926447,"(A) Public Sector Banks","2015-09-02"
"United Bank of India",3920120,67676,3987796,54481.62,2099772,"(B) Regional Rural Bank","2015-09-02"
"United Bank of India",3325316,2256942,5582258,253819.89,3937520,"(A) Public Sector Banks","2015-09-09"
"United Bank of India",3953819,68060,4021879,51940.18,2339325,"(B) Regional Rural Bank","2015-09-09"
"United Bank of India",3378790,2294783,5673573,256462.58,3950486,"(A) Public Sector Banks","2015-09-16"
"United Bank of India",3999048,68833,4067881,55960.39,2368047,"(B) Regional Rural Bank","2015-09-16"
"United Bank of India",3425378,2311983,5737361,259825.93,3952929,"(A) Public Sector Banks","2015-09-23"
"United Bank of India",4055112,69622,4124734,56849.08,2116232,"(B) Regional Rural Bank","2015-09-23"
"United Bank of India",3441790,2325844,5767634,264477.43,3957752,"(A) Public Sector Banks","2015-10-07"
"United Bank of India",4163865,70952,4234817,59862.88,2116391,"(B) Regional Rural Bank","2015-10-07"
"United Bank of India",3546420,2378724,5925144,275884.2,3974929,"(A) Public Sector Banks","2015-10-14"
"United Bank of India",4252902,71439,4324341,61662.29,2116503,"(B) Regional Rural Bank","2015-10-14"
"United Bank of India",3546420,2378724,5925144,275884.22,3974929,"(A) Public Sector Banks","2015-10-21"
"United Bank of India",4319973,71707,4391680,61964.1,2378614,"(B) Regional Rural Bank","2015-10-21"
"United Bank of India",3586971,2404000,5990971,280182.9,3987048,"(A) Public Sector Banks","2015-10-28"
"United Bank of India",4365279,72048,4437327,64365.97,2378715,"(B) Regional Rural Bank","2015-10-28"
"United Bank of India",3632999,2428587,6061586,286115.8,4009001,"(A) Public Sector Banks","2015-11-04"
"United Bank of India",4427695,72571,4500266,65433.29,2378790,"(B) Regional Rural Bank","2015-11-04"
"United Bank of India",3657796,2443442,6101238,290737.67,4018279,"(A) Public Sector Banks","2015-11-11"
"United Bank of India",4438619,72965,4511584,67543.5,2378790,"(B) Regional Rural Bank","2015-11-11"
"United Bank of India",3691287,2447622,6138909,290053.16,4022081,"(A) Public Sector Banks","2015-11-18"
"United Bank of India",4493304,74728,4568032,67634.31,2379602,"(B) Regional Rural Bank","2015-11-18"
"United Bank of India",3718636,2478089,6196725,290914.05,4027640,"(A) Public Sector Banks","2015-11-25"
"United Bank of India",4509905,73916,4583821,68289.45,2381366,"(B) Regional Rural Bank","2015-11-25"
"United Bank of India",3754327,2484423,6238750,300747.66,4027188,"(A) Public Sector Banks","2015-12-02"
"United Bank of India",4518685,74133,4592818,68289.45,2381366,"(B) Regional Rural Bank","2015-12-02"
"United Bank of India",3795530,2522704,6318234,305568.32,4041290,"(A) Public Sector Banks","2015-12-09"
"United Bank of India",4639177,75153,4714330,68877.96,2381969,"(B) Regional Rural Bank","2015-12-09"
"United Bank of India",3837688,2532011,6369699,312213.92,4055697,"(A) Public Sector Banks","2015-12-16"
"United Bank of India",4660772,75594,4736366,72639.34,2382135,"(B) Regional Rural Bank","2015-12-16"
"United Bank of India",3884996,2573853,6458849,319841.57,4059747,"(A) Public Sector Banks","2015-12-23"
"United Bank of India",4697672,76009,4773681,74545.35,2382201,"(B) Regional Rural Bank","2015-12-23"
"United Bank of India",3934520,2587462,6521982,347410.76,4062070,"(A) Public Sector Banks","2015-12-30"
"United Bank of India",4758000,76441,4834441,74640.09,2383362,"(B) Regional Rural Bank","2015-12-30"
"United Bank of India",3978565,2629956,6608521,352748.08,4071848,"(A) Public Sector Banks","2016-01-06"
"United Bank of India",4799102,73858,4872960,76373.09,2383473,"(B) Regional Rural Bank","2016-01-06"
"United Bank of India",4017563,2651482,6669045,354105.09,4091936,"(A) Public Sector Banks","2016-01-13"
"United Bank of India",4811903,77381,4889284,76264.13,2383607,"(B) Regional Rural Bank","2016-01-13"
"United Bank of India",4061894,2679224,6741118,364048.85,4097144,"(A) Public Sector Banks","2016-01-20"
"United Bank of India",4892647,77807,4970454,78014.84,2383821,"(B) Regional Rural Bank","2016-01-20"
"United Bank of India",4085187,2695174,6780361,364125.1,4099665,"(A) Public Sector Banks","2016-01-27"
"United Bank of India",4904671,78200,4982871,80566.48,2385653,"(B) Regional Rural Bank","2016-01-27"
"United Bank of India",4166053,2745047,6911100,376662.95,4075828,"(A) Public Sector Banks","2016-02-10"
"United Bank of India",4987841,79114,5066955,84565.01,2386813,"(B) Regional Rural Bank","2016-02-10"
"United Bank of India",4192847,2762680,6955527,380254.55,4103172,"(A) Public Sector Banks","2016-02-17"
"United Bank of India",5063210,79956,5143166,86077.17,2403367,"(B) Regional Rural Bank","2016-02-17"
"United Bank of India",4245162,2773985,7019147,382271.28,4415982,"(A) Public Sector Banks","2016-02-24"
"United Bank of India",5134266,80673,5214939,88753.25,2404610,"(B) Regional Rural Bank","2016-02-24"
"United Bank of India",4278478,2795126,7073604,398448.4,4584543,"(A) Public Sector Banks","2016-03-02"
"United Bank of India",5165316,81066,5246382,90000.66,2405269,"(B) Regional Rural Bank","2016-03-02"
"United Bank of India",4390911,2865301,7256212,404907.49,4685909,"(A) Public Sector Banks","2016-03-09"
"United Bank of India",5217425,81707,5299132,91588.18,2406072,"(B) Regional Rural Bank","2016-03-09"
"United Bank of India",4415120,2883493,7298613,412351.03,4697222,"(A) Public Sector Banks","2016-03-16"
"United Bank of India",5236263,82069,5318332,93074.13,2406467,"(B) Regional Rural Bank","2016-03-16"
"United Bank of India",4415120,2883493,7298613,412351.03,4697222,"(A) Public Sector Banks","2016-03-23"
"United Bank of India",5237523,82115,5319638,93074.15,2406467,"(B) Regional Rural Bank","2016-03-23"
"United Bank of India",4414177,2885263,7299440,424437.94,4697270,"(A) Public Sector Banks","2016-03-30"
"United Bank of India",5283167,82115,5365282,93074.1,2406467,"(B) Regional Rural Bank","2016-03-30"
"United Bank of India",4414694,2885263,7299957,429957.96,4697523,"(A) Public Sector Banks","2016-04-06"
"United Bank of India",5319590,78233,5397823,98268.93,2407973,"(B) Regional Rural Bank","2016-04-06"
"United Bank of India",4413983,2911416,7325399,430214.39,4698775,"(A) Public Sector Banks","2016-04-13"
"United Bank of India",5326201,78411,5404612,96637.56,2408314,"(B) Regional Rural Bank","2016-04-13"
"United Bank of India",4430837,2924978,7355815,429774.89,4701933,"(A) Public Sector Banks","2016-04-20"
"United Bank of India",5345228,78692,5423920,100416.82,2400236,"(B) Regional Rural Bank","2016-04-20"
"United Bank of India",4443809,2916878,7360687,429945.68,4705100,"(A) Public Sector Banks","2016-04-27"
"United Bank of India",5346131,78722,5424853,100416.87,2408855,"(B) Regional Rural Bank","2016-04-27"
"United Bank of India",4464436,2951603,7416039,436535.62,4706357,"(A) Public Sector Banks","2016-05-04"
"United Bank of India",5386503,79542,5466045,100236.4,2410037,"(B) Regional Rural Bank","2016-05-04"
"United Bank of India",4486899,2950865,7437764,437468.45,4722973,"(A) Public Sector Banks","2016-05-11"
"United Bank of India",5413438,80263,5493701,102127.41,2410595,"(B) Regional Rural Bank","2016-05-11"
"United Bank of India",4507812,2967379,7475191,439634.37,4723129,"(A) Public Sector Banks","2016-05-18"
"United Bank of India",5419725,80614,5500339,102087.46,2411196,"(B) Regional Rural Bank","2016-05-18"
"United Bank of India",4530911,2985065,7515976,438525.35,4728648,"(A) Public Sector Banks","2016-05-25"
"United Bank of India",5419725,80614,5500339,102087.46,2411196,"(B) Regional Rural Bank","2016-05-25"
"United Bank of India",4556584,3004130,7560714,444436.6,4756350,"(A) Public Sector Banks","2016-06-01"
"United Bank of India",5501287,81490,5582777,106545.16,2412739,"(B) Regional Rural Bank","2016-06-01"
"United Bank of India",1717646,1280083,2997729,67078.01,2856710,"(A) Public Sector Banks","2015-01-21"
"United Bank of India",2351153,43027,2394180,16564.02,1836000,"(B) Regional Rural Bank","2015-01-21"
"United Bank of India",2560333,1827047,4387380,168025.54,3384305,"(A) Public Sector Banks","2015-05-27"
"United Bank of India",3164410,57925,3222335,38020.01,2098765,"(B) Regional Rural Bank","2015-05-27"
"United Bank of India",3441790,2325844,5767634,264477.43,3957752,"(A) Public Sector Banks","2015-09-30"
"United Bank of India",4085907,70512,4156419,56856.34,2116232,"(B) Regional Rural Bank","2015-09-30"
"United Bank of India",4123952,2719954,6843906,374162.02,4093362,"(A) Public Sector Banks","2016-02-03"
"United Bank of India",4967286,78714,5046000,83090.01,2386490,"(B) Regional Rural Bank","2016-02-03"
"United Bank of India",4587728,3025184,7612912,451461.4,4788318,"(A) Public Sector Banks","2016-06-08"
"United Bank of India",5513247,81887,5595134,108210.47,2413520,"(B) Regional Rural Bank","2016-06-08"
"United Bank of India",5484589,3532524,9017113,553417.87,4881317,"(A) Public Sector Banks","2016-10-12"
"United Bank of India",6552436,95762,6648198,126667.58,2725084,"(B) Regional Rural Bank","2016-10-12"
"United Bank of India",6182157,3982283,10164440,737245.05,9102180,"(A) Public Sector Banks","2017-02-15"
"United Bank of India",7332879,105971,7438850,185884.36,6385509,"(B) Regional Rural Bank","2017-02-15"
"United Bank of India",6646909,4347620,10994529,821749.65,10132529,"(A) Public Sector Banks","2017-06-21"
"United Bank of India",7685805,105424,7791229,182669.25,6576465,"(B) Regional Rural Bank","2017-06-21"
"United Bank of India",7132564,4667097,11799661,875358.32,10185277,"(A) Public Sector Banks","2017-10-25"
"United Bank of India",8144582,105826,8250408,189597.82,6624149,"(B) Regional Rural Bank","2017-10-25"
"United Bank of India",7259256,4750241,12009497,1039947.83,10362322,"(A) Public Sector Banks","2018-02-28"
"United Bank of India",8308354,106690,8415044,200074.75,6726287,"(B) Regional Rural Bank","2018-02-28"
"United Bank of India",7508152,4906472,12414624,799358.15,10378306,"(A) Public Sector Banks","2018-07-11"
"United Bank of India",8487749,106785,8594534,207670.52,6738518,"(B) Regional Rural Bank","2018-07-11"
"United Bank of India",4607542,3040893,7648435,458329.58,4810075,"(A) Public Sector Banks","2016-06-15"
"United Bank of India",5581416,82364,5663780,110854.64,2414157,"(B) Regional Rural Bank","2016-06-15"
"United Bank of India",4671517,3064710,7736227,459600.85,4810075,"(A) Public Sector Banks","2016-06-22"
"United Bank of India",5595746,83378,5679124,112534.74,2414877,"(B) Regional Rural Bank","2016-06-22"
"United Bank of India",4724813,3091574,7816387,465551.38,4811127,"(A) Public Sector Banks","2016-06-29"
"United Bank of India",5626577,83948,5710525,112508.24,2415304,"(B) Regional Rural Bank","2016-06-29"
"United Bank of India",4757005,3111088,7868093,474198.81,4812797,"(A) Public Sector Banks","2016-07-06"
"United Bank of India",5644944,84191,5729135,115282.15,2416124,"(B) Regional Rural Bank","2016-07-06"
"United Bank of India",4833339,3139645,7972984,474798.84,4813242,"(A) Public Sector Banks","2016-07-13"
"United Bank of India",5742023,85098,5827121,115285.08,2416124,"(B) Regional Rural Bank","2016-07-13"
"United Bank of India",4902477,3172260,8074737,476456.05,4813242,"(A) Public Sector Banks","2016-07-20"
"United Bank of India",5844683,86489,5931172,115851.52,2417457,"(B) Regional Rural Bank","2016-07-20"
"United Bank of India",4969846,3205028,8174874,476729.07,4813527,"(A) Public Sector Banks","2016-07-27"
"United Bank of India",5858014,86980,5944994,118602.79,2418440,"(B) Regional Rural Bank","2016-07-27"
"United Bank of India",5028401,3233570,8261971,487930.63,4815160,"(A) Public Sector Banks","2016-08-03"
"United Bank of India",5952622,87607,6040229,118368.04,2382575,"(B) Regional Rural Bank","2016-08-03"
"United Bank of India",5101126,3267730,8368856,487747.83,4816429,"(A) Public Sector Banks","2016-08-10"
"United Bank of India",5972448,88460,6060908,120056.04,2420013,"(B) Regional Rural Bank","2016-08-10"
"United Bank of India",5140478,3288976,8429454,488182.82,4818125,"(A) Public Sector Banks","2016-08-17"
"United Bank of India",6041571,89096,6130667,120277.59,2420521,"(B) Regional Rural Bank","2016-08-17"
"United Bank of India",5201881,3323406,8525287,491181.31,4819237,"(A) Public Sector Banks","2016-08-24"
"United Bank of India",6226882,90694,6317576,120296,2420902,"(B) Regional Rural Bank","2016-08-24"
"United Bank of India",5242739,3343173,8585912,497916.65,4823337,"(A) Public Sector Banks","2016-08-31"
"United Bank of India",6298433,91790,6390223,121269.19,2422003,"(B) Regional Rural Bank","2016-08-31"
"United Bank of India",5289313,3370723,8660036,505115.36,4825586,"(A) Public Sector Banks","2016-09-07"
"United Bank of India",6311992,92424,6404416,121302.51,2422486,"(B) Regional Rural Bank","2016-09-07"
"United Bank of India",5320858,3397183,8718041,510452.28,4828033,"(A) Public Sector Banks","2016-09-14"
"United Bank of India",6322637,92644,6415281,121302.79,2422486,"(B) Regional Rural Bank","2016-09-14"
"United Bank of India",5375351,3438522,8813873,513547.17,4829115,"(A) Public Sector Banks","2016-09-21"
"United Bank of India",6385870,93712,6479582,123453.11,2523377,"(B) Regional Rural Bank","2016-09-21"
"United Bank of India",5430965,3489293,8920258,520266.05,4876361,"(A) Public Sector Banks","2016-09-28"
"United Bank of India",6493053,94839,6587892,125197.33,2723961,"(B) Regional Rural Bank","2016-09-28"
"United Bank of India",5444475,3503741,8948216,530647.6,4879644,"(A) Public Sector Banks","2016-10-05"
"United Bank of India",6552067,95717,6647784,126219.69,2725084,"(B) Regional Rural Bank","2016-10-05"
"United Bank of India",5534688,3559691,9094379,553782.65,4882394,"(A) Public Sector Banks","2016-10-19"
"United Bank of India",6587204,96462,6683666,126624.98,2726085,"(B) Regional Rural Bank","2016-10-19"
"United Bank of India",5580802,3591310,9172112,550497.61,4883927,"(A) Public Sector Banks","2016-10-26"
"United Bank of India",6652837,96970,6749807,126838.6,2726624,"(B) Regional Rural Bank","2016-10-26"
"United Bank of India",5615926,3612814,9228740,560133.7,4914304,"(A) Public Sector Banks","2016-11-02"
"United Bank of India",6659830,97432,6757262,127168.19,2726983,"(B) Regional Rural Bank","2016-11-02"
"United Bank of India",5662654,3637152,9299806,558163.56,4915369,"(A) Public Sector Banks","2016-11-09"
"United Bank of India",6777241,98649,6875890,128021.21,2727572,"(B) Regional Rural Bank","2016-11-09"
"United Bank of India",5668720,3644297,9313017,665266.02,4916149,"(A) Public Sector Banks","2016-11-16"
"United Bank of India",6781601,98975,6880576,184413.41,2727773,"(B) Regional Rural Bank","2016-11-16"
"United Bank of India",5681861,3663539,9345400,723858.85,4933257,"(A) Public Sector Banks","2016-11-23"
"United Bank of India",6827697,99611,6927308,199204.57,2728502,"(B) Regional Rural Bank","2016-11-23"
"United Bank of India",5716252,3696213,9412465,745543,6253308,"(A) Public Sector Banks","2016-11-30"
"United Bank of India",6904468,100362,7004830,202665.91,2729403,"(B) Regional Rural Bank","2016-11-30"
"United Bank of India",5777247,3736737,9513984,749325.99,8467448,"(A) Public Sector Banks","2016-12-07"
"United Bank of India",6967606,101155,7068761,202197.94,6146287,"(B) Regional Rural Bank","2016-12-07"
"United Bank of India",5830490,3773378,9603868,748024.31,8547444,"(A) Public Sector Banks","2016-12-14"
"United Bank of India",7003358,101999,7105357,202442.35,6178107,"(B) Regional Rural Bank","2016-12-14"
"United Bank of India",5896330,3819708,9716038,741070.29,8647287,"(A) Public Sector Banks","2016-12-21"
"United Bank of India",7040587,102233,7142820,201396.5,0,"(B) Regional Rural Bank","2016-12-21"
"United Bank of India",5939359,3854981,9794340,744128.1,8718556,"(A) Public Sector Banks","2016-12-28"
"United Bank of India",7085892,102791,7188683,199206.56,6249843,"(B) Regional Rural Bank","2016-12-28"
"United Bank of India",5937469,3810577,9748046,773100.32,8735788,"(A) Public Sector Banks","2017-01-04"
"United Bank of India",7103360,103316,7206676,195828.06,6264714,"(B) Regional Rural Bank","2017-01-04"
"United Bank of India",5990109,3849720,9839829,753596.88,8818040,"(A) Public Sector Banks","2017-01-11"
"United Bank of India",7213701,104351,7318052,193042.75,6264252,"(B) Regional Rural Bank","2017-01-11"
"United Bank of India",6018083,3867898,9885981,748866.13,8859402,"(A) Public Sector Banks","2017-01-18"
"United Bank of India",7259048,105155,7364203,190035.86,6303757,"(B) Regional Rural Bank","2017-01-18"
"United Bank of India",6070906,3907078,9977984,741420.14,8934884,"(A) Public Sector Banks","2017-01-25"
"United Bank of India",7265232,103070,7368302,189488.79,6307265,"(B) Regional Rural Bank","2017-01-25"
"United Bank of India",6105910,3929869,10035779,740308.54,8986637,"(A) Public Sector Banks","2017-02-01"
"United Bank of India",7326826,106267,7433093,187111.86,6359725,"(B) Regional Rural Bank","2017-02-01"
"United Bank of India",6143140,3957453,10100593,735208.38,9045084,"(A) Public Sector Banks","2017-02-08"
"United Bank of India",7302588,105814,7408402,185546.16,6360085,"(B) Regional Rural Bank","2017-02-08"
"United Bank of India",6226941,4028489,10255430,734467.14,9182712,"(A) Public Sector Banks","2017-02-22"
"United Bank of India",7418714,105929,7524643,181741.7,6475180,"(B) Regional Rural Bank","2017-02-22"
"United Bank of India",6257235,4046471,10303706,738856.55,9225938,"(A) Public Sector Banks","2017-03-01"
"United Bank of India",7435897,106086,7541983,179005.68,6489873,"(B) Regional Rural Bank","2017-03-01"
"United Bank of India",6285373,4075397,10360770,732989.31,9975997,"(A) Public Sector Banks","2017-03-08"
"United Bank of India",7423233,105656,7528889,176029.73,6493919,"(B) Regional Rural Bank","2017-03-08"
"United Bank of India",6313028,4094883,10407911,734484.91,10021416,"(A) Public Sector Banks","2017-03-15"
"United Bank of India",7497542,105537,7603079,174463.53,6539420,"(B) Regional Rural Bank","2017-03-15"
"United Bank of India",6350313,4120304,10470617,732817.47,10051784,"(A) Public Sector Banks","2017-03-22"
"United Bank of India",7526811,105584,7632395,173273.03,6561634,"(B) Regional Rural Bank","2017-03-22"
"United Bank of India",6380459,4139182,10519641,741403.84,10067558,"(A) Public Sector Banks","2017-03-29"
"United Bank of India",7551941,105414,7657355,173804.75,6565632,"(B) Regional Rural Bank","2017-03-29"
"United Bank of India",6392870,4138734,10531604,762161.85,10078750,"(A) Public Sector Banks","2017-04-05"
"United Bank of India",7570470,105375,7675845,174667.63,6578226,"(B) Regional Rural Bank","2017-04-05"
"United Bank of India",6417128,4154227,10571355,754806.96,10116816,"(A) Public Sector Banks","2017-04-12"
"United Bank of India",7567973,105400,7673373,187904.32,6574549,"(B) Regional Rural Bank","2017-04-12"
"United Bank of India",6436260,4168382,10604642,750093.38,10128658,"(A) Public Sector Banks","2017-04-19"
"United Bank of India",7568524,105376,7673900,187242.19,6574736,"(B) Regional Rural Bank","2017-04-19"
"United Bank of India",6462467,4186287,10648754,812126.21,10130116,"(A) Public Sector Banks","2017-04-26"
"United Bank of India",7598056,105429,7703485,190103.01,6575090,"(B) Regional Rural Bank","2017-04-26"
"United Bank of India",6488620,4203219,10691839,818096.38,10130986,"(A) Public Sector Banks","2017-05-03"
"United Bank of India",7622575,105429,7728004,189056.91,6575488,"(B) Regional Rural Bank","2017-05-03"
"United Bank of India",6483209,4211908,10695117,817472.89,10131106,"(A) Public Sector Banks","2017-05-10"
"United Bank of India",7621647,105408,7727055,189763.64,6575578,"(B) Regional Rural Bank","2017-05-10"
"United Bank of India",6505405,4227722,10733127,810103.72,10131341,"(A) Public Sector Banks","2017-05-17"
"United Bank of India",7633320,105410,7738730,187423.56,6575756,"(B) Regional Rural Bank","2017-05-17"
"United Bank of India",6538781,4249708,10788489,816037.6,10131442,"(A) Public Sector Banks","2017-05-24"
"United Bank of India",7634349,105391,7739740,180400.65,6575833,"(B) Regional Rural Bank","2017-05-24"
"United Bank of India",6562839,4263811,10826650,817679.44,10131529,"(A) Public Sector Banks","2017-05-31"
"United Bank of India",7660916,105434,7766350,180681.08,6575917,"(B) Regional Rural Bank","2017-05-31"
"United Bank of India",6599687,4310956,10910643,828455.34,10131641,"(A) Public Sector Banks","2017-06-07"
"United Bank of India",7675623,105434,7781057,182451.83,6576010,"(B) Regional Rural Bank","2017-06-07"
"United Bank of India",6625289,4329073,10954362,825658.24,10131767,"(A) Public Sector Banks","2017-06-14"
"United Bank of India",7675763,105426,7781189,182669.26,6576077,"(B) Regional Rural Bank","2017-06-14"
"United Bank of India",6666070,4362081,11028151,819292.85,10133222,"(A) Public Sector Banks","2017-06-28"
"United Bank of India",7723777,105570,7829347,180813.89,6577008,"(B) Regional Rural Bank","2017-06-28"
"United Bank of India",6690334,4381441,11071775,828938.97,10134049,"(A) Public Sector Banks","2017-07-05"
"United Bank of India",7732890,105555,7838445,178707.96,6577930,"(B) Regional Rural Bank","2017-07-05"
"United Bank of India",6714476,4398871,11113347,837867.59,10135134,"(A) Public Sector Banks","2017-07-12"
"United Bank of India",7734668,105535,7840203,180766.61,6578894,"(B) Regional Rural Bank","2017-07-12"
"United Bank of India",6754934,4424907,11179841,836316.9,10137371,"(A) Public Sector Banks","2017-07-19"
"United Bank of India",7763846,105543,7869389,179868.84,6581864,"(B) Regional Rural Bank","2017-07-19"
"United Bank of India",6785520,4445224,11230744,842871.44,10139508,"(A) Public Sector Banks","2017-07-26"
"United Bank of India",7763611,105534,7869145,168685.79,6583743,"(B) Regional Rural Bank","2017-07-26"
"United Bank of India",6815024,4467234,11282258,856124.63,10142495,"(A) Public Sector Banks","2017-08-02"
"United Bank of India",7793366,105651,7899017,185587.31,6586249,"(B) Regional Rural Bank","2017-08-02"
"United Bank of India",6866224,4494297,11360521,856503.32,10148264,"(A) Public Sector Banks","2017-08-09"
"United Bank of India",7793041,105645,7898686,191393.52,6592093,"(B) Regional Rural Bank","2017-08-09"
"United Bank of India",6887297,4506490,11393787,858485.17,10151139,"(A) Public Sector Banks","2017-08-16"
"United Bank of India",7823256,105652,7928908,193796.13,6595249,"(B) Regional Rural Bank","2017-08-16"
"United Bank of India",6924923,4531345,11456268,855784.92,10153892,"(A) Public Sector Banks","2017-08-23"
"United Bank of India",7923379,106011,8029390,193035.21,6597829,"(B) Regional Rural Bank","2017-08-23"
"United Bank of India",6943109,4546122,11489231,857653.62,10156566,"(A) Public Sector Banks","2017-08-30"
"United Bank of India",7924023,105982,8030005,190950.67,6600213,"(B) Regional Rural Bank","2017-08-30"
"United Bank of India",6984901,4569292,11554193,872889.28,10159315,"(A) Public Sector Banks","2017-09-06"
"United Bank of India",7966174,106048,8072222,192562.74,6602926,"(B) Regional Rural Bank","2017-09-06"
"United Bank of India",7002821,4584856,11587677,882095.72,10162436,"(A) Public Sector Banks","2017-09-13"
"United Bank of India",7977042,106070,8083112,191176.95,6608540,"(B) Regional Rural Bank","2017-09-13"
"United Bank of India",7043065,4604861,11647926,886764.39,10168679,"(A) Public Sector Banks","2017-09-20"
"United Bank of India",8007737,106101,8113838,189463.64,6611888,"(B) Regional Rural Bank","2017-09-20"
"United Bank of India",7043065,4604861,11647926,886764.39,10168679,"(A) Public Sector Banks","2017-09-27"
"United Bank of India",8007737,106101,8113838,189463.64,6611888,"(B) Regional Rural Bank","2017-09-27"
"United Bank of India",7078434,4627823,11706257,886688.03,10173436,"(A) Public Sector Banks","2017-10-04"
"United Bank of India",8044068,106188,8150256,189494.36,6616155,"(B) Regional Rural Bank","2017-10-04"
"United Bank of India",7096276,4642025,11738301,882578.12,10176952,"(A) Public Sector Banks","2017-10-11"
"United Bank of India",8178897,106177,8285074,191043.87,6619075,"(B) Regional Rural Bank","2017-10-11"
"United Bank of India",7115990,4655911,11771901,882322.62,10181639,"(A) Public Sector Banks","2017-10-18"
"United Bank of India",8181094,106177,8287271,191043.87,6621321,"(B) Regional Rural Bank","2017-10-18"
"United Bank of India",7154273,4681298,11835571,888796.01,10190002,"(A) Public Sector Banks","2017-11-01"
"United Bank of India",8157286,106304,8263590,186559.36,6634837,"(B) Regional Rural Bank","2017-11-01"
"United Bank of India",7174628,4695561,11870189,891683.34,10194609,"(A) Public Sector Banks","2017-11-08"
"United Bank of India",8147050,106292,8253342,186715.24,6637965,"(B) Regional Rural Bank","2017-11-08"
"United Bank of India",7198401,4711155,11909556,948204.99,10199247,"(A) Public Sector Banks","2017-11-15"
"United Bank of India",8150678,106277,8256955,187775.6,6640871,"(B) Regional Rural Bank","2017-11-15"
"United Bank of India",7199807,4712133,11911940,944024.6,10203386,"(A) Public Sector Banks","2017-11-22"
"United Bank of India",8147538,106465,8254003,187736.5,6644107,"(B) Regional Rural Bank","2017-11-22"
"United Bank of India",7204379,4715092,11919471,946838.28,10206645,"(A) Public Sector Banks","2017-11-29"
"United Bank of India",8168574,106581,8275155,187652.75,6646800,"(B) Regional Rural Bank","2017-11-29"
"United Bank of India",7208281,4717579,11925860,965250.79,10209959,"(A) Public Sector Banks","2017-12-06"
"United Bank of India",8172210,106561,8278771,189660.18,6650218,"(B) Regional Rural Bank","2017-12-06"
"United Bank of India",7213400,4720899,11934299,971234.45,10215273,"(A) Public Sector Banks","2017-12-13"
"United Bank of India",8209516,106677,8316193,193093.91,6653434,"(B) Regional Rural Bank","2017-12-13"
"United Bank of India",7218096,4723930,11942026,968409.47,10218480,"(A) Public Sector Banks","2017-12-20"
"United Bank of India",8209811,106648,8316459,192286.73,6655852,"(B) Regional Rural Bank","2017-12-20"
"United Bank of India",7222447,4726728,11949175,965698.57,10220660,"(A) Public Sector Banks","2017-12-27"
"United Bank of India",8236159,106672,8342831,192032.23,6678435,"(B) Regional Rural Bank","2017-12-27"
"United Bank of India",7227891,4730255,11958146,981076.19,10223431,"(A) Public Sector Banks","2018-01-03"
"United Bank of India",8247579,106673,8354252,193060.04,6680767,"(B) Regional Rural Bank","2018-01-03"
"United Bank of India",7232779,4733402,11966181,981010.44,10225566,"(A) Public Sector Banks","2018-01-10"
"United Bank of India",8247056,106653,8353709,190953.14,6681706,"(B) Regional Rural Bank","2018-01-10"
"United Bank of India",7237777,4736627,11974404,989867.8,10227731,"(A) Public Sector Banks","2018-01-17"
"United Bank of India",8265200,106667,8371867,191064.33,6683673,"(B) Regional Rural Bank","2018-01-17"
"United Bank of India",7243784,4740517,11984301,983513.02,10229858,"(A) Public Sector Banks","2018-01-24"
"United Bank of India",8264830,106651,8371481,192778.49,6685372,"(B) Regional Rural Bank","2018-01-24"
"United Bank of India",7249606,4744283,11993889,998672.92,10231789,"(A) Public Sector Banks","2018-01-31"
"United Bank of India",8267199,106637,8373836,192387.9,6687020,"(B) Regional Rural Bank","2018-01-31"
"United Bank of India",7252347,4745987,11998334,1009129.52,10233035,"(A) Public Sector Banks","2018-02-07"
"United Bank of India",8283652,106664,8390316,194281.64,6688238,"(B) Regional Rural Bank","2018-02-07"
"United Bank of India",7253794,4746819,12000613,1000499.34,10358614,"(A) Public Sector Banks","2018-02-14"
"United Bank of India",8302431,106696,8409127,193991.39,6723564,"(B) Regional Rural Bank","2018-02-14"
"United Bank of India",7255429,4747774,12003203,1003599.76,10360736,"(A) Public Sector Banks","2018-02-21"
"United Bank of India",8301726,106690,8408416,192938.21,6725150,"(B) Regional Rural Bank","2018-02-21"
"United Bank of India",7261714,4751773,12013487,1051519.96,10363574,"(A) Public Sector Banks","2018-03-07"
"United Bank of India",8307938,106684,8414622,197443.47,6727220,"(B) Regional Rural Bank","2018-03-07"
"United Bank of India",7264231,4753334,12017565,1052237.37,10364827,"(A) Public Sector Banks","2018-03-14"
"United Bank of India",8322527,106650,8429177,199727.78,6728334,"(B) Regional Rural Bank","2018-03-14"
"United Bank of India",7266497,4754723,12021220,1070173.26,10365986,"(A) Public Sector Banks","2018-03-21"
"United Bank of India",8326389,106679,8433068,197613.86,6729372,"(B) Regional Rural Bank","2018-03-21"
"United Bank of India",7269213,4756412,12025625,1067023.75,10367243,"(A) Public Sector Banks","2018-03-28"
"United Bank of India",8323108,106666,8429774,200602.89,6730507,"(B) Regional Rural Bank","2018-03-28"
"United Bank of India",7271320,4757685,12029005,1087092.99,10368484,"(A) Public Sector Banks","2018-04-04"
"United Bank of India",8360772,106710,8467482,203310.88,6731581,"(B) Regional Rural Bank","2018-04-04"
"United Bank of India",7276776,4761206,12037982,1118938.24,10369555,"(A) Public Sector Banks","2018-04-11"
"United Bank of India",8360080,106694,8466774,201373.44,6732468,"(B) Regional Rural Bank","2018-04-11"
"United Bank of India",7281336,4764137,12045473,1123045.66,10370862,"(A) Public Sector Banks","2018-04-18"
"United Bank of India",8360920,106737,8467657,201378.02,6733506,"(B) Regional Rural Bank","2018-04-18"
"United Bank of India",7303499,4778650,12082149,1126423.71,10372189,"(A) Public Sector Banks","2018-04-25"
"United Bank of India",8379758,106719,8486477,209334.64,6734612,"(B) Regional Rural Bank","2018-04-25"
"United Bank of India",7328551,4795059,12123610,1136677.14,10373522,"(A) Public Sector Banks","2018-05-02"
"United Bank of India",8379533,106716,8486249,210521.11,6735419,"(B) Regional Rural Bank","2018-05-02"
"United Bank of India",7351460,4810055,12161515,1132304.9,10374883,"(A) Public Sector Banks","2018-05-09"
"United Bank of India",8405700,106775,8512475,206639.46,6736045,"(B) Regional Rural Bank","2018-05-09"
"United Bank of India",7412180,4849866,12262046,1129176.66,10376936,"(A) Public Sector Banks","2018-05-23"
"United Bank of India",8425110,106514,8531624,205626.9,6737430,"(B) Regional Rural Bank","2018-05-23"
"United Bank of India",7444145,4870804,12314949,1087092.99,10377647,"(A) Public Sector Banks","2018-05-30"
"United Bank of India",8433679,106790,8540469,204888.98,6738089,"(B) Regional Rural Bank","2018-05-30"
"United Bank of India",7475650,4891464,12367114,1072348.02,10378306,"(A) Public Sector Banks","2018-06-06"
"United Bank of India",8442193,106791,8548984,206942.23,6738518,"(B) Regional Rural Bank","2018-06-06"
"United Bank of India",7475650,4891464,12367114,1003599.76,10378306,"(A) Public Sector Banks","2018-06-13"
"United Bank of India",8442367,106774,8549141,205404.07,6738518,"(B) Regional Rural Bank","2018-06-13"
"United Bank of India",7475650,4891464,12367114,948204.99,10378306,"(A) Public Sector Banks","2018-06-20"
"United Bank of India",8454539,106793,8561332,204866.95,6738518,"(B) Regional Rural Bank","2018-06-20"
"United Bank of India",7475650,4891464,12367114,882578.12,10378306,"(A) Public Sector Banks","2018-06-27"
"United Bank of India",8467071,106795,8573866,206041.35,6738518,"(B) Regional Rural Bank","2018-06-27"
"United Bank of India",7490666,4898587,12389253,799358.15,10378306,"(A) Public Sector Banks","2018-07-04"
"United Bank of India",8476246,106785,8583031,208888.45,6738518,"(B) Regional Rural Bank","2018-07-04"
"United Bank of India",7512557,4910538,12423095,778572.83,10378306,"(A) Public Sector Banks","2018-07-18"
"United Bank of India",8499465,106785,8606250,217809.83,6738518,"(B) Regional Rural Bank","2018-07-18"
"United Bank of India",7572788,4949834,12522622,797886.11,10378306,"(A) Public Sector Banks","2018-08-01"
"United Bank of India",8533311,106792,8640103,218985.28,6738518,"(B) Regional Rural Bank","2018-08-01"
"United Bank of India",7597628,4966078,12563706,799527.26,10378306,"(A) Public Sector Banks","2018-08-08"
"United Bank of India",8543887,106765,8650652,220110.18,6738518,"(B) Regional Rural Bank","2018-08-08"
"United Bank of India",7623804,4983158,12606962,801051.65,10378306,"(A) Public Sector Banks","2018-08-15"
"United Bank of India",8624625,106878,8731503,218338.03,6738518,"(B) Regional Rural Bank","2018-08-15"
"United Bank of India",7634839,4990322,12625161,801201.7,10378306,"(A) Public Sector Banks","2018-08-22"
"United Bank of India",8656801,106912,8763713,217153.6,6738518,"(B) Regional Rural Bank","2018-08-22"
"United Bank of India",7634839,4990322,12625161,801201.7,10378306,"(A) Public Sector Banks","2018-08-29"
"United Bank of India",8661010,106923,8767933,219690.86,6738518,"(B) Regional Rural Bank","2018-08-29"
"United Bank of India",7637829,4992312,12630141,801701.9,10378306,"(A) Public Sector Banks","2018-09-05"
"United Bank of India",8683953,107045,8790998,218965.92,6738518,"(B) Regional Rural Bank","2018-09-05"
"United Bank of India",7640568,4994029,12634597,802187.51,10378306,"(A) Public Sector Banks","2018-09-12"
"United Bank of India",8717569,107071,8824640,218744.64,6738518,"(B) Regional Rural Bank","2018-09-12"
"United Bank of India",7645992,4997511,12643503,803988.62,10379196,"(A) Public Sector Banks","2018-09-19"
"United Bank of India",8718815,107061,8825876,218468.26,6738796,"(B) Regional Rural Bank","2018-09-19"
"United Bank of India",7653921,5002655,12656576,804578.7,10380205,"(A) Public Sector Banks","2018-09-26"
"United Bank of India",8756816,107087,8863903,217523.63,6739168,"(B) Regional Rural Bank","2018-09-26"
"United Bank of India",7680619,5020074,12700693,805379.69,10383727,"(A) Public Sector Banks","2018-10-03"
"United Bank of India",8779843,107105,8886948,218833.6,6739969,"(B) Regional Rural Bank","2018-10-03"
"United Bank of India",7711666,5040344,12752010,805478.66,10391398,"(A) Public Sector Banks","2018-10-10"
"United Bank of India",8779094,107094,8886188,219595.31,6740374,"(B) Regional Rural Bank","2018-10-10"
"United Bank of India",7723435,5047983,12771418,805376.72,10396094,"(A) Public Sector Banks","2018-10-17"
"United Bank of India",8807238,107091,8914329,219401.9,6740571,"(B) Regional Rural Bank","2018-10-17"
"United Bank of India",7728755,5051405,12780160,805273.69,10397035,"(A) Public Sector Banks","2018-10-24"
"United Bank of India",8832289,107124,8939413,217970.59,6740722,"(B) Regional Rural Bank","2018-10-24"
"United Bank of India",7755392,5068790,12824182,805183.68,10400501,"(A) Public Sector Banks","2018-10-31"
"United Bank of India",8875480,107125,8982605,217389.18,6740904,"(B) Regional Rural Bank","2018-10-31"
"United Bank of India",7777060,5082915,12859975,805277.17,10406514,"(A) Public Sector Banks","2018-11-07"
"United Bank of India",8875019,107122,8982141,216891.68,6741714,"(B) Regional Rural Bank","2018-11-07"
"United Bank of India",7788718,5090476,12879194,805371.28,10409508,"(A) Public Sector Banks","2018-11-14"
"United Bank of India",8919440,107142,9026582,217126.79,6742164,"(B) Regional Rural Bank","2018-11-14"
"United Bank of India",7803831,5100327,12904158,805469.26,10412494,"(A) Public Sector Banks","2018-11-21"
"United Bank of India",8918875,107138,9026013,217272.06,6742652,"(B) Regional Rural Bank","2018-11-21"
"United Bank of India",7808882,5103536,12912418,805576.78,10417858,"(A) Public Sector Banks","2018-11-28"
"United Bank of India",8970445,107236,9077681,220979.71,6743211,"(B) Regional Rural Bank","2018-11-28"
"United Bank of India",7814166,5106933,12921099,805368.83,10434701,"(A) Public Sector Banks","2018-12-05"
"United Bank of India",8969908,107216,9077124,223897.39,6743706,"(B) Regional Rural Bank","2018-12-05"
"United Bank of India",7817407,5109006,12926413,805569.82,10439561,"(A) Public Sector Banks","2018-12-12"
"United Bank of India",8970253,104714,9074967,208811.28,6743926,"(B) Regional Rural Bank","2018-12-12"
"United Bank of India",7823164,5112712,12935876,805577.81,10446862,"(A) Public Sector Banks","2018-12-19"
"United Bank of India",8988100,107211,9095311,221439.88,6744197,"(B) Regional Rural Bank","2018-12-19"
"United Bank of India",7825975,5114478,12940453,805371.83,10451267,"(A) Public Sector Banks","2018-12-26"
"United Bank of India",8988100,107211,9095311,221718.71,6745137,"(B) Regional Rural Bank","2018-12-26"
"United Bank of India",7827045,5115113,12942158,805269.78,10451267,"(A) Public Sector Banks","2019-01-02"
"United Bank of India",9038484,107329,9145813,221837.76,6745137,"(B) Regional Rural Bank","2019-01-02"
"United Bank of India",7841814,5124656,12966470,805169.99,10451267,"(A) Public Sector Banks","2019-01-16"
"United Bank of India",9037585,107071,9144656,220433.38,6745137,"(B) Regional Rural Bank","2019-01-16"
"United Bank of India",7848555,5129016,12977571,805172.98,10451267,"(A) Public Sector Banks","2019-01-23"
"United Bank of India",9063768,107086,9170854,220169.01,6745137,"(B) Regional Rural Bank","2019-01-23"
