Bank Name / Type,Number of Beneficiaries at rural/semiurban centre bank branches,Number of Beneficiaries at urban metro centre bank branches,Number of Total Beneficiaries,Deposits in Accounts(In lac),Number of Rupay Debit Cards issued to beneficiaries,level,date
"Yes Bank Ltd",1179,559,1738,0.91,1740,"(C) Major Private Banks","2014-10-15"
"Yes Bank Ltd",1391,702,2093,4.83,2099,"(C) Major Private Banks","2014-10-29"
"Yes Bank Ltd",1559,797,2356,5.92,2354,"(C) Major Private Banks","2014-11-05"
"Yes Bank Ltd",1655,884,2539,8.53,2539,"(C) Major Private Banks","2014-11-12"
"Yes Bank Ltd",1779,1006,2785,10.14,2785,"(C) Major Private Banks","2014-11-19"
"Yes Bank Ltd",2077,1132,3209,10.85,3209,"(C) Major Private Banks","2014-11-26"
"Yes Bank Ltd",2408,1241,3649,11.57,3649,"(C) Major Private Banks","2014-12-03"
"Yes Bank Ltd",2513,1353,3866,12.82,3866,"(C) Major Private Banks","2014-12-10"
"Yes Bank Ltd",2900,1706,4606,12.85,0,"(C) Major Private Banks","2014-12-17"
"Yes Bank Ltd",3372,2042,5414,13.26,0,"(C) Major Private Banks","2014-12-24"
"Yes Bank Ltd",3823,2307,6130,15.69,0,"(C) Major Private Banks","2014-12-31"
"Yes Bank Ltd",4366,2593,6959,19.57,0,"(C) Major Private Banks","2015-01-07"
"Yes Bank Ltd",4729,2904,7633,22.09,0,"(C) Major Private Banks","2015-01-14"
"Yes Bank Ltd",5230,3328,8558,27.1,0,"(C) Major Private Banks","2015-01-28"
"Yes Bank Ltd",5455,3557,9012,29.18,0,"(C) Major Private Banks","2015-02-04"
"Yes Bank Ltd",5583,3638,9221,34.02,0,"(C) Major Private Banks","2015-02-11"
"Yes Bank Ltd",5745,3748,9493,37.56,0,"(C) Major Private Banks","2015-02-18"
"Yes Bank Ltd",5838,3985,9823,36.75,0,"(C) Major Private Banks","2015-02-25"
"Yes Bank Ltd",5976,4126,10102,43.52,0,"(C) Major Private Banks","2015-03-04"
"Yes Bank Ltd",6034,4232,10266,48.7,0,"(C) Major Private Banks","2015-03-11"
"Yes Bank Ltd",6113,4420,10533,49.14,0,"(C) Major Private Banks","2015-03-18"
"Yes Bank Ltd",6250,4519,10769,51.58,0,"(C) Major Private Banks","2015-03-25"
"Yes Bank Ltd",6387,4722,11109,58.75,0,"(C) Major Private Banks","2015-04-01"
"Yes Bank Ltd",6417,4735,11152,63.58,0,"(C) Major Private Banks","2015-04-08"
"Yes Bank Ltd",6493,4759,11252,66.73,0,"(C) Major Private Banks","2015-04-15"
"Yes Bank Ltd",6541,4785,11326,66.74,0,"(C) Major Private Banks","2015-04-22"
"Yes Bank Ltd",6582,4816,11398,67.58,0,"(C) Major Private Banks","2015-04-29"
"Yes Bank Ltd",6630,4853,11483,57.21,0,"(C) Major Private Banks","2015-05-06"
"Yes Bank Ltd",6691,4947,11638,76.7,0,"(C) Major Private Banks","2015-05-13"
"Yes Bank Ltd",6781,5052,11833,78.62,0,"(C) Major Private Banks","2015-05-20"
"Yes Bank Ltd",6908,5231,12139,80.42,0,"(C) Major Private Banks","2015-06-03"
"Yes Bank Ltd",6939,5260,12199,81.9,0,"(C) Major Private Banks","2015-06-10"
"Yes Bank Ltd",6970,5289,12259,87.94,0,"(C) Major Private Banks","2015-06-17"
"Yes Bank Ltd",6988,5313,12301,90.31,0,"(C) Major Private Banks","2015-06-24"
"Yes Bank Ltd",7006,5339,12345,90.24,12157,"(C) Major Private Banks","2015-07-01"
"Yes Bank Ltd",7067,5373,12440,94.79,12252,"(C) Major Private Banks","2015-07-08"
"Yes Bank Ltd",7105,5407,12512,97.2,12324,"(C) Major Private Banks","2015-07-15"
"Yes Bank Ltd",7135,5428,12563,94.94,12375,"(C) Major Private Banks","2015-07-22"
"Yes Bank Ltd",7159,5444,12603,92.38,12415,"(C) Major Private Banks","2015-07-29"
"Yes Bank Ltd",7176,5464,12640,90.79,12452,"(C) Major Private Banks","2015-08-05"
"Yes Bank Ltd",7196,5478,12674,96.13,12486,"(C) Major Private Banks","2015-08-12"
"Yes Bank Ltd",7217,5485,12702,96.13,12488,"(C) Major Private Banks","2015-08-19"
"Yes Bank Ltd",7242,5503,12745,98.08,12557,"(C) Major Private Banks","2015-08-26"
"Yes Bank Ltd",7251,5515,12766,96.01,12578,"(C) Major Private Banks","2015-09-02"
"Yes Bank Ltd",7263,5540,12803,101.43,12615,"(C) Major Private Banks","2015-09-09"
"Yes Bank Ltd",7276,5547,12823,101.97,12635,"(C) Major Private Banks","2015-09-16"
"Yes Bank Ltd",7299,5567,12866,99.75,12678,"(C) Major Private Banks","2015-09-23"
"Yes Bank Ltd",7320,5587,12907,135.69,12719,"(C) Major Private Banks","2015-10-07"
"Yes Bank Ltd",7336,5602,12938,141.22,12750,"(C) Major Private Banks","2015-10-14"
"Yes Bank Ltd",7347,5605,12952,127.99,12764,"(C) Major Private Banks","2015-10-21"
"Yes Bank Ltd",7372,5622,12994,125.25,12806,"(C) Major Private Banks","2015-10-28"
"Yes Bank Ltd",7389,5635,13024,124.77,12829,"(C) Major Private Banks","2015-11-04"
"Yes Bank Ltd",7393,5639,13032,129.02,12844,"(C) Major Private Banks","2015-11-11"
"Yes Bank Ltd",7394,5639,13033,126.74,12845,"(C) Major Private Banks","2015-11-18"
"Yes Bank Ltd",7405,5615,13020,125.17,12832,"(C) Major Private Banks","2015-11-25"
"Yes Bank Ltd",7410,5642,13052,124.84,12864,"(C) Major Private Banks","2015-12-02"
"Yes Bank Ltd",7419,5649,13068,127.38,12880,"(C) Major Private Banks","2015-12-09"
"Yes Bank Ltd",7433,5652,13085,127.33,12897,"(C) Major Private Banks","2015-12-16"
"Yes Bank Ltd",7444,5654,13098,127.29,12910,"(C) Major Private Banks","2015-12-23"
"Yes Bank Ltd",7453,5667,13120,124,12932,"(C) Major Private Banks","2015-12-30"
"Yes Bank Ltd",7459,5668,13127,128.22,11675,"(C) Major Private Banks","2016-01-06"
"Yes Bank Ltd",7462,5673,13135,132.6,11675,"(C) Major Private Banks","2016-01-13"
"Yes Bank Ltd",7469,5683,13152,121.43,11675,"(C) Major Private Banks","2016-01-20"
"Yes Bank Ltd",7479,5697,13176,119.17,11675,"(C) Major Private Banks","2016-01-27"
"Yes Bank Ltd",7494,5721,13215,124.42,11675,"(C) Major Private Banks","2016-02-10"
"Yes Bank Ltd",7500,5733,13233,123.25,11738,"(C) Major Private Banks","2016-02-17"
"Yes Bank Ltd",1468,3218,4686,32.75,4207,"(C) Major Private Banks","2016-02-24"
"Yes Bank Ltd",7524,5751,13275,120.99,11738,"(C) Major Private Banks","2016-03-02"
"Yes Bank Ltd",7538,5760,13298,125.97,11738,"(C) Major Private Banks","2016-03-09"
"Yes Bank Ltd",7551,5765,13316,127.6,11738,"(C) Major Private Banks","2016-03-16"
"Yes Bank Ltd",7562,5775,13337,126.26,11820,"(C) Major Private Banks","2016-03-23"
"Yes Bank Ltd",7572,5780,13352,126.27,11820,"(C) Major Private Banks","2016-03-30"
"Yes Bank Ltd",7583,5765,13348,130.29,11807,"(C) Major Private Banks","2016-04-06"
"Yes Bank Ltd",7587,5802,13389,130.4,11820,"(C) Major Private Banks","2016-04-13"
"Yes Bank Ltd",7594,5795,13389,129.91,11807,"(C) Major Private Banks","2016-04-20"
"Yes Bank Ltd",7595,5820,13415,131.15,11820,"(C) Major Private Banks","2016-04-27"
"Yes Bank Ltd",7601,5805,13406,131.83,11807,"(C) Major Private Banks","2016-05-04"
"Yes Bank Ltd",7605,5829,13434,132.58,11820,"(C) Major Private Banks","2016-05-11"
"Yes Bank Ltd",7623,5841,13464,130.92,11820,"(C) Major Private Banks","2016-05-18"
"Yes Bank Ltd",7649,5854,13503,128.73,11820,"(C) Major Private Banks","2016-05-25"
"Yes Bank Ltd",7656,5864,13520,126.61,11820,"(C) Major Private Banks","2016-06-01"
"Yes Bank Ltd",5048,3176,8224,26.4,0,"(C) Major Private Banks","2015-01-21"
"Yes Bank Ltd",6852,5140,11992,78.5,0,"(C) Major Private Banks","2015-05-27"
"Yes Bank Ltd",7310,5577,12887,135.01,12699,"(C) Major Private Banks","2015-09-30"
"Yes Bank Ltd",7490,5713,13203,121.1,11675,"(C) Major Private Banks","2016-02-03"
"Yes Bank Ltd",7688,5908,13596,134.13,12094,"(C) Major Private Banks","2016-06-08"
"Yes Bank Ltd",7949,6167,14116,150.33,12414,"(C) Major Private Banks","2016-10-12"
"Yes Bank Ltd",7709,7515,15224,232.15,14407,"(C) Major Private Banks","2017-02-15"
"Yes Bank Ltd",7875,7694,15569,213.11,14407,"(C) Major Private Banks","2017-06-21"
"Yes Bank Ltd",7528,7086,14614,215.81,12778,"(C) Major Private Banks","2017-10-25"
"Yes Bank Ltd",7420,5162,12582,219.8,10751,"(C) Major Private Banks","2018-02-28"
"Yes Bank Ltd",6748,5770,12518,240.97,12213,"(C) Major Private Banks","2018-07-11"
"Yes Bank Ltd",7690,5934,13624,132.92,12094,"(C) Major Private Banks","2016-06-15"
"Yes Bank Ltd",7701,5959,13660,133.62,12094,"(C) Major Private Banks","2016-06-22"
"Yes Bank Ltd",7714,5966,13680,132.93,12094,"(C) Major Private Banks","2016-06-29"
"Yes Bank Ltd",7724,5981,13705,138.13,12094,"(C) Major Private Banks","2016-07-06"
"Yes Bank Ltd",7724,5986,13710,142.41,12094,"(C) Major Private Banks","2016-07-13"
"Yes Bank Ltd",7731,5994,13725,142.73,12094,"(C) Major Private Banks","2016-07-20"
"Yes Bank Ltd",7739,6002,13741,139.41,12093,"(C) Major Private Banks","2016-07-27"
"Yes Bank Ltd",7751,6022,13773,143.47,12094,"(C) Major Private Banks","2016-08-03"
"Yes Bank Ltd",7757,6025,13782,150.48,12094,"(C) Major Private Banks","2016-08-10"
"Yes Bank Ltd",7759,6026,13785,145.66,12300,"(C) Major Private Banks","2016-08-17"
"Yes Bank Ltd",7763,6025,13788,142.44,12300,"(C) Major Private Banks","2016-08-24"
"Yes Bank Ltd",7783,6035,13818,140.54,12300,"(C) Major Private Banks","2016-08-31"
"Yes Bank Ltd",7799,6062,13861,143.19,12300,"(C) Major Private Banks","2016-09-07"
"Yes Bank Ltd",7823,6085,13908,146.77,12414,"(C) Major Private Banks","2016-09-14"
"Yes Bank Ltd",7857,6105,13962,145.78,12414,"(C) Major Private Banks","2016-09-21"
"Yes Bank Ltd",7893,6120,14013,146.51,12414,"(C) Major Private Banks","2016-09-28"
"Yes Bank Ltd",7915,6166,14081,147.09,12414,"(C) Major Private Banks","2016-10-05"
"Yes Bank Ltd",7963,6167,14130,150.08,12465,"(C) Major Private Banks","2016-10-19"
"Yes Bank Ltd",7973,6172,14145,146.2,12465,"(C) Major Private Banks","2016-10-26"
"Yes Bank Ltd",7992,6171,14163,147.55,12465,"(C) Major Private Banks","2016-11-02"
"Yes Bank Ltd",7996,6172,14168,150.81,12465,"(C) Major Private Banks","2016-11-09"
"Yes Bank Ltd",8000,6172,14172,256,12544,"(C) Major Private Banks","2016-11-16"
"Yes Bank Ltd",8003,6172,14175,280.05,12544,"(C) Major Private Banks","2016-11-23"
"Yes Bank Ltd",8010,6173,14183,271.44,13722,"(C) Major Private Banks","2016-11-30"
"Yes Bank Ltd",8017,6176,14193,267.9,12860,"(C) Major Private Banks","2016-12-07"
"Yes Bank Ltd",8027,6180,14207,266.59,12860,"(C) Major Private Banks","2016-12-14"
"Yes Bank Ltd",8068,6212,14280,259.19,13049,"(C) Major Private Banks","2016-12-21"
"Yes Bank Ltd",8201,6260,14461,249.72,13230,"(C) Major Private Banks","2016-12-28"
"Yes Bank Ltd",7665,7022,14687,240.02,13310,"(C) Major Private Banks","2017-01-04"
"Yes Bank Ltd",8561,6336,14897,244.87,13659,"(C) Major Private Banks","2017-01-11"
"Yes Bank Ltd",8668,6349,15017,237.4,14104,"(C) Major Private Banks","2017-01-18"
"Yes Bank Ltd",8668,6349,15017,234.78,14104,"(C) Major Private Banks","2017-01-25"
"Yes Bank Ltd",8758,6416,15174,229.09,14244,"(C) Major Private Banks","2017-02-01"
"Yes Bank Ltd",8779,6426,15205,227.64,14403,"(C) Major Private Banks","2017-02-08"
"Yes Bank Ltd",7721,7537,15258,225.63,14407,"(C) Major Private Banks","2017-02-22"
"Yes Bank Ltd",7759,7547,15306,221.58,14407,"(C) Major Private Banks","2017-03-01"
"Yes Bank Ltd",7785,7572,15357,222.77,14407,"(C) Major Private Banks","2017-03-08"
"Yes Bank Ltd",7823,7613,15436,226.4,14407,"(C) Major Private Banks","2017-03-15"
"Yes Bank Ltd",7840,7628,15468,226.7,14407,"(C) Major Private Banks","2017-03-22"
"Yes Bank Ltd",7842,7636,15478,225.49,14407,"(C) Major Private Banks","2017-03-29"
"Yes Bank Ltd",7847,7644,15491,222.8,14407,"(C) Major Private Banks","2017-04-05"
"Yes Bank Ltd",7847,7664,15511,225.21,14407,"(C) Major Private Banks","2017-04-12"
"Yes Bank Ltd",7849,7674,15523,222.02,14407,"(C) Major Private Banks","2017-04-19"
"Yes Bank Ltd",7854,7675,15529,216.86,14407,"(C) Major Private Banks","2017-04-26"
"Yes Bank Ltd",7864,7677,15541,216.89,14407,"(C) Major Private Banks","2017-05-03"
"Yes Bank Ltd",7864,7682,15546,223.01,14407,"(C) Major Private Banks","2017-05-10"
"Yes Bank Ltd",7863,7682,15545,193.92,14407,"(C) Major Private Banks","2017-05-17"
"Yes Bank Ltd",7863,7683,15546,216.06,14407,"(C) Major Private Banks","2017-05-24"
"Yes Bank Ltd",7863,7686,15549,225.84,14407,"(C) Major Private Banks","2017-05-31"
"Yes Bank Ltd",7866,7693,15559,214.32,14407,"(C) Major Private Banks","2017-06-07"
"Yes Bank Ltd",7872,7692,15564,218.91,14407,"(C) Major Private Banks","2017-06-14"
"Yes Bank Ltd",7880,7694,15574,208.21,14407,"(C) Major Private Banks","2017-06-28"
"Yes Bank Ltd",7880,7701,15581,209.16,14407,"(C) Major Private Banks","2017-07-05"
"Yes Bank Ltd",7875,7705,15580,224.35,14407,"(C) Major Private Banks","2017-07-12"
"Yes Bank Ltd",7874,7714,15588,218.31,14407,"(C) Major Private Banks","2017-07-19"
"Yes Bank Ltd",7792,7718,15510,217.57,14407,"(C) Major Private Banks","2017-07-26"
"Yes Bank Ltd",7793,7720,15513,213.65,14407,"(C) Major Private Banks","2017-08-02"
"Yes Bank Ltd",7795,7726,15521,220.84,14407,"(C) Major Private Banks","2017-08-09"
"Yes Bank Ltd",7523,7398,14921,215.7,13286,"(C) Major Private Banks","2017-08-16"
"Yes Bank Ltd",7528,7397,14925,215.51,13292,"(C) Major Private Banks","2017-08-23"
"Yes Bank Ltd",7531,7401,14932,209.94,13302,"(C) Major Private Banks","2017-08-30"
"Yes Bank Ltd",7514,7404,14918,212.59,13292,"(C) Major Private Banks","2017-09-06"
"Yes Bank Ltd",7510,7043,14553,215.98,12929,"(C) Major Private Banks","2017-09-13"
"Yes Bank Ltd",7510,7048,14558,213.02,12935,"(C) Major Private Banks","2017-09-20"
"Yes Bank Ltd",7514,7055,14569,212.16,12944,"(C) Major Private Banks","2017-09-27"
"Yes Bank Ltd",7516,7054,14570,210.76,12943,"(C) Major Private Banks","2017-10-04"
"Yes Bank Ltd",7519,7076,14595,223.9,12753,"(C) Major Private Banks","2017-10-11"
"Yes Bank Ltd",7527,7084,14611,215.94,12771,"(C) Major Private Banks","2017-10-18"
"Yes Bank Ltd",7532,7095,14627,211.4,12791,"(C) Major Private Banks","2017-11-01"
"Yes Bank Ltd",7532,7096,14628,218.54,12924,"(C) Major Private Banks","2017-11-08"
"Yes Bank Ltd",7532,7096,14628,217.55,12922,"(C) Major Private Banks","2017-11-15"
"Yes Bank Ltd",8473,6172,14645,213.86,12937,"(C) Major Private Banks","2017-11-22"
"Yes Bank Ltd",8473,6175,14648,217,12943,"(C) Major Private Banks","2017-11-29"
"Yes Bank Ltd",8481,6177,14658,220.83,12978,"(C) Major Private Banks","2017-12-06"
"Yes Bank Ltd",8482,6178,14660,225.52,12982,"(C) Major Private Banks","2017-12-13"
"Yes Bank Ltd",7621,5608,13229,223.55,11707,"(C) Major Private Banks","2017-12-20"
"Yes Bank Ltd",7623,5608,13231,219.29,11703,"(C) Major Private Banks","2017-12-27"
"Yes Bank Ltd",7624,5609,13233,223.92,11708,"(C) Major Private Banks","2018-01-03"
"Yes Bank Ltd",7626,5609,13235,233.75,11698,"(C) Major Private Banks","2018-01-10"
"Yes Bank Ltd",7141,5026,12167,223.91,10742,"(C) Major Private Banks","2018-01-17"
"Yes Bank Ltd",7147,5025,12172,221.5,10744,"(C) Major Private Banks","2018-01-24"
"Yes Bank Ltd",7153,5025,12178,218.27,10751,"(C) Major Private Banks","2018-01-31"
"Yes Bank Ltd",7153,5025,12178,218.27,10751,"(C) Major Private Banks","2018-02-07"
"Yes Bank Ltd",7427,5171,12598,225.89,10751,"(C) Major Private Banks","2018-02-14"
"Yes Bank Ltd",7423,5164,12587,222.36,10751,"(C) Major Private Banks","2018-02-21"
"Yes Bank Ltd",7419,5163,12582,232.78,10751,"(C) Major Private Banks","2018-03-07"
"Yes Bank Ltd",7424,5161,12585,229.84,10751,"(C) Major Private Banks","2018-03-14"
"Yes Bank Ltd",7424,5158,12582,229.09,10751,"(C) Major Private Banks","2018-03-21"
"Yes Bank Ltd",7425,5157,12582,227.76,10751,"(C) Major Private Banks","2018-03-28"
"Yes Bank Ltd",7377,5147,12524,229.9,10751,"(C) Major Private Banks","2018-04-04"
"Yes Bank Ltd",7376,5141,12517,231.89,10751,"(C) Major Private Banks","2018-04-11"
"Yes Bank Ltd",7376,5141,12517,231.89,10751,"(C) Major Private Banks","2018-04-18"
"Yes Bank Ltd",6694,5772,12466,228.85,10751,"(C) Major Private Banks","2018-04-25"
"Yes Bank Ltd",6694,5774,12468,228.85,10751,"(C) Major Private Banks","2018-05-02"
"Yes Bank Ltd",6694,5774,12468,228.85,10751,"(C) Major Private Banks","2018-05-09"
"Yes Bank Ltd",6694,5774,12468,228.85,10751,"(C) Major Private Banks","2018-05-23"
"Yes Bank Ltd",6694,5774,12468,228.85,10751,"(C) Major Private Banks","2018-05-30"
"Yes Bank Ltd",6694,5774,12468,228.85,10751,"(C) Major Private Banks","2018-06-06"
"Yes Bank Ltd",6696,5787,12483,236.54,12176,"(C) Major Private Banks","2018-06-13"
"Yes Bank Ltd",6698,5792,12490,238.3,12175,"(C) Major Private Banks","2018-06-20"
"Yes Bank Ltd",6706,5797,12503,237.97,12201,"(C) Major Private Banks","2018-06-27"
"Yes Bank Ltd",6748,5767,12515,235.48,12211,"(C) Major Private Banks","2018-07-04"
"Yes Bank Ltd",6748,5770,12518,240.97,12213,"(C) Major Private Banks","2018-07-18"
"Yes Bank Ltd",6782,5766,12548,239.82,12228,"(C) Major Private Banks","2018-08-01"
"Yes Bank Ltd",6764,5786,12550,240.63,12230,"(C) Major Private Banks","2018-08-08"
"Yes Bank Ltd",6762,5785,12547,241.45,12226,"(C) Major Private Banks","2018-08-15"
"Yes Bank Ltd",6765,5781,12546,239.98,12218,"(C) Major Private Banks","2018-08-22"
"Yes Bank Ltd",6764,5776,12540,231.88,12214,"(C) Major Private Banks","2018-08-29"
"Yes Bank Ltd",6763,5780,12543,231.07,12213,"(C) Major Private Banks","2018-09-05"
"Yes Bank Ltd",6760,5779,12539,239.09,12207,"(C) Major Private Banks","2018-09-12"
"Yes Bank Ltd",6759,5781,12540,230.83,12209,"(C) Major Private Banks","2018-09-19"
"Yes Bank Ltd",6757,5782,12539,227.12,12208,"(C) Major Private Banks","2018-09-26"
"Yes Bank Ltd",6755,5779,12534,228.13,12202,"(C) Major Private Banks","2018-10-03"
"Yes Bank Ltd",6753,5779,12532,241.7,12196,"(C) Major Private Banks","2018-10-10"
"Yes Bank Ltd",6757,5777,12534,236.74,12201,"(C) Major Private Banks","2018-10-17"
"Yes Bank Ltd",6757,5777,12534,236.74,12201,"(C) Major Private Banks","2018-10-24"
"Yes Bank Ltd",6755,5777,12532,233.31,12196,"(C) Major Private Banks","2018-10-31"
"Yes Bank Ltd",6756,5782,12538,241.1,12197,"(C) Major Private Banks","2018-11-07"
"Yes Bank Ltd",6756,5783,12539,239.5,12197,"(C) Major Private Banks","2018-11-14"
"Yes Bank Ltd",6756,5783,12539,239.5,12197,"(C) Major Private Banks","2018-11-21"
"Yes Bank Ltd",6755,5779,12534,231.84,12192,"(C) Major Private Banks","2018-11-28"
"Yes Bank Ltd",6755,5776,12531,91.17,12190,"(C) Major Private Banks","2018-12-05"
"Yes Bank Ltd",6755,5773,12528,241.81,12187,"(C) Major Private Banks","2018-12-12"
"Yes Bank Ltd",6755,5769,12524,257.01,12182,"(C) Major Private Banks","2018-12-19"
"Yes Bank Ltd",6753,5773,12526,243.46,12182,"(C) Major Private Banks","2018-12-26"
"Yes Bank Ltd",6765,5773,12538,245.28,12189,"(C) Major Private Banks","2019-01-02"
"Yes Bank Ltd",6774,5767,12541,242.78,12193,"(C) Major Private Banks","2019-01-16"
"Yes Bank Ltd",6785,5769,12554,242.42,12193,"(C) Major Private Banks","2019-01-23"
