Bank Name / Type,Number of Beneficiaries at rural/semiurban centre bank branches,Number of Beneficiaries at urban metro centre bank branches,Number of Total Beneficiaries,Deposits in Accounts(In lac),Number of Rupay Debit Cards issued to beneficiaries,level,date
Public Sector Banks,87055555,69914136,156969691,2345651.29,136734335,Summary,01/06/2016
Regional Rural Banks,30781274,5081912,35863186,514878.58,25785025,Summary,01/06/2016
Private Sector Banks,4408683,2961871,7370554,120376.97,6621503,Summary,01/06/2016
Grand Total,122245512,77957919,200203431,2980906.84,169140863,Summary,01/06/2016
Allahabad Bank,3004855,936898,3941753,32737.25,3886846,(A) Public Sector Banks,01/06/2016
Andhra Bank,1439534,712651,2152185,17819.66,1915185,(A) Public Sector Banks,01/06/2016
Bank of Baroda,4993054,6480931,11473985,200974.87,10956104,(A) Public Sector Banks,01/06/2016
Bank of India,4471150,5560538,10031688,98931.35,9327494,(A) Public Sector Banks,01/06/2016
Bank of Maharashtra,1869784,747481,2617265,29208.67,1723509,(A) Public Sector Banks,01/06/2016
Bhartiya Mahila Bank,0,67102,67102,1317.06,67102,(A) Public Sector Banks,01/06/2016
Canara Bank,4947453,2251251,7198704,118948.07,6944270,(A) Public Sector Banks,01/06/2016
Central Bank of India,5605774,1491117,7096891,69309.82,5465644,(A) Public Sector Banks,01/06/2016
Corporation Bank,1278002,1281184,2559186,68848.51,2513876,(A) Public Sector Banks,01/06/2016
Dena Bank,2413784,1013212,3426996,44614.2,2798000,(A) Public Sector Banks,01/06/2016
IDBI Bank Ltd.,549174,480122,1029296,7304.14,931880,(A) Public Sector Banks,01/06/2016
Indian Bank,1946855,988317,2935172,27653.93,2901521,(A) Public Sector Banks,01/06/2016
Indian Overseas Bank,1418106,2424795,3842901,46860.37,3713391,(A) Public Sector Banks,01/06/2016
Oriental Bank of Commerce,2042901,1383499,3426400,260491.36,3358536,(A) Public Sector Banks,01/06/2016
Punjab & Sind Bank,849076,425535,1274611,42077.44,1266114,(A) Public Sector Banks,01/06/2016
Punjab National Bank,10337846,2027883,12365729,131264.06,9965676,(A) Public Sector Banks,01/06/2016
State Bank of Bikaner & Jaipur,1687909,1673560,3361469,85394.94,2969556,(A) Public Sector Banks,01/06/2016
State Bank of Hyderabad,994501,1806865,2801366,23960.04,2739635,(A) Public Sector Banks,01/06/2016
State Bank of India,20897296,27709731,48607027,362427.33,40263805,(A) Public Sector Banks,01/06/2016
State Bank of Mysore,670275,217535,887810,6387.67,796749,(A) Public Sector Banks,01/06/2016
State Bank of Patiala,425260,782119,1207379,16889.01,1142499,(A) Public Sector Banks,01/06/2016
State Bank of Travancore,45930,401666,447596,8668.06,302193,(A) Public Sector Banks,01/06/2016
Syndicate Bank,2703170,1267039,3970209,71996.42,3526491,(A) Public Sector Banks,01/06/2016
UCO Bank,3262766,3386158,6648924,139633.83,6450464,(A) Public Sector Banks,01/06/2016
Union Bank of India,4448325,1237240,5685565,67892.26,5433843,(A) Public Sector Banks,01/06/2016
United Bank of India,3978565,2629956,6608521,352748.08,4071848,(A) Public Sector Banks,01/06/2016
Vijaya Bank,774210,529751,1303961,11292.87,1302104,(A) Public Sector Banks,01/06/2016
Public Sector Banks Sub Total,87055555,69914136,156969691,2345651.29,136734335,(A) Public Sector Banks,01/06/2016
Allahabad Bank,638108,152469,790577,6973.12,758925,(B) Regional Rural Bank,01/06/2016
Andhra Bank,142994,12569,155563,1299.87,97557,(B) Regional Rural Bank,01/06/2016
Bank of Baroda,2824569,796269,3620838,53292.04,3368217,(B) Regional Rural Bank,01/06/2016
Bank of India,2167610,711047,2878657,18015.44,2654019,(B) Regional Rural Bank,01/06/2016
Bank of Maharashtra,381865,68491,450356,6367.32,450356,(B) Regional Rural Bank,01/06/2016
Canara Bank,542784,374940,917724,21337.94,917724,(B) Regional Rural Bank,01/06/2016
Central Bank of India,3556569,680586,4237155,78669.77,3887911,(B) Regional Rural Bank,01/06/2016
Dena Bank,275175,18708,293883,2845.79,280810,(B) Regional Rural Bank,01/06/2016
Indian Bank,336794,70961,407755,3306.94,274218,(B) Regional Rural Bank,01/06/2016
Indian Overseas Bank,860839,9696,870535,13175.07,397959,(B) Regional Rural Bank,01/06/2016
Jammu & Kashmir Bank Ltd,69162,12922,82084,2325.78,0,(B) Regional Rural Bank,01/06/2016
Punjab & Sind Bank,13071,2574,15645,200.99,12100,(B) Regional Rural Bank,01/06/2016
Punjab National Bank,2823886,359460,3183346,53318.63,2066948,(B) Regional Rural Bank,01/06/2016
State Bank of Bikaner & Jaipur,1683186,38613,1721799,21671.87,869804,(B) Regional Rural Bank,01/06/2016
State Bank of Hyderabad,766012,86775,852787,20359.8,508374,(B) Regional Rural Bank,01/06/2016
State Bank of India,5514160,940929,6455089,71339.61,3419982,(B) Regional Rural Bank,01/06/2016
State Bank of Mysore,277025,83777,360802,1427.28,315807,(B) Regional Rural Bank,01/06/2016
State Bank of Patiala,45928,665,46593,1642.81,36767,(B) Regional Rural Bank,01/06/2016
Syndicate Bank,1649557,415810,2065367,43812.96,1887657,(B) Regional Rural Bank,01/06/2016
UCO Bank,864441,28489,892930,13541.7,536839,(B) Regional Rural Bank,01/06/2016
Union Bank of India,548437,142304,690741,3580.76,659578,(B) Regional Rural Bank,01/06/2016
United Bank of India,4799102,73858,4872960,76373.09,2383473,(B) Regional Rural Bank,01/06/2016
Regional Rural Banks Sub Total,30781274,5081912,35863186,514878.58,25785025,(B) Regional Rural Bank,01/06/2016
Axis Bank Ltd,122609,447138,569747,7537.55,525187,(C) Major Private Banks,01/06/2016
City Union Bank Ltd,14413,64163,78576,1050.77,59423,(C) Major Private Banks,01/06/2016
Federal Bank Ltd,307815,68449,376264,11843.59,343349,(C) Major Private Banks,01/06/2016
HDFC Bank Ltd,294215,1241788,1536003,48414.61,1535325,(C) Major Private Banks,01/06/2016
ICICI Bank Ltd,2252491,334310,2586801,18206.04,2533884,(C) Major Private Banks,01/06/2016
IndusInd Bank Ltd,25841,251544,277385,1821.8,275022,(C) Major Private Banks,01/06/2016
Jammu & Kashmir Bank Ltd,1140325,120951,1261276,25921.56,810055,(C) Major Private Banks,01/06/2016
Karur Vysya Bank,17936,115537,133473,1109.92,122445,(C) Major Private Banks,01/06/2016
Kotak Mahindra Bank Ltd,91015,91075,182090,1461.98,112755,(C) Major Private Banks,01/06/2016
Lakshmi Vilas Bank Ltd,57320,99583,156903,1049.8,146956,(C) Major Private Banks,01/06/2016
RBL Bank Ltd,59787,35520,95307,541.48,95307,(C) Major Private Banks,01/06/2016
South Indian Bank Ltd,17457,86145,103602,1289.65,50120,(C) Major Private Banks,01/06/2016
Yes Bank Ltd,7459,5668,13127,128.22,11675,(C) Major Private Banks,01/06/2016
Major Private Banks Sub Total,4408683,2961871,7370554,120376.97,6621503,(C) Major Private Banks,01/06/2016
Public Sector Banks,88128862,70365325,158494187,2375397.07,137451168,Summary,01/13/2016
Regional Rural Banks,30935505,5111286,36046791,520344.77,26097303,Summary,01/13/2016
Private Sector Banks,4454332,2946752,7401084,115103.35,6954154,Summary,01/13/2016
Grand Total,123518699,78423363,201942062,3010845.19,170502625,Summary,01/13/2016
Allahabad Bank,3064899,938400,4003299,34618.72,3948335,(A) Public Sector Banks,01/13/2016
Andhra Bank,1441073,713027,2154100,18172.18,1915185,(A) Public Sector Banks,01/13/2016
Bank of Baroda,5045898,6543525,11589423,205646.6,11058705,(A) Public Sector Banks,01/13/2016
Bank of India,4546200,5624530,10170730,102185.19,9479593,(A) Public Sector Banks,01/13/2016
Bank of Maharashtra,2178236,684221,2862457,29548.24,1723509,(A) Public Sector Banks,01/13/2016
Bhartiya Mahila Bank,0,67158,67158,1335.38,67158,(A) Public Sector Banks,01/13/2016
Canara Bank,4958881,2254699,7213580,119990.49,6960617,(A) Public Sector Banks,01/13/2016
Central Bank of India,5646568,1494358,7140926,70558.23,5478491,(A) Public Sector Banks,01/13/2016
Corporation Bank,1279546,1282652,2562198,67843.02,2516530,(A) Public Sector Banks,01/13/2016
Dena Bank,2424486,1003053,3427539,46029.42,2798000,(A) Public Sector Banks,01/13/2016
IDBI Bank Ltd.,549689,480601,1030290,7437.8,932365,(A) Public Sector Banks,01/13/2016
Indian Bank,1951065,989421,2940486,27891.15,2906810,(A) Public Sector Banks,01/13/2016
Indian Overseas Bank,1424087,2431748,3855835,47610.58,3723814,(A) Public Sector Banks,01/13/2016
Oriental Bank of Commerce,2057202,1392789,3449991,265296.07,3380359,(A) Public Sector Banks,01/13/2016
Punjab & Sind Bank,849361,425561,1274922,42411.26,1266114,(A) Public Sector Banks,01/13/2016
Punjab National Bank,10407122,2034992,12442114,133776.63,9966105,(A) Public Sector Banks,01/13/2016
State Bank of Bikaner & Jaipur,1687951,1674722,3362673,86348.53,2970594,(A) Public Sector Banks,01/13/2016
State Bank of Hyderabad,994643,1807022,2801665,24124.23,2740466,(A) Public Sector Banks,01/13/2016
State Bank of India,21214200,28011121,49225321,362439.85,40472133,(A) Public Sector Banks,01/13/2016
State Bank of Mysore,670142,217743,887885,6523.68,797532,(A) Public Sector Banks,01/13/2016
State Bank of Patiala,425304,782180,1207484,16674.86,1142527,(A) Public Sector Banks,01/13/2016
State Bank of Travancore,46442,406957,453399,8696.32,314058,(A) Public Sector Banks,01/13/2016
Syndicate Bank,2706331,1267846,3974177,72850.65,3526337,(A) Public Sector Banks,01/13/2016
UCO Bank,3309005,3415824,6724829,142498.67,6526248,(A) Public Sector Banks,01/13/2016
Union Bank of India,4457492,1239084,5696576,69185.79,5443449,(A) Public Sector Banks,01/13/2016
United Bank of India,4017563,2651482,6669045,354105.09,4091936,(A) Public Sector Banks,01/13/2016
Vijaya Bank,775476,530609,1306085,11598.44,1304198,(A) Public Sector Banks,01/13/2016
Public Sector Banks Sub Total,88128862,70365325,158494187,2375397.07,137451168,(A) Public Sector Banks,01/13/2016
Allahabad Bank,640504,153041,793545,7036.25,758925,(B) Regional Rural Bank,01/13/2016
Andhra Bank,143122,12606,155728,1397.18,97566,(B) Regional Rural Bank,01/13/2016
Bank of Baroda,2846903,801111,3648014,54547.57,3370051,(B) Regional Rural Bank,01/13/2016
Bank of India,2180912,715159,2896071,19289.86,2654019,(B) Regional Rural Bank,01/13/2016
Bank of Maharashtra,381865,68491,450356,6368.27,450356,(B) Regional Rural Bank,01/13/2016
Canara Bank,542924,375069,917993,21338.03,917993,(B) Regional Rural Bank,01/13/2016
Central Bank of India,3558983,682091,4241074,79223.92,3910787,(B) Regional Rural Bank,01/13/2016
Dena Bank,275470,18752,294222,2864.44,282940,(B) Regional Rural Bank,01/13/2016
Indian Bank,337230,71003,408233,3225.93,274218,(B) Regional Rural Bank,01/13/2016
Indian Overseas Bank,863145,9710,872855,13160.99,616138,(B) Regional Rural Bank,01/13/2016
Jammu & Kashmir Bank Ltd,69382,12974,82356,2334.15,0,(B) Regional Rural Bank,01/13/2016
Punjab & Sind Bank,13122,2592,15714,201.01,12100,(B) Regional Rural Bank,01/13/2016
Punjab National Bank,2863207,360101,3223308,53818.79,2108955,(B) Regional Rural Bank,01/13/2016
State Bank of Bikaner & Jaipur,1698724,39000,1737724,21900.18,870047,(B) Regional Rural Bank,01/13/2016
State Bank of Hyderabad,766012,86775,852787,20359.8,508374,(B) Regional Rural Bank,01/13/2016
State Bank of India,5540088,951770,6491858,72808.52,3432874,(B) Regional Rural Bank,01/13/2016
State Bank of Mysore,277082,83803,360885,1427.77,315807,(B) Regional Rural Bank,01/13/2016
State Bank of Patiala,46007,665,46672,1006.92,36769,(B) Regional Rural Bank,01/13/2016
Syndicate Bank,1656683,416869,2073552,44605.92,1899334,(B) Regional Rural Bank,01/13/2016
UCO Bank,871802,29152,900954,13560.45,536839,(B) Regional Rural Bank,01/13/2016
Union Bank of India,550435,143171,693606,3604.67,659604,(B) Regional Rural Bank,01/13/2016
United Bank of India,4811903,77381,4889284,76264.13,2383607,(B) Regional Rural Bank,01/13/2016
Regional Rural Banks Sub Total,30935505,5111286,36046791,520344.77,26097303,(B) Regional Rural Bank,01/13/2016
Axis Bank Ltd,123276,449859,573135,7860,528110,(C) Major Private Banks,01/13/2016
City Union Bank Ltd,14413,64163,78576,1050.77,59423,(C) Major Private Banks,01/13/2016
Federal Bank Ltd,311580,68703,380283,11936.73,346811,(C) Major Private Banks,01/13/2016
HDFC Bank Ltd,294506,1242441,1536947,48332.88,1536269,(C) Major Private Banks,01/13/2016
ICICI Bank Ltd,2291021,312742,2603763,12630.69,2550846,(C) Major Private Banks,01/13/2016
IndusInd Bank Ltd,26029,253010,279039,1609.82,276687,(C) Major Private Banks,01/13/2016
Jammu & Kashmir Bank Ltd,1142294,121525,1263819,26294.74,1116355,(C) Major Private Banks,01/13/2016
Karur Vysya Bank,17993,115928,133921,900.72,122772,(C) Major Private Banks,01/13/2016
Kotak Mahindra Bank Ltd,91140,91117,182257,1454,112781,(C) Major Private Banks,01/13/2016
Lakshmi Vilas Bank Ltd,57386,99950,157336,1060.92,146956,(C) Major Private Banks,01/13/2016
RBL Bank Ltd,59787,35520,95307,548.97,95307,(C) Major Private Banks,01/13/2016
South Indian Bank Ltd,17445,86121,103566,1290.51,50162,(C) Major Private Banks,01/13/2016
Yes Bank Ltd,7462,5673,13135,132.6,11675,(C) Major Private Banks,01/13/2016
Major Private Banks Sub Total,4454332,2946752,7401084,115103.35,6954154,(C) Major Private Banks,01/13/2016
Public Sector Banks,89092139,71017793,160109932,2418079,138159251,Summary,01/20/2016
Regional Rural Banks,31153389,5133788,36287177,528666.49,26221463,Summary,01/20/2016
Private Sector Banks,4463800,2956678,7420478,117083.17,6969920,Summary,01/20/2016
Grand Total,124709328,79108259,203817587,3063828.66,171350634,Summary,01/20/2016
Allahabad Bank,3088245,942314,4030559,34863.14,3975652,(A) Public Sector Banks,01/20/2016
Andhra Bank,1442849,712199,2155048,18197.08,1915208,(A) Public Sector Banks,01/20/2016
Bank of Baroda,5092889,6597869,11690758,208414.68,11147326,(A) Public Sector Banks,01/20/2016
Bank of India,4600008,5667479,10267487,104615.05,9551711,(A) Public Sector Banks,01/20/2016
Bank of Maharashtra,2344920,775368,3120288,45392.41,1721983,(A) Public Sector Banks,01/20/2016
Bhartiya Mahila Bank,0,67197,67197,1350.73,67197,(A) Public Sector Banks,01/20/2016
Canara Bank,4974899,2257874,7232773,119566.65,6978290,(A) Public Sector Banks,01/20/2016
Central Bank of India,5690297,1497548,7187845,71680.04,5530102,(A) Public Sector Banks,01/20/2016
Corporation Bank,1281317,1284654,2565971,69492.08,2565971,(A) Public Sector Banks,01/20/2016
Dena Bank,2432859,998966,3431825,47180.21,2798000,(A) Public Sector Banks,01/20/2016
IDBI Bank Ltd.,550662,481036,1031698,7576.24,932831,(A) Public Sector Banks,01/20/2016
Indian Bank,1954861,990425,2945286,27645.54,2911542,(A) Public Sector Banks,01/20/2016
Indian Overseas Bank,1426566,2433188,3859754,47736,3728017,(A) Public Sector Banks,01/20/2016
Oriental Bank of Commerce,2066006,1399005,3465011,265267.16,3392755,(A) Public Sector Banks,01/20/2016
Punjab & Sind Bank,849565,425541,1275106,42422.24,1266099,(A) Public Sector Banks,01/20/2016
Punjab National Bank,10508390,2044637,12553027,137740.04,9966583,(A) Public Sector Banks,01/20/2016
State Bank of Bikaner & Jaipur,1712154,1691485,3403639,86068.55,3008625,(A) Public Sector Banks,01/20/2016
State Bank of Hyderabad,995004,1807470,2802474,24566,2740466,(A) Public Sector Banks,01/20/2016
State Bank of India,21575102,28365152,49940254,362460.16,40725212,(A) Public Sector Banks,01/20/2016
State Bank of Mysore,670277,217625,887902,6607.35,797532,(A) Public Sector Banks,01/20/2016
State Bank of Patiala,425439,782360,1207799,16629.23,1142596,(A) Public Sector Banks,01/20/2016
State Bank of Travancore,47029,413167,460196,8683.9,314058,(A) Public Sector Banks,01/20/2016
Syndicate Bank,2710327,1267126,3977453,73542.38,3535299,(A) Public Sector Banks,01/20/2016
UCO Bank,3342614,3445988,6788602,144538.88,6590003,(A) Public Sector Banks,01/20/2016
Union Bank of India,4471152,1241380,5712532,70090.33,5453915,(A) Public Sector Banks,01/20/2016
United Bank of India,4061894,2679224,6741118,364048.85,4097144,(A) Public Sector Banks,01/20/2016
Vijaya Bank,776814,531516,1308330,11704.08,1305134,(A) Public Sector Banks,01/20/2016
Public Sector Banks Sub Total,89092139,71017793,160109932,2418079,138159251,(A) Public Sector Banks,01/20/2016
Allahabad Bank,642952,153625,796577,7109.49,758925,(B) Regional Rural Bank,01/20/2016
Andhra Bank,143329,12703,156032,1432.79,97567,(B) Regional Rural Bank,01/20/2016
Bank of Baroda,2871947,806181,3678128,55680.01,3374169,(B) Regional Rural Bank,01/20/2016
Bank of India,2189763,718294,2908057,19669.05,2654019,(B) Regional Rural Bank,01/20/2016
Bank of Maharashtra,381865,68491,450356,6368.27,450356,(B) Regional Rural Bank,01/20/2016
Canara Bank,543327,375341,918668,21339.84,918668,(B) Regional Rural Bank,01/20/2016
Central Bank of India,3560964,682950,4243914,80264.51,3988152,(B) Regional Rural Bank,01/20/2016
Dena Bank,276592,18847,295439,2889.53,284130,(B) Regional Rural Bank,01/20/2016
Indian Bank,337356,71023,408379,3211.33,274218,(B) Regional Rural Bank,01/20/2016
Indian Overseas Bank,865796,9712,875508,13431.78,616138,(B) Regional Rural Bank,01/20/2016
Jammu & Kashmir Bank Ltd,69675,13037,82712,2396,0,(B) Regional Rural Bank,01/20/2016
Punjab & Sind Bank,13158,2601,15759,195.05,12100,(B) Regional Rural Bank,01/20/2016
Punjab National Bank,2885735,360916,3246651,54259.21,2140757,(B) Regional Rural Bank,01/20/2016
State Bank of Bikaner & Jaipur,1716005,39334,1755339,22270.92,870325,(B) Regional Rural Bank,01/20/2016
State Bank of Hyderabad,766012,86775,852787,20359.8,508374,(B) Regional Rural Bank,01/20/2016
State Bank of India,5576800,960016,6536816,75076.53,3441360,(B) Regional Rural Bank,01/20/2016
State Bank of Mysore,277125,83826,360951,1428.03,315807,(B) Regional Rural Bank,01/20/2016
State Bank of Patiala,46100,665,46765,1000.56,36769,(B) Regional Rural Bank,01/20/2016
Syndicate Bank,1663447,417712,2081159,45072.01,1899334,(B) Regional Rural Bank,01/20/2016
UCO Bank,880132,29759,909891,13576.03,536839,(B) Regional Rural Bank,01/20/2016
Union Bank of India,552662,144173,696835,3620.89,659635,(B) Regional Rural Bank,01/20/2016
United Bank of India,4892647,77807,4970454,78014.84,2383821,(B) Regional Rural Bank,01/20/2016
Regional Rural Banks Sub Total,31153389,5133788,36287177,528666.49,26221463,(B) Regional Rural Bank,01/20/2016
Axis Bank Ltd,123838,451787,575625,7597.57,530187,(C) Major Private Banks,01/20/2016
City Union Bank Ltd,14413,64163,78576,1050.77,59423,(C) Major Private Banks,01/20/2016
Federal Bank Ltd,315485,68932,384417,11976.62,350796,(C) Major Private Banks,01/20/2016
HDFC Bank Ltd,296437,1246849,1543286,49581.39,1542608,(C) Major Private Banks,01/20/2016
ICICI Bank Ltd,2291524,313155,2604679,12601.73,2551762,(C) Major Private Banks,01/20/2016
IndusInd Bank Ltd,26194,255056,281250,2084,278957,(C) Major Private Banks,01/20/2016
Jammu & Kashmir Bank Ltd,1144443,121919,1266362,26769.95,1116472,(C) Major Private Banks,01/20/2016
Karur Vysya Bank,18046,116238,134284,939.62,122771,(C) Major Private Banks,01/20/2016
Kotak Mahindra Bank Ltd,91294,91175,182469,1427.18,112844,(C) Major Private Banks,01/20/2016
Lakshmi Vilas Bank Ltd,57425,100080,157505,1095.68,146956,(C) Major Private Banks,01/20/2016
RBL Bank Ltd,59787,35520,95307,546.72,95307,(C) Major Private Banks,01/20/2016
South Indian Bank Ltd,17445,86121,103566,1290.51,50162,(C) Major Private Banks,01/20/2016
Yes Bank Ltd,7469,5683,13152,121.43,11675,(C) Major Private Banks,01/20/2016
Major Private Banks Sub Total,4463800,2956678,7420478,117083.17,6969920,(C) Major Private Banks,01/20/2016
Public Sector Banks,89537898,71298083,160835981,2427730.84,138621275,Summary,01/27/2016
Regional Rural Banks,31248470,5153529,36401999,535818.33,26389394,Summary,01/27/2016
Private Sector Banks,4478240,2962470,7440710,116097.14,6971159,Summary,01/27/2016
Grand Total,125264608,79414082,204678690,3079646.31,171981828,Summary,01/27/2016
Allahabad Bank,3136117,943668,4079785,35948.03,4024878,(A) Public Sector Banks,01/27/2016
Andhra Bank,1443669,711941,2155610,18166.23,1914853,(A) Public Sector Banks,01/27/2016
Bank of Baroda,5133801,6644154,11777955,208374.78,11225574,(A) Public Sector Banks,01/27/2016
Bank of India,4636847,5702258,10339105,105676.32,9674021,(A) Public Sector Banks,01/27/2016
Bank of Maharashtra,2349803,776646,3126449,45518.64,1721983,(A) Public Sector Banks,01/27/2016
Bhartiya Mahila Bank,0,67210,67210,1345.06,67210,(A) Public Sector Banks,01/27/2016
Canara Bank,4984521,2260933,7245454,118348.67,6989934,(A) Public Sector Banks,01/27/2016
Central Bank of India,5715643,1499509,7215152,72253.92,5547323,(A) Public Sector Banks,01/27/2016
Corporation Bank,1282268,1285734,2568002,69528.37,2568002,(A) Public Sector Banks,01/27/2016
Dena Bank,2449742,998123,3447865,48134.97,2798000,(A) Public Sector Banks,01/27/2016
IDBI Bank Ltd.,551433,481680,1033113,7624.12,933118,(A) Public Sector Banks,01/27/2016
Indian Bank,1959392,991259,2950651,27447.42,2916910,(A) Public Sector Banks,01/27/2016
Indian Overseas Bank,1426748,2433383,3860131,47805.81,3729184,(A) Public Sector Banks,01/27/2016
Oriental Bank of Commerce,2086369,1408959,3495328,269026.12,3418168,(A) Public Sector Banks,01/27/2016
Punjab & Sind Bank,849770,425641,1275411,42384.3,1266114,(A) Public Sector Banks,01/27/2016
Punjab National Bank,10563937,2049328,12613265,138256.84,9967340,(A) Public Sector Banks,01/27/2016
State Bank of Bikaner & Jaipur,1721170,1696801,3417971,85852.47,3021482,(A) Public Sector Banks,01/27/2016
State Bank of Hyderabad,995266,1807828,2803094,24415.56,2740466,(A) Public Sector Banks,01/27/2016
State Bank of India,21709623,28511352,50220975,362467.02,40832374,(A) Public Sector Banks,01/27/2016
State Bank of Mysore,671086,217656,888742,6604.71,797532,(A) Public Sector Banks,01/27/2016
State Bank of Patiala,425628,782529,1208157,16595.34,1142668,(A) Public Sector Banks,01/27/2016
State Bank of Travancore,47242,416586,463828,8514.95,327061,(A) Public Sector Banks,01/27/2016
Syndicate Bank,2712166,1268118,3980284,76698.28,3537951,(A) Public Sector Banks,01/27/2016
UCO Bank,3342614,3445988,6788602,144538.88,6590003,(A) Public Sector Banks,01/27/2016
Union Bank of India,4480210,1243094,5723304,70315.88,5461142,(A) Public Sector Banks,01/27/2016
United Bank of India,4085187,2695174,6780361,364125.1,4099665,(A) Public Sector Banks,01/27/2016
Vijaya Bank,777646,532531,1310177,11763.04,1308319,(A) Public Sector Banks,01/27/2016
Public Sector Banks Sub Total,89537898,71298083,160835981,2427730.84,138621275,(A) Public Sector Banks,01/27/2016
Allahabad Bank,643509,153760,797269,7155.24,758965,(B) Regional Rural Bank,01/27/2016
Andhra Bank,141913,14464,156377,1626.74,142962,(B) Regional Rural Bank,01/27/2016
Bank of Baroda,2888555,809191,3697746,56080.12,3376135,(B) Regional Rural Bank,01/27/2016
Bank of India,2202615,723126,2925741,20217.13,2654019,(B) Regional Rural Bank,01/27/2016
Bank of Maharashtra,381865,68491,450356,6368.27,450356,(B) Regional Rural Bank,01/27/2016
Canara Bank,544081,375828,919909,21343.32,919909,(B) Regional Rural Bank,01/27/2016
Central Bank of India,3561852,683570,4245422,80523.41,3988073,(B) Regional Rural Bank,01/27/2016
Dena Bank,277976,18984,296960,2912.33,284130,(B) Regional Rural Bank,01/27/2016
Indian Bank,337489,71060,408549,3187.69,274218,(B) Regional Rural Bank,01/27/2016
Indian Overseas Bank,867760,9717,877477,13511.99,616138,(B) Regional Rural Bank,01/27/2016
Jammu & Kashmir Bank Ltd,69873,13096,82969,2423.69,0,(B) Regional Rural Bank,01/27/2016
Punjab & Sind Bank,13173,2603,15776,230.58,12100,(B) Regional Rural Bank,01/27/2016
Punjab National Bank,2889473,361148,3250621,54446.73,2163253,(B) Regional Rural Bank,01/27/2016
State Bank of Bikaner & Jaipur,1727391,39588,1766979,22521.89,870537,(B) Regional Rural Bank,01/27/2016
State Bank of Hyderabad,766012,86775,852787,20359.8,508374,(B) Regional Rural Bank,01/27/2016
State Bank of India,5601273,965842,6567115,76652.44,3536169,(B) Regional Rural Bank,01/27/2016
State Bank of Mysore,277166,83847,361013,1428.31,315807,(B) Regional Rural Bank,01/27/2016
State Bank of Patiala,46172,665,46837,996.25,36769,(B) Regional Rural Bank,01/27/2016
Syndicate Bank,1670380,418584,2088964,46058.59,1899334,(B) Regional Rural Bank,01/27/2016
UCO Bank,880132,29759,909891,13576.03,536839,(B) Regional Rural Bank,01/27/2016
Union Bank of India,555139,145231,700370,3631.3,659654,(B) Regional Rural Bank,01/27/2016
United Bank of India,4904671,78200,4982871,80566.48,2385653,(B) Regional Rural Bank,01/27/2016
Regional Rural Banks Sub Total,31248470,5153529,36401999,535818.33,26389394,(B) Regional Rural Bank,01/27/2016
Axis Bank Ltd,124500,453136,577636,7383.59,531737,(C) Major Private Banks,01/27/2016
City Union Bank Ltd,14413,64163,78576,1050.77,59423,(C) Major Private Banks,01/27/2016
Federal Bank Ltd,318399,69193,387592,11812.39,353224,(C) Major Private Banks,01/27/2016
HDFC Bank Ltd,297186,1248341,1545527,49696.98,1544849,(C) Major Private Banks,01/27/2016
ICICI Bank Ltd,2300128,313361,2613489,12452.88,2544269,(C) Major Private Banks,01/27/2016
IndusInd Bank Ltd,26359,256638,282997,1389.39,280163,(C) Major Private Banks,01/27/2016
Jammu & Kashmir Bank Ltd,1145640,121886,1267526,26890.13,1117290,(C) Major Private Banks,01/27/2016
Karur Vysya Bank,18105,116931,135036,952.65,123100,(C) Major Private Banks,01/27/2016
Kotak Mahindra Bank Ltd,91365,91256,182621,1401.71,112908,(C) Major Private Banks,01/27/2016
Lakshmi Vilas Bank Ltd,57449,100303,157752,1129.4,146956,(C) Major Private Banks,01/27/2016
RBL Bank Ltd,59787,35520,95307,545.98,95307,(C) Major Private Banks,01/27/2016
South Indian Bank Ltd,17430,86045,103475,1272.1,50258,(C) Major Private Banks,01/27/2016
Yes Bank Ltd,7479,5697,13176,119.17,11675,(C) Major Private Banks,01/27/2016
Major Private Banks Sub Total,4478240,2962470,7440710,116097.14,6971159,(C) Major Private Banks,01/27/2016
Public Sector Banks,90358434,71826644,162185078,2472962.43,139260339,Summary,02/03/2016
Regional Rural Banks,31448811,5181178,36629989,548406.9,26404386,Summary,02/03/2016
Private Sector Banks,4495045,2973830,7468875,118597.66,6982980,Summary,02/03/2016
Grand Total,126302290,79981652,206283942,3139966.99,172647705,Summary,02/03/2016
Allahabad Bank,3193144,945546,4138690,37041.99,4082818,(A) Public Sector Banks,02/03/2016
Andhra Bank,1447846,713350,2161196,18973.54,1915267,(A) Public Sector Banks,02/03/2016
Bank of Baroda,5179476,6696769,11876245,212772.09,11311076,(A) Public Sector Banks,02/03/2016
Bank of India,4719593,5779887,10499480,109548.06,9726114,(A) Public Sector Banks,02/03/2016
Bank of Maharashtra,2362519,778353,3140872,46000.69,1723509,(A) Public Sector Banks,02/03/2016
Bhartiya Mahila Bank,0,67262,67262,1378.13,67262,(A) Public Sector Banks,02/03/2016
Canara Bank,4998473,2263085,7261558,122729.2,6998886,(A) Public Sector Banks,02/03/2016
Central Bank of India,5750221,1502447,7252668,73969.99,5564178,(A) Public Sector Banks,02/03/2016
Corporation Bank,1283863,1287629,2571492,69195.39,2571492,(A) Public Sector Banks,02/03/2016
Dena Bank,2464251,987173,3451424,49125.85,2798000,(A) Public Sector Banks,02/03/2016
IDBI Bank Ltd.,555002,483728,1038730,7670.25,933510,(A) Public Sector Banks,02/03/2016
Indian Bank,1968243,992704,2960947,28625.05,2927168,(A) Public Sector Banks,02/03/2016
Indian Overseas Bank,1426748,2433534,3860282,47805.04,3729205,(A) Public Sector Banks,02/03/2016
Oriental Bank of Commerce,2091830,1436556,3528386,273676.01,3448601,(A) Public Sector Banks,02/03/2016
Punjab & Sind Bank,849816,425641,1275457,42849.3,1266114,(A) Public Sector Banks,02/03/2016
Punjab National Bank,10663471,2056183,12719654,140775.35,9968002,(A) Public Sector Banks,02/03/2016
State Bank of Bikaner & Jaipur,1732835,1704673,3437508,87320.7,3043242,(A) Public Sector Banks,02/03/2016
State Bank of Hyderabad,996053,1808914,2804967,25268.1,2738482,(A) Public Sector Banks,02/03/2016
State Bank of India,21981991,28783578,50765569,362522.77,41054550,(A) Public Sector Banks,02/03/2016
State Bank of Mysore,686507,217738,904245,6793.93,797532,(A) Public Sector Banks,02/03/2016
State Bank of Patiala,425886,782793,1208679,16548.85,1142723,(A) Public Sector Banks,02/03/2016
State Bank of Travancore,47423,419116,466539,9044.02,327030,(A) Public Sector Banks,02/03/2016
Syndicate Bank,2714318,1270128,3984446,76395.35,3540791,(A) Public Sector Banks,02/03/2016
UCO Bank,3425597,3491614,6917211,149366.53,6718124,(A) Public Sector Banks,02/03/2016
Union Bank of India,4491378,1245542,5736920,71489.42,5463800,(A) Public Sector Banks,02/03/2016
United Bank of India,4123952,2719954,6843906,374162.02,4093362,(A) Public Sector Banks,02/03/2016
Vijaya Bank,777998,532747,1310745,11914.79,1309501,(A) Public Sector Banks,02/03/2016
Public Sector Banks Sub Total,90358434,71826644,162185078,2472962.43,139260339,(A) Public Sector Banks,02/03/2016
Allahabad Bank,644136,153907,798043,7228.14,759036,(B) Regional Rural Bank,02/03/2016
Andhra Bank,143753,12917,156670,1545.63,97606,(B) Regional Rural Bank,02/03/2016
Bank of Baroda,2918174,815684,3733858,56906.26,3382013,(B) Regional Rural Bank,02/03/2016
Bank of India,2216608,727630,2944238,21707.31,2654019,(B) Regional Rural Bank,02/03/2016
Bank of Maharashtra,381865,68491,450356,6371.59,450356,(B) Regional Rural Bank,02/03/2016
Canara Bank,544167,375901,920068,21343.8,920068,(B) Regional Rural Bank,02/03/2016
Central Bank of India,3563790,684475,4248265,82366.41,3988309,(B) Regional Rural Bank,02/03/2016
Dena Bank,280555,19236,299791,2937.88,285270,(B) Regional Rural Bank,02/03/2016
Indian Bank,337553,71201,408754,3197.4,282812,(B) Regional Rural Bank,02/03/2016
Indian Overseas Bank,870733,9718,880451,13850.98,616138,(B) Regional Rural Bank,02/03/2016
Jammu & Kashmir Bank Ltd,70200,13154,83354,2479.7,0,(B) Regional Rural Bank,02/03/2016
Punjab & Sind Bank,13197,2605,15802,234.02,12100,(B) Regional Rural Bank,02/03/2016
Punjab National Bank,2897961,361599,3259560,55117.3,2195331,(B) Regional Rural Bank,02/03/2016
State Bank of Bikaner & Jaipur,1746009,39963,1785972,22941.99,870901,(B) Regional Rural Bank,02/03/2016
State Bank of Hyderabad,766012,86775,852787,20359.8,508374,(B) Regional Rural Bank,02/03/2016
State Bank of India,5638415,970830,6609245,79979.98,3547068,(B) Regional Rural Bank,02/03/2016
State Bank of Mysore,277228,83878,361106,1428.68,315807,(B) Regional Rural Bank,02/03/2016
State Bank of Patiala,46304,665,46969,988.67,36770,(B) Regional Rural Bank,02/03/2016
Syndicate Bank,1678526,419744,2098270,46823.47,1899334,(B) Regional Rural Bank,02/03/2016
UCO Bank,892772,30648,923420,13847.11,536839,(B) Regional Rural Bank,02/03/2016
Union Bank of India,553567,153443,707010,3660.75,659745,(B) Regional Rural Bank,02/03/2016
United Bank of India,4967286,78714,5046000,83090.01,2386490,(B) Regional Rural Bank,02/03/2016
Regional Rural Banks Sub Total,31448811,5181178,36629989,548406.9,26404386,(B) Regional Rural Bank,02/03/2016
Axis Bank Ltd,125428,455653,581081,7673.35,534452,(C) Major Private Banks,02/03/2016
City Union Bank Ltd,14413,64163,78576,1050.77,59423,(C) Major Private Banks,02/03/2016
Federal Bank Ltd,321210,69455,390665,11977.19,355946,(C) Major Private Banks,02/03/2016
HDFC Bank Ltd,299269,1252621,1551890,51277.3,1551212,(C) Major Private Banks,02/03/2016
ICICI Bank Ltd,2308011,313949,2621960,12217.71,2552740,(C) Major Private Banks,02/03/2016
IndusInd Bank Ltd,26624,259893,286517,1555.45,270140,(C) Major Private Banks,02/03/2016
Jammu & Kashmir Bank Ltd,1148157,121502,1269659,27391.38,1118041,(C) Major Private Banks,02/03/2016
Karur Vysya Bank,18265,117665,135930,951.82,123871,(C) Major Private Banks,02/03/2016
Kotak Mahindra Bank Ltd,91512,91348,182860,1439.02,112959,(C) Major Private Banks,02/03/2016
Lakshmi Vilas Bank Ltd,57449,100303,157752,1129.4,146956,(C) Major Private Banks,02/03/2016
RBL Bank Ltd,59787,35520,95307,541.06,95307,(C) Major Private Banks,02/03/2016
South Indian Bank Ltd,17430,86045,103475,1272.1,50258,(C) Major Private Banks,02/03/2016
Yes Bank Ltd,7490,5713,13203,121.1,11675,(C) Major Private Banks,02/03/2016
Major Private Banks Sub Total,4495045,2973830,7468875,118597.66,6982980,(C) Major Private Banks,02/03/2016
Public Sector Banks,90840167,72008795,162848962,2559133.92,139444104,Summary,02/10/2016
Regional Rural Banks,31602842,5204456,36807298,556878.06,26412323,Summary,02/10/2016
Private Sector Banks,4506136,2988557,7494693,121864.11,7061132,Summary,02/10/2016
Grand Total,126949145,80201808,207150953,3237876.09,172917559,Summary,02/10/2016
Allahabad Bank,3240219,947132,4187351,38103.45,4130245,(A) Public Sector Banks,02/10/2016
Andhra Bank,1449995,713774,2163769,19326.77,1915267,(A) Public Sector Banks,02/10/2016
Bank of Baroda,5229249,6750155,11979404,218142.57,11402469,(A) Public Sector Banks,02/10/2016
Bank of India,4770912,5829359,10600271,113212.23,9720384,(A) Public Sector Banks,02/10/2016
Bank of Maharashtra,2367906,779240,3147146,46858.54,1723509,(A) Public Sector Banks,02/10/2016
Bhartiya Mahila Bank,0,67311,67311,1415.73,67311,(A) Public Sector Banks,02/10/2016
Canara Bank,5014341,2266599,7280940,124752.6,7007931,(A) Public Sector Banks,02/10/2016
Central Bank of India,5776581,1505490,7282071,75253.69,5563416,(A) Public Sector Banks,02/10/2016
Corporation Bank,1285629,1289402,2575031,72759.67,2526931,(A) Public Sector Banks,02/10/2016
Dena Bank,2480713,983519,3464232,50211.79,2798000,(A) Public Sector Banks,02/10/2016
IDBI Bank Ltd.,556747,485483,1042230,7893.13,933381,(A) Public Sector Banks,02/10/2016
Indian Bank,1972588,993752,2966340,29368.58,2932572,(A) Public Sector Banks,02/10/2016
Indian Overseas Bank,1426748,2433539,3860287,47805.53,3729205,(A) Public Sector Banks,02/10/2016
Oriental Bank of Commerce,2111824,1447144,3558968,280440.09,3476185,(A) Public Sector Banks,02/10/2016
Punjab & Sind Bank,849486,425641,1275127,43212.18,1266114,(A) Public Sector Banks,02/10/2016
Punjab National Bank,10754973,2062932,12817905,143673.71,9968293,(A) Public Sector Banks,02/10/2016
State Bank of Bikaner & Jaipur,1740007,1710740,3450747,88098.76,3058240,(A) Public Sector Banks,02/10/2016
State Bank of Hyderabad,996053,1808914,2804967,25828.04,2738482,(A) Public Sector Banks,02/10/2016
State Bank of India,21990528,28803522,50794050,408487.35,41070258,(A) Public Sector Banks,02/10/2016
State Bank of Mysore,688180,217803,905983,7022.99,797532,(A) Public Sector Banks,02/10/2016
State Bank of Patiala,425949,782829,1208778,16125.3,1142738,(A) Public Sector Banks,02/10/2016
State Bank of Travancore,47743,423072,470815,9111.48,327062,(A) Public Sector Banks,02/10/2016
Syndicate Bank,2760495,1227704,3988199,76543.98,3547044,(A) Public Sector Banks,02/10/2016
UCO Bank,3454090,3527110,6981200,152103.18,6741350,(A) Public Sector Banks,02/10/2016
Union Bank of India,4503998,1248059,5752057,74279.09,5472720,(A) Public Sector Banks,02/10/2016
United Bank of India,4166053,2745047,6911100,376662.95,4075828,(A) Public Sector Banks,02/10/2016
Vijaya Bank,779160,533523,1312683,12440.54,1311637,(A) Public Sector Banks,02/10/2016
Public Sector Banks Sub Total,90840167,72008795,162848962,2559133.92,139444104,(A) Public Sector Banks,02/10/2016
Allahabad Bank,644969,154107,799076,7299.28,759127,(B) Regional Rural Bank,02/10/2016
Andhra Bank,144089,12970,157059,1567.72,97741,(B) Regional Rural Bank,02/10/2016
Bank of Baroda,2950056,823247,3773303,58031.17,3393860,(B) Regional Rural Bank,02/10/2016
Bank of India,2231953,731859,2963812,22654.84,2654019,(B) Regional Rural Bank,02/10/2016
Bank of Maharashtra,381865,68491,450356,6372.42,450356,(B) Regional Rural Bank,02/10/2016
Canara Bank,544255,375978,920233,21344.24,920233,(B) Regional Rural Bank,02/10/2016
Central Bank of India,3565742,685299,4251041,83340.33,3988458,(B) Regional Rural Bank,02/10/2016
Dena Bank,282110,19455,301565,2960.58,285270,(B) Regional Rural Bank,02/10/2016
Indian Bank,337642,71310,408952,3214.79,282812,(B) Regional Rural Bank,02/10/2016
Indian Overseas Bank,873678,9718,883396,14042.51,572294,(B) Regional Rural Bank,02/10/2016
Jammu & Kashmir Bank Ltd,70486,13235,83721,2503.29,0,(B) Regional Rural Bank,02/10/2016
Punjab & Sind Bank,13211,2605,15816,231.05,12100,(B) Regional Rural Bank,02/10/2016
Punjab National Bank,2908964,362185,3271149,55758.61,2231983,(B) Regional Rural Bank,02/10/2016
State Bank of Bikaner & Jaipur,1756074,40197,1796271,23253.42,871195,(B) Regional Rural Bank,02/10/2016
State Bank of Hyderabad,766012,86775,852787,20359.8,508374,(B) Regional Rural Bank,02/10/2016
State Bank of India,5677945,976110,6654055,81835.16,3549163,(B) Regional Rural Bank,02/10/2016
State Bank of Mysore,277305,83907,361212,1429.15,315807,(B) Regional Rural Bank,02/10/2016
State Bank of Patiala,46452,665,47117,999.1,36770,(B) Regional Rural Bank,02/10/2016
Syndicate Bank,1686815,420854,2107669,47581.46,1899334,(B) Regional Rural Bank,02/10/2016
UCO Bank,897433,31054,928487,13858.44,536839,(B) Regional Rural Bank,02/10/2016
Union Bank of India,557945,155321,713266,3675.68,659775,(B) Regional Rural Bank,02/10/2016
United Bank of India,4987841,79114,5066955,84565.01,2386813,(B) Regional Rural Bank,02/10/2016
Regional Rural Banks Sub Total,31602842,5204456,36807298,556878.06,26412323,(B) Regional Rural Bank,02/10/2016
Axis Bank Ltd,126228,459958,586186,8401.67,539046,(C) Major Private Banks,02/10/2016
City Union Bank Ltd,14413,64163,78576,1050.77,59423,(C) Major Private Banks,02/10/2016
Federal Bank Ltd,324195,69705,393900,12076.29,358720,(C) Major Private Banks,02/10/2016
HDFC Bank Ltd,301676,1258561,1560237,52231.83,1559559,(C) Major Private Banks,02/10/2016
ICICI Bank Ltd,2310605,314404,2625009,13157.57,2612284,(C) Major Private Banks,02/10/2016
IndusInd Bank Ltd,26744,262117,288861,1686.23,272854,(C) Major Private Banks,02/10/2016
Jammu & Kashmir Bank Ltd,1149834,121619,1271453,27736.96,1119009,(C) Major Private Banks,02/10/2016
Karur Vysya Bank,18419,118337,136756,990.86,123738,(C) Major Private Banks,02/10/2016
Kotak Mahindra Bank Ltd,91708,91399,183107,1485.95,112246,(C) Major Private Banks,02/10/2016
Lakshmi Vilas Bank Ltd,57633,101088,158721,1074.1,146956,(C) Major Private Banks,02/10/2016
RBL Bank Ltd,59787,35520,95307,539.03,95307,(C) Major Private Banks,02/10/2016
South Indian Bank Ltd,17400,85965,103365,1308.42,50315,(C) Major Private Banks,02/10/2016
Yes Bank Ltd,7494,5721,13215,124.42,11675,(C) Major Private Banks,02/10/2016
Major Private Banks Sub Total,4506136,2988557,7494693,121864.11,7061132,(C) Major Private Banks,02/10/2016
Public Sector Banks,91633932,72589829,164223761,2586968.7,140029339,Summary,02/17/2016
Regional Rural Banks,31774506,5221207,36995713,563741.58,26519083,Summary,02/17/2016
Private Sector Banks,4525673,2996764,7522437,122361.84,7087634,Summary,02/17/2016
Grand Total,127934111,80807800,208741911,3273072.12,173636056,Summary,02/17/2016
Allahabad Bank,3284748,948544,4233292,39059.48,4172368,(A) Public Sector Banks,02/17/2016
Andhra Bank,1451713,714109,2165822,19494.69,1915267,(A) Public Sector Banks,02/17/2016
Bank of Baroda,5271209,6796037,12067246,221784.49,11480455,(A) Public Sector Banks,02/17/2016
Bank of India,4841624,5888162,10729786,119084.77,9713789,(A) Public Sector Banks,02/17/2016
Bank of Maharashtra,2373538,780194,3153732,47690.61,1723509,(A) Public Sector Banks,02/17/2016
Bhartiya Mahila Bank,0,67332,67332,1431.3,67332,(A) Public Sector Banks,02/17/2016
Canara Bank,5031068,2269529,7300597,125236.17,7009753,(A) Public Sector Banks,02/17/2016
Central Bank of India,5795116,1508123,7303239,76440.71,5567861,(A) Public Sector Banks,02/17/2016
Corporation Bank,1287450,1291022,2578472,72113.3,2530047,(A) Public Sector Banks,02/17/2016
Dena Bank,2497394,982494,3479888,50708.73,2798123,(A) Public Sector Banks,02/17/2016
IDBI Bank Ltd.,558221,487329,1045550,8059.31,933450,(A) Public Sector Banks,02/17/2016
Indian Bank,1974922,994408,2969330,29337.57,2935522,(A) Public Sector Banks,02/17/2016
Indian Overseas Bank,1426748,2433539,3860287,47805.53,3730544,(A) Public Sector Banks,02/17/2016
Oriental Bank of Commerce,2126659,1456455,3583114,282624.8,3495970,(A) Public Sector Banks,02/17/2016
Punjab & Sind Bank,849580,425641,1275221,42919.28,1266114,(A) Public Sector Banks,02/17/2016
Punjab National Bank,10813584,2067411,12880995,146298.82,9968746,(A) Public Sector Banks,02/17/2016
State Bank of Bikaner & Jaipur,1750644,1718495,3469139,88525.34,3074785,(A) Public Sector Banks,02/17/2016
State Bank of Hyderabad,996478,1809359,2805837,26240.83,2737195,(A) Public Sector Banks,02/17/2016
State Bank of India,22401770,29193808,51595578,409198.71,41401291,(A) Public Sector Banks,02/17/2016
State Bank of Mysore,690659,217873,908532,7535.15,797532,(A) Public Sector Banks,02/17/2016
State Bank of Patiala,425959,782839,1208798,16228.25,1142746,(A) Public Sector Banks,02/17/2016
State Bank of Travancore,49288,434160,483448,9173.38,327069,(A) Public Sector Banks,02/17/2016
Syndicate Bank,2764266,1228144,3992410,77943.19,3578018,(A) Public Sector Banks,02/17/2016
UCO Bank,3482701,3547550,7030251,153854.36,6763560,(A) Public Sector Banks,02/17/2016
Union Bank of India,4514994,1249984,5764978,75365.25,5481922,(A) Public Sector Banks,02/17/2016
United Bank of India,4192847,2762680,6955527,380254.55,4103172,(A) Public Sector Banks,02/17/2016
Vijaya Bank,780752,534608,1315360,12560.15,1313199,(A) Public Sector Banks,02/17/2016
Public Sector Banks Sub Total,91633932,72589829,164223761,2586968.7,140029339,(A) Public Sector Banks,02/17/2016
Allahabad Bank,645531,154141,799672,7357.21,759186,(B) Regional Rural Bank,02/17/2016
Andhra Bank,144251,13009,157260,1571.44,97789,(B) Regional Rural Bank,02/17/2016
Bank of Baroda,2970803,827150,3797953,58974.81,3397407,(B) Regional Rural Bank,02/17/2016
Bank of India,2242242,734911,2977153,23236.46,2654019,(B) Regional Rural Bank,02/17/2016
Bank of Maharashtra,381865,68491,450356,6372.42,450356,(B) Regional Rural Bank,02/17/2016
Canara Bank,544390,376122,920512,21344.59,920512,(B) Regional Rural Bank,02/17/2016
Central Bank of India,3567391,685957,4253348,84421.66,3988663,(B) Regional Rural Bank,02/17/2016
Dena Bank,282849,19467,302316,2979.32,285270,(B) Regional Rural Bank,02/17/2016
Indian Bank,337931,71811,409742,3231.82,282812,(B) Regional Rural Bank,02/17/2016
Indian Overseas Bank,875513,9718,885231,14278.3,616138,(B) Regional Rural Bank,02/17/2016
Jammu & Kashmir Bank Ltd,70712,13289,84001,2540.66,0,(B) Regional Rural Bank,02/17/2016
Punjab & Sind Bank,13222,2606,15828,230.16,12100,(B) Regional Rural Bank,02/17/2016
Punjab National Bank,2912763,362476,3275239,56035.63,2242226,(B) Regional Rural Bank,02/17/2016
State Bank of Bikaner & Jaipur,1768488,40505,1808993,23527.43,871450,(B) Regional Rural Bank,02/17/2016
State Bank of Hyderabad,766012,86775,852787,20359.8,508374,(B) Regional Rural Bank,02/17/2016
State Bank of India,5709630,980471,6690101,82968.37,3553517,(B) Regional Rural Bank,02/17/2016
State Bank of Mysore,277379,83940,361319,1429.24,315807,(B) Regional Rural Bank,02/17/2016
State Bank of Patiala,46611,665,47276,1005.52,36770,(B) Regional Rural Bank,02/17/2016
Syndicate Bank,1692939,421744,2114683,48248.51,1926681,(B) Regional Rural Bank,02/17/2016
UCO Bank,899060,31069,930129,13863.46,536839,(B) Regional Rural Bank,02/17/2016
Union Bank of India,561714,156934,718648,3687.58,659800,(B) Regional Rural Bank,02/17/2016
United Bank of India,5063210,79956,5143166,86077.17,2403367,(B) Regional Rural Bank,02/17/2016
Regional Rural Banks Sub Total,31774506,5221207,36995713,563741.58,26519083,(B) Regional Rural Bank,02/17/2016
Axis Bank Ltd,126837,462822,589659,8183.49,541920,(C) Major Private Banks,02/17/2016
City Union Bank Ltd,14413,64163,78576,1050.77,59423,(C) Major Private Banks,02/17/2016
Federal Bank Ltd,328197,69973,398170,12223.61,361888,(C) Major Private Banks,02/17/2016
HDFC Bank Ltd,302781,1261104,1563885,52472.75,1563207,(C) Major Private Banks,02/17/2016
ICICI Bank Ltd,2316658,315053,2631711,13165.12,2618986,(C) Major Private Banks,02/17/2016
IndusInd Bank Ltd,32703,262827,295530,1833.7,282124,(C) Major Private Banks,02/17/2016
Jammu & Kashmir Bank Ltd,1151228,121742,1272970,27895.88,1119081,(C) Major Private Banks,02/17/2016
Karur Vysya Bank,18550,119086,137636,1000.09,123665,(C) Major Private Banks,02/17/2016
Kotak Mahindra Bank Ltd,91887,91418,183305,1491.9,113024,(C) Major Private Banks,02/17/2016
Lakshmi Vilas Bank Ltd,57732,101358,159090,1087.53,146956,(C) Major Private Banks,02/17/2016
RBL Bank Ltd,59787,35520,95307,525.35,95307,(C) Major Private Banks,02/17/2016
South Indian Bank Ltd,17400,85965,103365,1308.42,50315,(C) Major Private Banks,02/17/2016
Yes Bank Ltd,7500,5733,13233,123.25,11738,(C) Major Private Banks,02/17/2016
Major Private Banks Sub Total,4525673,2996764,7522437,122361.84,7087634,(C) Major Private Banks,02/17/2016
Public Sector Banks,92238015,73014075,165252090,2609405.38,140821948,Summary,02/24/2016
Regional Rural Banks,31932869,5278875,37211744,575643.67,26653022,Summary,02/24/2016
Private Sector Banks,4537976,3004730,7542706,122439.85,7089897,Summary,02/24/2016
Grand Total,128708860,81297680,210006540,3307488.9,174564867,Summary,02/24/2016
Allahabad Bank,3323590,949415,4273005,40061.91,4211101,(A) Public Sector Banks,02/24/2016
Andhra Bank,1453739,714797,2168536,19628.13,1915308,(A) Public Sector Banks,02/24/2016
Bank of Baroda,5318747,6850242,12168989,225464.31,11571577,(A) Public Sector Banks,02/24/2016
Bank of India,4893666,5941741,10835407,121856.19,9708758,(A) Public Sector Banks,02/24/2016
Bank of Maharashtra,2377181,797888,3175069,48890.14,1723509,(A) Public Sector Banks,02/24/2016
Bhartiya Mahila Bank,0,67363,67363,1435.18,67363,(A) Public Sector Banks,02/24/2016
Canara Bank,5049047,2299570,7348617,125860.19,7043965,(A) Public Sector Banks,02/24/2016
Central Bank of India,5820883,1510847,7331730,77506.14,5621876,(A) Public Sector Banks,02/24/2016
Corporation Bank,1289384,1292279,2581663,72798,2532916,(A) Public Sector Banks,02/24/2016
Dena Bank,2514553,983289,3497842,51154.1,2798123,(A) Public Sector Banks,02/24/2016
IDBI Bank Ltd.,561752,487666,1049418,8092.18,933712,(A) Public Sector Banks,02/24/2016
Indian Bank,1979885,995504,2975389,29610.21,2941595,(A) Public Sector Banks,02/24/2016
Indian Overseas Bank,1426748,2433539,3860287,47805.53,3729205,(A) Public Sector Banks,02/24/2016
Oriental Bank of Commerce,2144958,1469512,3614470,285218.51,3528314,(A) Public Sector Banks,02/24/2016
Punjab & Sind Bank,849133,425641,1274774,42567.28,1266114,(A) Public Sector Banks,02/24/2016
Punjab National Bank,10872048,2064297,12936345,148016.83,9969092,(A) Public Sector Banks,02/24/2016
State Bank of Bikaner & Jaipur,1758412,1724237,3482649,89255.73,3086636,(A) Public Sector Banks,02/24/2016
State Bank of Hyderabad,996675,1809439,2806114,26566.13,2737195,(A) Public Sector Banks,02/24/2016
State Bank of India,22636511,29412992,52049503,409357.44,41604678,(A) Public Sector Banks,02/24/2016
State Bank of Mysore,691777,217947,909724,7614.87,797532,(A) Public Sector Banks,02/24/2016
State Bank of Patiala,425969,782849,1208818,16167.17,1142752,(A) Public Sector Banks,02/24/2016
State Bank of Travancore,50671,444957,495628,9164.64,327069,(A) Public Sector Banks,02/24/2016
Syndicate Bank,2766575,1228968,3995543,80259.4,3578018,(A) Public Sector Banks,02/24/2016
UCO Bank,3482704,3547556,7030260,153854.36,6763560,(A) Public Sector Banks,02/24/2016
Union Bank of India,4525414,1251775,5777189,76267.23,5490486,(A) Public Sector Banks,02/24/2016
United Bank of India,4245162,2773985,7019147,382271.28,4415982,(A) Public Sector Banks,02/24/2016
Vijaya Bank,782831,535780,1318611,12662.33,1315512,(A) Public Sector Banks,02/24/2016
Public Sector Banks Sub Total,92238015,73014075,165252090,2609405.38,140821948,(A) Public Sector Banks,02/24/2016
Allahabad Bank,646085,154271,800356,7435.35,759255,(B) Regional Rural Bank,02/24/2016
Andhra Bank,144439,13022,157461,1572.37,97796,(B) Regional Rural Bank,02/24/2016
Bank of Baroda,2996867,833719,3830586,61035.63,3400286,(B) Regional Rural Bank,02/24/2016
Bank of India,2252005,737491,2989496,23782.23,2654019,(B) Regional Rural Bank,02/24/2016
Bank of Maharashtra,381865,68491,450356,6372.42,450356,(B) Regional Rural Bank,02/24/2016
Canara Bank,544537,376307,920844,21344.97,920844,(B) Regional Rural Bank,02/24/2016
Central Bank of India,3569304,686753,4256057,84288.05,3988879,(B) Regional Rural Bank,02/24/2016
Dena Bank,283602,19624,303226,3001.04,285270,(B) Regional Rural Bank,02/24/2016
Indian Bank,337943,71811,409754,3243.05,345650,(B) Regional Rural Bank,02/24/2016
Indian Overseas Bank,878172,9717,887889,14704.27,616138,(B) Regional Rural Bank,02/24/2016
Jammu & Kashmir Bank Ltd,71085,13351,84436,2564.04,0,(B) Regional Rural Bank,02/24/2016
Punjab & Sind Bank,13236,2606,15842,230.19,12100,(B) Regional Rural Bank,02/24/2016
Punjab National Bank,2912812,359792,3272604,56752.84,2256331,(B) Regional Rural Bank,02/24/2016
State Bank of Bikaner & Jaipur,1782819,40757,1823576,23879.63,871657,(B) Regional Rural Bank,02/24/2016
State Bank of Hyderabad,754806,127642,882448,23531.83,508374,(B) Regional Rural Bank,02/24/2016
State Bank of India,5740696,985381,6726077,84435.74,3555970,(B) Regional Rural Bank,02/24/2016
State Bank of Mysore,277471,83971,361442,1429.54,315807,(B) Regional Rural Bank,02/24/2016
State Bank of Patiala,46740,665,47405,1025.05,36770,(B) Regional Rural Bank,02/24/2016
Syndicate Bank,1698011,422452,2120463,48687.12,1976230,(B) Regional Rural Bank,02/24/2016
UCO Bank,900692,31365,932057,13868.46,536839,(B) Regional Rural Bank,02/24/2016
Union Bank of India,565416,159014,724430,3706.6,659841,(B) Regional Rural Bank,02/24/2016
United Bank of India,5134266,80673,5214939,88753.25,2404610,(B) Regional Rural Bank,02/24/2016
Regional Rural Banks Sub Total,31932869,5278875,37211744,575643.67,26653022,(B) Regional Rural Bank,02/24/2016
Axis Bank Ltd,126837,462822,589659,8183.49,541920,(C) Major Private Banks,02/24/2016
City Union Bank Ltd,14413,64163,78576,1050.77,59423,(C) Major Private Banks,02/24/2016
Federal Bank Ltd,334880,70343,405223,12174.77,369096,(C) Major Private Banks,02/24/2016
HDFC Bank Ltd,304709,1265462,1570171,52769.65,1569493,(C) Major Private Banks,02/24/2016
ICICI Bank Ltd,2322501,315701,2638202,13295.42,2613520,(C) Major Private Banks,02/24/2016
IndusInd Bank Ltd,33485,266487,299972,1488.24,282827,(C) Major Private Banks,02/24/2016
Jammu & Kashmir Bank Ltd,1154094,122030,1276124,27973.42,1120240,(C) Major Private Banks,02/24/2016
Karur Vysya Bank,18643,120028,138671,1014.74,123553,(C) Major Private Banks,02/24/2016
Kotak Mahindra Bank Ltd,91962,91498,183460,1497.21,113040,(C) Major Private Banks,02/24/2016
Lakshmi Vilas Bank Ltd,57797,101493,159290,1130.98,146956,(C) Major Private Banks,02/24/2016
RBL Bank Ltd,59787,35520,95307,519.99,95307,(C) Major Private Banks,02/24/2016
South Indian Bank Ltd,17400,85965,103365,1308.42,50315,(C) Major Private Banks,02/24/2016
Yes Bank Ltd,1468,3218,4686,32.75,4207,(C) Major Private Banks,02/24/2016
Major Private Banks Sub Total,4537976,3004730,7542706,122439.85,7089897,(C) Major Private Banks,02/24/2016
Public Sector Banks,92737330,73361955,166099285,2647866.84,141107714,Summary,03/02/2016
Regional Rural Banks,32081591,5292020,37373611,581412.74,26694059,Summary,03/02/2016
Private Sector Banks,4563580,3018293,7581873,123930.53,7138578,Summary,03/02/2016
Grand Total,129382501,81672268,211054769,3353210.11,174940351,Summary,03/02/2016
Allahabad Bank,3356832,952203,4309035,41724.69,4250864,(A) Public Sector Banks,03/02/2016
Andhra Bank,1455339,715022,2170361,19903.22,1915801,(A) Public Sector Banks,03/02/2016
Bank of Baroda,5355761,6894067,12249828,228892.92,11643314,(A) Public Sector Banks,03/02/2016
Bank of India,4950058,5986832,10936890,124745.76,9750223,(A) Public Sector Banks,03/02/2016
Bank of Maharashtra,2384741,799970,3184711,49246.04,1723509,(A) Public Sector Banks,03/02/2016
Bhartiya Mahila Bank,0,67370,67370,1437,67370,(A) Public Sector Banks,03/02/2016
Canara Bank,5062515,2302515,7365030,127310,7047178,(A) Public Sector Banks,03/02/2016
Central Bank of India,5840138,1512997,7353135,78657.72,5637945,(A) Public Sector Banks,03/02/2016
Corporation Bank,1290810,1293236,2584046,71775.49,2535074,(A) Public Sector Banks,03/02/2016
Dena Bank,2529431,983953,3513384,51814.75,2798123,(A) Public Sector Banks,03/02/2016
IDBI Bank Ltd.,563089,488610,1051699,8164.75,933685,(A) Public Sector Banks,03/02/2016
Indian Bank,1983324,995923,2979247,30091.96,2945462,(A) Public Sector Banks,03/02/2016
Indian Overseas Bank,1426748,2433539,3860287,47805.53,3729205,(A) Public Sector Banks,03/02/2016
Oriental Bank of Commerce,2147894,1471381,3619275,285610.94,3531241,(A) Public Sector Banks,03/02/2016
Punjab & Sind Bank,849265,425641,1274906,43240.98,1266114,(A) Public Sector Banks,03/02/2016
Punjab National Bank,10912693,2066494,12979187,149359.16,9681382,(A) Public Sector Banks,03/02/2016
State Bank of Bikaner & Jaipur,1765537,1730150,3495687,89127.32,3101390,(A) Public Sector Banks,03/02/2016
State Bank of Hyderabad,996746,1809735,2806481,26669.92,2739837,(A) Public Sector Banks,03/02/2016
State Bank of India,22794755,29568103,52362858,409379.25,41742040,(A) Public Sector Banks,03/02/2016
State Bank of Mysore,693943,218054,911997,7713.83,797532,(A) Public Sector Banks,03/02/2016
State Bank of Patiala,425979,782859,1208838,16283.32,1142759,(A) Public Sector Banks,03/02/2016
State Bank of Travancore,51559,451012,502571,9578.67,327084,(A) Public Sector Banks,03/02/2016
Syndicate Bank,2768831,1229080,3997911,81757.68,3578018,(A) Public Sector Banks,03/02/2016
UCO Bank,3537386,3597034,7134420,159014.42,6828391,(A) Public Sector Banks,03/02/2016
Union Bank of India,4531305,1253257,5784562,77433.32,5490395,(A) Public Sector Banks,03/02/2016
United Bank of India,4278478,2795126,7073604,398448.4,4584543,(A) Public Sector Banks,03/02/2016
Vijaya Bank,784173,537792,1321965,12679.79,1319235,(A) Public Sector Banks,03/02/2016
Public Sector Banks Sub Total,92737330,73361955,166099285,2647866.84,141107714,(A) Public Sector Banks,03/02/2016
Allahabad Bank,646583,154394,800977,7506.43,759343,(B) Regional Rural Bank,03/02/2016
Andhra Bank,144588,13051,157639,1572.45,97796,(B) Regional Rural Bank,03/02/2016
Bank of Baroda,3017649,839002,3856651,61145.4,3402671,(B) Regional Rural Bank,03/02/2016
Bank of India,2263515,741238,3004753,24407.47,2654020,(B) Regional Rural Bank,03/02/2016
Bank of Maharashtra,381865,68491,450356,6375.91,450356,(B) Regional Rural Bank,03/02/2016
Canara Bank,544669,376451,921120,21350.64,921120,(B) Regional Rural Bank,03/02/2016
Central Bank of India,3570773,687418,4258191,84030.98,3989125,(B) Regional Rural Bank,03/02/2016
Dena Bank,284185,19720,303905,3012.17,285270,(B) Regional Rural Bank,03/02/2016
Indian Bank,338788,72704,411492,3289.97,345650,(B) Regional Rural Bank,03/02/2016
Indian Overseas Bank,878172,9717,887889,14704.27,616138,(B) Regional Rural Bank,03/02/2016
Jammu & Kashmir Bank Ltd,71369,13407,84776,2652.05,0,(B) Regional Rural Bank,03/02/2016
Punjab & Sind Bank,13253,2613,15866,228.85,12100,(B) Regional Rural Bank,03/02/2016
Punjab National Bank,2920194,360239,3280433,57195.32,2266896,(B) Regional Rural Bank,03/02/2016
State Bank of Bikaner & Jaipur,1794886,40973,1835859,24162.67,871777,(B) Regional Rural Bank,03/02/2016
State Bank of Hyderabad,757391,128625,886016,23962.04,508374,(B) Regional Rural Bank,03/02/2016
State Bank of India,5772416,988299,6760715,86142.45,3582637,(B) Regional Rural Bank,03/02/2016
State Bank of Mysore,277535,83996,361531,1429.77,315807,(B) Regional Rural Bank,03/02/2016
State Bank of Patiala,46887,665,47552,1005.27,36770,(B) Regional Rural Bank,03/02/2016
Syndicate Bank,1701491,423155,2124646,49230.74,1976230,(B) Regional Rural Bank,03/02/2016
UCO Bank,914017,31978,945995,14279.39,536839,(B) Regional Rural Bank,03/02/2016
Union Bank of India,576049,154818,730867,3727.86,659871,(B) Regional Rural Bank,03/02/2016
United Bank of India,5165316,81066,5246382,90000.66,2405269,(B) Regional Rural Bank,03/02/2016
Regional Rural Banks Sub Total,32081591,5292020,37373611,581412.74,26694059,(B) Regional Rural Bank,03/02/2016
Axis Bank Ltd,126837,462822,589659,8183.49,541920,(C) Major Private Banks,03/02/2016
City Union Bank Ltd,14413,64163,78576,1050.77,69595,(C) Major Private Banks,03/02/2016
Federal Bank Ltd,339548,70662,410210,12538.11,374097,(C) Major Private Banks,03/02/2016
HDFC Bank Ltd,304769,1270782,1575551,53781.05,1574873,(C) Major Private Banks,03/02/2016
ICICI Bank Ltd,2335247,316106,2651353,12749.06,2626671,(C) Major Private Banks,03/02/2016
IndusInd Bank Ltd,33911,270550,304461,1697.43,289799,(C) Major Private Banks,03/02/2016
Jammu & Kashmir Bank Ltd,1155443,122133,1277576,28207.63,1120647,(C) Major Private Banks,03/02/2016
Karur Vysya Bank,18858,120936,139794,1061.48,123482,(C) Major Private Banks,03/02/2016
Kotak Mahindra Bank Ltd,92073,91560,183633,1521.85,113068,(C) Major Private Banks,03/02/2016
Lakshmi Vilas Bank Ltd,57797,101493,159290,1130.98,146956,(C) Major Private Banks,03/02/2016
RBL Bank Ltd,59787,35520,95307,522.99,95307,(C) Major Private Banks,03/02/2016
South Indian Bank Ltd,17373,85815,103188,1364.7,50425,(C) Major Private Banks,03/02/2016
Yes Bank Ltd,7524,5751,13275,120.99,11738,(C) Major Private Banks,03/02/2016
Major Private Banks Sub Total,4563580,3018293,7581873,123930.53,7138578,(C) Major Private Banks,03/02/2016
Public Sector Banks,93320554,73770741,167091295,2710822.18,141797818,Summary,03/09/2016
Regional Rural Banks,32204636,5311619,37516255,588377.42,26719416,Summary,03/09/2016
Private Sector Banks,4582643,3025173,7607816,126807.85,7168153,Summary,03/09/2016
Grand Total,130107833,82107533,212215366,3426007.45,175685387,Summary,03/09/2016
Allahabad Bank,3383994,953870,4337864,42573.26,4282957,(A) Public Sector Banks,03/09/2016
Andhra Bank,1457105,715335,2172440,20250.91,1915907,(A) Public Sector Banks,03/09/2016
Bank of Baroda,5395874,6940306,12336180,232308.23,11722316,(A) Public Sector Banks,03/09/2016
Bank of India,5019098,6045876,11064974,129303.63,9947984,(A) Public Sector Banks,03/09/2016
Bank of Maharashtra,2392009,801653,3193662,50143.22,1723509,(A) Public Sector Banks,03/09/2016
Bhartiya Mahila Bank,0,67388,67388,1456.98,67388,(A) Public Sector Banks,03/09/2016
Canara Bank,5076875,2304447,7381322,129227.81,7053890,(A) Public Sector Banks,03/09/2016
Central Bank of India,5856695,1515888,7372583,79579.94,5648397,(A) Public Sector Banks,03/09/2016
Corporation Bank,1292009,1294216,2586225,73548.65,2536833,(A) Public Sector Banks,03/09/2016
Dena Bank,2541831,984238,3526069,53469.34,2798123,(A) Public Sector Banks,03/09/2016
IDBI Bank Ltd.,565029,490532,1055561,8302.6,933612,(A) Public Sector Banks,03/09/2016
Indian Bank,1987070,996351,2983421,30733.58,2949586,(A) Public Sector Banks,03/09/2016
Indian Overseas Bank,1426748,2433539,3860287,47805.53,3729205,(A) Public Sector Banks,03/09/2016
Oriental Bank of Commerce,2159390,1478664,3638054,289753.36,3547469,(A) Public Sector Banks,03/09/2016
Punjab & Sind Bank,849465,425700,1275165,43972.38,1266114,(A) Public Sector Banks,03/09/2016
Punjab National Bank,10948159,2067973,13016132,153294.18,9690456,(A) Public Sector Banks,03/09/2016
State Bank of Bikaner & Jaipur,1771789,1735132,3506921,89847.81,3113096,(A) Public Sector Banks,03/09/2016
State Bank of Hyderabad,996732,1809962,2806694,27147.8,2739843,(A) Public Sector Banks,03/09/2016
State Bank of India,22946914,29713046,52659960,432962.37,41870762,(A) Public Sector Banks,03/09/2016
State Bank of Mysore,697088,218088,915176,7816.09,797532,(A) Public Sector Banks,03/09/2016
State Bank of Patiala,425991,782871,1208862,16530.02,1142771,(A) Public Sector Banks,03/09/2016
State Bank of Travancore,52116,455256,507372,9871.75,327111,(A) Public Sector Banks,03/09/2016
Syndicate Bank,2771220,1229310,4000530,81878.45,3578018,(A) Public Sector Banks,03/09/2016
UCO Bank,3554367,3615073,7169440,160839.68,6828391,(A) Public Sector Banks,03/09/2016
Union Bank of India,4541420,1255194,5796614,78815.09,5507935,(A) Public Sector Banks,03/09/2016
United Bank of India,4390911,2865301,7256212,404907.49,4685909,(A) Public Sector Banks,03/09/2016
Vijaya Bank,820655,575532,1396187,14482.06,1392704,(A) Public Sector Banks,03/09/2016
Public Sector Banks Sub Total,93320554,73770741,167091295,2710822.18,141797818,(A) Public Sector Banks,03/09/2016
Allahabad Bank,647108,154518,801626,7585.35,759582,(B) Regional Rural Bank,03/09/2016
Andhra Bank,144692,13064,157756,1572.64,97804,(B) Regional Rural Bank,03/09/2016
Bank of Baroda,3043274,844528,3887802,62188.86,3403931,(B) Regional Rural Bank,03/09/2016
Bank of India,2266718,749742,3016460,25014.96,2654019,(B) Regional Rural Bank,03/09/2016
Bank of Maharashtra,381865,68491,450356,6376.63,450356,(B) Regional Rural Bank,03/09/2016
Canara Bank,546612,377682,924294,21357.89,924294,(B) Regional Rural Bank,03/09/2016
Central Bank of India,3572206,687960,4260166,84710.8,3989340,(B) Regional Rural Bank,03/09/2016
Dena Bank,284902,19818,304720,3029.54,285270,(B) Regional Rural Bank,03/09/2016
Indian Bank,339195,74625,413820,3304.24,345650,(B) Regional Rural Bank,03/09/2016
Indian Overseas Bank,878172,9717,887889,14704.27,616138,(B) Regional Rural Bank,03/09/2016
Jammu & Kashmir Bank Ltd,71651,13478,85129,2632.25,0,(B) Regional Rural Bank,03/09/2016
Punjab & Sind Bank,13267,2613,15880,230.85,12100,(B) Regional Rural Bank,03/09/2016
Punjab National Bank,2926306,360638,3286944,58431.32,2274154,(B) Regional Rural Bank,03/09/2016
State Bank of Bikaner & Jaipur,1806598,41226,1847824,24463.32,871983,(B) Regional Rural Bank,03/09/2016
State Bank of Hyderabad,757391,128625,886016,23962.04,508374,(B) Regional Rural Bank,03/09/2016
State Bank of India,5785532,986857,6772389,86422.32,3583179,(B) Regional Rural Bank,03/09/2016
State Bank of Mysore,277574,84013,361587,1430.03,315811,(B) Regional Rural Bank,03/09/2016
State Bank of Patiala,46887,665,47552,1005.27,36770,(B) Regional Rural Bank,03/09/2016
Syndicate Bank,1702742,423205,2125947,50336.15,1976230,(B) Regional Rural Bank,03/09/2016
UCO Bank,914611,31980,946591,14286.67,536839,(B) Regional Rural Bank,03/09/2016
Union Bank of India,579908,156467,736375,3743.84,671520,(B) Regional Rural Bank,03/09/2016
United Bank of India,5217425,81707,5299132,91588.18,2406072,(B) Regional Rural Bank,03/09/2016
Regional Rural Banks Sub Total,32204636,5311619,37516255,588377.42,26719416,(B) Regional Rural Bank,03/09/2016
Axis Bank Ltd,126837,462822,589659,8183.49,541920,(C) Major Private Banks,03/09/2016
City Union Bank Ltd,14413,64163,78576,1050.77,69595,(C) Major Private Banks,03/09/2016
Federal Bank Ltd,342298,70856,413154,13307.06,374402,(C) Major Private Banks,03/09/2016
HDFC Bank Ltd,306058,1273564,1579622,54347.2,1578944,(C) Major Private Banks,03/09/2016
ICICI Bank Ltd,2347762,316615,2664377,13838.92,2639695,(C) Major Private Banks,03/09/2016
IndusInd Bank Ltd,34072,272367,306439,1827.84,292049,(C) Major Private Banks,03/09/2016
Jammu & Kashmir Bank Ltd,1157323,122298,1279621,28420.38,1121292,(C) Major Private Banks,03/09/2016
Karur Vysya Bank,19037,122030,141067,1033.54,123369,(C) Major Private Banks,03/09/2016
Kotak Mahindra Bank Ltd,92190,91583,183773,1637.6,113087,(C) Major Private Banks,03/09/2016
Lakshmi Vilas Bank Ltd,57965,101822,159787,1139.06,156341,(C) Major Private Banks,03/09/2016
RBL Bank Ltd,59787,35520,95307,489.45,95307,(C) Major Private Banks,03/09/2016
South Indian Bank Ltd,17363,85773,103136,1406.57,50414,(C) Major Private Banks,03/09/2016
Yes Bank Ltd,7538,5760,13298,125.97,11738,(C) Major Private Banks,03/09/2016
Major Private Banks Sub Total,4582643,3025173,7607816,126807.85,7168153,(C) Major Private Banks,03/09/2016
Public Sector Banks,93708050,74022126,167730176,2752153.38,142287617,Summary,03/16/2016
Regional Rural Banks,32393009,5329674,37722683,603683.47,26745552,Summary,03/16/2016
Private Sector Banks,4650528,3031321,7681849,128328.5,7233312,Summary,03/16/2016
Grand Total,130751587,82383121,213134708,3484165.35,176266481,Summary,03/16/2016
Allahabad Bank,3412810,955523,4368333,43943.91,4285998,(A) Public Sector Banks,03/16/2016
Andhra Bank,1458674,715880,2174554,20571.66,1915907,(A) Public Sector Banks,03/16/2016
Bank of Baroda,5430567,6982060,12412627,236145.19,11789321,(A) Public Sector Banks,03/16/2016
Bank of India,5079873,6108040,11187913,135609.4,10229343,(A) Public Sector Banks,03/16/2016
Bank of Maharashtra,2400346,803741,3204087,51154.76,1723509,(A) Public Sector Banks,03/16/2016
Bhartiya Mahila Bank,0,67395,67395,1483.09,67395,(A) Public Sector Banks,03/16/2016
Canara Bank,5088703,2295417,7384120,129364.28,7044931,(A) Public Sector Banks,03/16/2016
Central Bank of India,5872466,1517596,7390062,80890.12,5661574,(A) Public Sector Banks,03/16/2016
Corporation Bank,1293025,1295099,2588124,74429.11,2538557,(A) Public Sector Banks,03/16/2016
Dena Bank,2556091,985720,3541811,55517.06,2724327,(A) Public Sector Banks,03/16/2016
IDBI Bank Ltd.,566633,492499,1059132,8389.41,931011,(A) Public Sector Banks,03/16/2016
Indian Bank,1990373,996901,2987274,30891.03,2953556,(A) Public Sector Banks,03/16/2016
Indian Overseas Bank,1426748,2433539,3860287,47805.53,3729205,(A) Public Sector Banks,03/16/2016
Oriental Bank of Commerce,2174692,1487816,3662508,296536.94,3567731,(A) Public Sector Banks,03/16/2016
Punjab & Sind Bank,849565,425772,1275337,44557.38,1266114,(A) Public Sector Banks,03/16/2016
Punjab National Bank,10978413,2065156,13043569,157692.66,9694505,(A) Public Sector Banks,03/16/2016
State Bank of Bikaner & Jaipur,1776364,1738775,3515139,89417.33,3120590,(A) Public Sector Banks,03/16/2016
State Bank of Hyderabad,996863,1809964,2806827,27108.51,2739943,(A) Public Sector Banks,03/16/2016
State Bank of India,23058945,29817252,52876197,432975.8,41960743,(A) Public Sector Banks,03/16/2016
State Bank of Mysore,697088,218088,915176,9071.05,800430,(A) Public Sector Banks,03/16/2016
State Bank of Patiala,425997,782877,1208874,16887.61,1142777,(A) Public Sector Banks,03/16/2016
State Bank of Travancore,52312,458493,510805,9695.64,327128,(A) Public Sector Banks,03/16/2016
Syndicate Bank,2773639,1229617,4003256,81084.9,3584678,(A) Public Sector Banks,03/16/2016
UCO Bank,3554408,3616977,7171385,163279.86,6864271,(A) Public Sector Banks,03/16/2016
Union Bank of India,4549512,1256880,5806392,80336.3,5519718,(A) Public Sector Banks,03/16/2016
United Bank of India,4415120,2883493,7298613,412351.03,4697222,(A) Public Sector Banks,03/16/2016
Vijaya Bank,828823,581556,1410379,14963.81,1407133,(A) Public Sector Banks,03/16/2016
Public Sector Banks Sub Total,93708050,74022126,167730176,2752153.38,142287617,(A) Public Sector Banks,03/16/2016
Allahabad Bank,647633,154650,802283,7658.47,759893,(B) Regional Rural Bank,03/16/2016
Andhra Bank,144763,13084,157847,1584.14,97811,(B) Regional Rural Bank,03/16/2016
Bank of Baroda,3065474,849255,3914729,63405.41,3404985,(B) Regional Rural Bank,03/16/2016
Bank of India,2273293,751638,3024931,26253.7,2654019,(B) Regional Rural Bank,03/16/2016
Bank of Maharashtra,381865,68491,450356,6376.64,450356,(B) Regional Rural Bank,03/16/2016
Canara Bank,547716,378396,926112,21361.66,926112,(B) Regional Rural Bank,03/16/2016
Central Bank of India,3573193,688482,4261675,85904.14,3989487,(B) Regional Rural Bank,03/16/2016
Dena Bank,285496,19968,305464,3041.74,285270,(B) Regional Rural Bank,03/16/2016
Indian Bank,339231,74656,413887,3403.7,345650,(B) Regional Rural Bank,03/16/2016
Indian Overseas Bank,883626,9720,893346,15453.87,616138,(B) Regional Rural Bank,03/16/2016
Jammu & Kashmir Bank Ltd,71815,13527,85342,2658.43,15497,(B) Regional Rural Bank,03/16/2016
Punjab & Sind Bank,13340,2639,15979,237.64,12100,(B) Regional Rural Bank,03/16/2016
Punjab National Bank,2931708,361049,3292757,59525.04,2277663,(B) Regional Rural Bank,03/16/2016
State Bank of Bikaner & Jaipur,1814706,41448,1856154,24672.41,872089,(B) Regional Rural Bank,03/16/2016
State Bank of Hyderabad,757391,128625,886016,23962.04,508374,(B) Regional Rural Bank,03/16/2016
State Bank of India,5818185,990025,6808210,89795.9,3585915,(B) Regional Rural Bank,03/16/2016
State Bank of Mysore,277626,84033,361659,1430.4,315819,(B) Regional Rural Bank,03/16/2016
State Bank of Patiala,47140,672,47812,1066.39,36773,(B) Regional Rural Bank,03/16/2016
Syndicate Bank,1732179,426802,2158981,51243.8,1976230,(B) Regional Rural Bank,03/16/2016
UCO Bank,965828,31989,997817,17817.75,536839,(B) Regional Rural Bank,03/16/2016
Union Bank of India,584538,158456,742994,3756.09,672065,(B) Regional Rural Bank,03/16/2016
United Bank of India,5236263,82069,5318332,93074.13,2406467,(B) Regional Rural Bank,03/16/2016
Regional Rural Banks Sub Total,32393009,5329674,37722683,603683.47,26745552,(B) Regional Rural Bank,03/16/2016
Axis Bank Ltd,126837,462822,589659,8183.49,541920,(C) Major Private Banks,03/16/2016
City Union Bank Ltd,14413,64163,78576,1050.77,69595,(C) Major Private Banks,03/16/2016
Federal Bank Ltd,344473,71067,415540,13304.53,376818,(C) Major Private Banks,03/16/2016
HDFC Bank Ltd,307770,1276831,1584601,54864.79,1583923,(C) Major Private Banks,03/16/2016
ICICI Bank Ltd,2409097,317031,2726128,13895.33,2695301,(C) Major Private Banks,03/16/2016
IndusInd Bank Ltd,34502,273251,307753,1880.84,293478,(C) Major Private Banks,03/16/2016
Jammu & Kashmir Bank Ltd,1159255,122485,1281740,29232.51,1121975,(C) Major Private Banks,03/16/2016
Karur Vysya Bank,19168,123073,142241,1136.14,123318,(C) Major Private Banks,03/16/2016
Kotak Mahindra Bank Ltd,92285,91626,183911,1603.33,113134,(C) Major Private Banks,03/16/2016
Lakshmi Vilas Bank Ltd,58030,101939,159969,1168.94,156341,(C) Major Private Banks,03/16/2016
RBL Bank Ltd,59787,35520,95307,458.97,95307,(C) Major Private Banks,03/16/2016
South Indian Bank Ltd,17360,85748,103108,1421.27,50464,(C) Major Private Banks,03/16/2016
Yes Bank Ltd,7551,5765,13316,127.6,11738,(C) Major Private Banks,03/16/2016
Major Private Banks Sub Total,4650528,3031321,7681849,128328.5,7233312,(C) Major Private Banks,03/16/2016
Public Sector Banks,94022041,74244529,168266570,2774164.4,142732113,Summary,03/23/2016
Regional Rural Banks,32468472,5345141,37813613,613910.97,26808810,Summary,03/23/2016
Private Sector Banks,4717144,3036959,7754103,133616.83,7290281,Summary,03/23/2016
Grand Total,131207657,82626629,213834286,3521692.2,176831204,Summary,03/23/2016
Allahabad Bank,3435038,956626,4391664,45245.68,4288576,(A) Public Sector Banks,03/23/2016
Andhra Bank,1460218,716160,2176378,20722.53,1915907,(A) Public Sector Banks,03/23/2016
Bank of Baroda,5460231,7017332,12477563,242171.23,11844937,(A) Public Sector Banks,03/23/2016
Bank of India,5110198,6139055,11249253,138389.62,10328383,(A) Public Sector Banks,03/23/2016
Bank of Maharashtra,2404489,804609,3209098,51484.89,1723509,(A) Public Sector Banks,03/23/2016
Bhartiya Mahila Bank,0,67437,67437,1503.5,67437,(A) Public Sector Banks,03/23/2016
Canara Bank,5103735,2299906,7403641,130216.74,7048024,(A) Public Sector Banks,03/23/2016
Central Bank of India,5886264,1519481,7405745,82460.46,5673621,(A) Public Sector Banks,03/23/2016
Corporation Bank,1294551,1296056,2590607,74408.1,2541003,(A) Public Sector Banks,03/23/2016
Dena Bank,2569479,986556,3556035,55820.88,2798123,(A) Public Sector Banks,03/23/2016
IDBI Bank Ltd.,568042,493951,1061993,8432.17,930945,(A) Public Sector Banks,03/23/2016
Indian Bank,1992548,997788,2990336,31309.84,2956630,(A) Public Sector Banks,03/23/2016
Indian Overseas Bank,1426748,2433539,3860287,47805.53,3729205,(A) Public Sector Banks,03/23/2016
Oriental Bank of Commerce,2177619,1489626,3667245,297865.1,3575503,(A) Public Sector Banks,03/23/2016
Punjab & Sind Bank,849638,425812,1275450,44261.38,1266114,(A) Public Sector Banks,03/23/2016
Punjab National Bank,11001224,2065851,13067075,159147.56,9735810,(A) Public Sector Banks,03/23/2016
State Bank of Bikaner & Jaipur,1779717,1741790,3521507,91568.71,3128138,(A) Public Sector Banks,03/23/2016
State Bank of Hyderabad,996856,1810213,2807069,27503.57,2739943,(A) Public Sector Banks,03/23/2016
State Bank of India,23170016,29923739,53093755,433223.69,42049145,(A) Public Sector Banks,03/23/2016
State Bank of Mysore,713637,218237,931874,8102.53,807547,(A) Public Sector Banks,03/23/2016
State Bank of Patiala,426037,782921,1208958,17081.26,1142796,(A) Public Sector Banks,03/23/2016
State Bank of Travancore,52645,461605,514250,9719.24,327156,(A) Public Sector Banks,03/23/2016
Syndicate Bank,2776477,1229583,4006060,81383.11,3606972,(A) Public Sector Banks,03/23/2016
UCO Bank,3567427,3631764,7199191,165071.25,6864271,(A) Public Sector Banks,03/23/2016
Union Bank of India,4551015,1266658,5817673,81950.67,5530002,(A) Public Sector Banks,03/23/2016
United Bank of India,4415120,2883493,7298613,412351.03,4697222,(A) Public Sector Banks,03/23/2016
Vijaya Bank,833072,584741,1417813,14964.12,1415194,(A) Public Sector Banks,03/23/2016
Public Sector Banks Sub Total,94022041,74244529,168266570,2774164.4,142732113,(A) Public Sector Banks,03/23/2016
Allahabad Bank,648341,154818,803159,7712.47,760314,(B) Regional Rural Bank,03/23/2016
Andhra Bank,144906,13086,157992,1589.69,97811,(B) Regional Rural Bank,03/23/2016
Bank of Baroda,3087799,854978,3942777,67874.8,3406305,(B) Regional Rural Bank,03/23/2016
Bank of India,2280796,753182,3033978,26886.68,2654019,(B) Regional Rural Bank,03/23/2016
Bank of Maharashtra,381865,68491,450356,6376.64,450356,(B) Regional Rural Bank,03/23/2016
Canara Bank,549058,379286,928344,21385.45,928271,(B) Regional Rural Bank,03/23/2016
Central Bank of India,3574553,689238,4263791,87507.46,3989677,(B) Regional Rural Bank,03/23/2016
Dena Bank,286030,20079,306109,3056.15,285270,(B) Regional Rural Bank,03/23/2016
Indian Bank,339683,74769,414452,3378.54,345650,(B) Regional Rural Bank,03/23/2016
Indian Overseas Bank,883626,9720,893346,15453.87,616138,(B) Regional Rural Bank,03/23/2016
Jammu & Kashmir Bank Ltd,72226,13613,85839,2864.17,15497,(B) Regional Rural Bank,03/23/2016
Punjab & Sind Bank,13478,2664,16142,233.7,12100,(B) Regional Rural Bank,03/23/2016
Punjab National Bank,2934125,361544,3295669,60643.84,2283739,(B) Regional Rural Bank,03/23/2016
State Bank of Bikaner & Jaipur,1822793,41668,1864461,24954.59,917687,(B) Regional Rural Bank,03/23/2016
State Bank of Hyderabad,757391,128625,886016,23962.04,508374,(B) Regional Rural Bank,03/23/2016
State Bank of India,5835788,992193,6827981,90572.12,3592846,(B) Regional Rural Bank,03/23/2016
State Bank of Mysore,277700,84059,361759,1430.8,315828,(B) Regional Rural Bank,03/23/2016
State Bank of Patiala,47292,672,47964,1095.42,36777,(B) Regional Rural Bank,03/23/2016
Syndicate Bank,1739186,428204,2167390,52269.58,1976230,(B) Regional Rural Bank,03/23/2016
UCO Bank,965828,31989,997817,17817.75,536839,(B) Regional Rural Bank,03/23/2016
Union Bank of India,588485,160148,748633,3771.06,672615,(B) Regional Rural Bank,03/23/2016
United Bank of India,5237523,82115,5319638,93074.15,2406467,(B) Regional Rural Bank,03/23/2016
Regional Rural Banks Sub Total,32468472,5345141,37813613,613910.97,26808810,(B) Regional Rural Bank,03/23/2016
Axis Bank Ltd,126837,462822,589659,8183.49,541920,(C) Major Private Banks,03/23/2016
City Union Bank Ltd,14413,64163,78576,1050.77,69595,(C) Major Private Banks,03/23/2016
Federal Bank Ltd,346501,71231,417732,13293.3,378860,(C) Major Private Banks,03/23/2016
HDFC Bank Ltd,309479,1279997,1589476,56366.63,1588798,(C) Major Private Banks,03/23/2016
ICICI Bank Ltd,2469467,317506,2786973,14016.14,2765753,(C) Major Private Banks,03/23/2016
IndusInd Bank Ltd,34695,273794,308489,1533.75,271890,(C) Major Private Banks,03/23/2016
Jammu & Kashmir Bank Ltd,1161362,122673,1284035,33247.42,1122710,(C) Major Private Banks,03/23/2016
Karur Vysya Bank,19239,123937,143176,1145.04,123157,(C) Major Private Banks,03/23/2016
Kotak Mahindra Bank Ltd,92360,91671,184031,1598.08,113195,(C) Major Private Banks,03/23/2016
Lakshmi Vilas Bank Ltd,58082,102122,160204,1199.72,156812,(C) Major Private Banks,03/23/2016
RBL Bank Ltd,59787,35520,95307,434.95,95307,(C) Major Private Banks,03/23/2016
South Indian Bank Ltd,17360,85748,103108,1421.27,50464,(C) Major Private Banks,03/23/2016
Yes Bank Ltd,7562,5775,13337,126.26,11820,(C) Major Private Banks,03/23/2016
Major Private Banks Sub Total,4717144,3036959,7754103,133616.83,7290281,(C) Major Private Banks,03/23/2016
Public Sector Banks,94292464,74165273,168457737,2813916.93,143155970,Summary,03/30/2016
Regional Rural Banks,32571057,5357511,37928568,617811.88,26935193,Summary,03/30/2016
Private Sector Banks,4843513,3045656,7889169,135471.91,7438509,Summary,03/30/2016
Grand Total,131707034,82568440,214275474,3567200.72,177529672,Summary,03/30/2016
Allahabad Bank,3457311,958500,4415811,46112.33,4291755,(A) Public Sector Banks,03/30/2016
Andhra Bank,1461206,716326,2177532,21080.95,1916111,(A) Public Sector Banks,03/30/2016
Bank of Baroda,5479615,7040578,12520193,245142.64,11882757,(A) Public Sector Banks,03/30/2016
Bank of India,5151174,6183894,11335068,142816.39,10450609,(A) Public Sector Banks,03/30/2016
Bank of Maharashtra,2410200,806072,3216272,51633.11,1723509,(A) Public Sector Banks,03/30/2016
Bhartiya Mahila Bank,0,67437,67437,1503.14,64677,(A) Public Sector Banks,03/30/2016
Canara Bank,5113634,2302240,7415874,131345.49,7050320,(A) Public Sector Banks,03/30/2016
Central Bank of India,5895011,1520237,7415248,85753.73,5677007,(A) Public Sector Banks,03/30/2016
Corporation Bank,1295306,1296581,2591887,74146.18,2542162,(A) Public Sector Banks,03/30/2016
Dena Bank,2577526,987294,3564820,56212.74,2798123,(A) Public Sector Banks,03/30/2016
IDBI Bank Ltd.,568192,494269,1062461,9015.59,931170,(A) Public Sector Banks,03/30/2016
Indian Bank,1994782,998343,2993125,31635.67,2959404,(A) Public Sector Banks,03/30/2016
Indian Overseas Bank,1428748,2433885,3862633,47805.53,3729205,(A) Public Sector Banks,03/30/2016
Oriental Bank of Commerce,2180363,1491399,3671762,299219.03,3579232,(A) Public Sector Banks,03/30/2016
Punjab & Sind Bank,849642,425841,1275483,46042.38,1266114,(A) Public Sector Banks,03/30/2016
Punjab National Bank,11012673,2067490,13080163,162145.96,9765400,(A) Public Sector Banks,03/30/2016
State Bank of Bikaner & Jaipur,1784145,1744816,3528961,91037.41,3133622,(A) Public Sector Banks,03/30/2016
State Bank of Hyderabad,996887,1810312,2807199,27995.03,2739943,(A) Public Sector Banks,03/30/2016
State Bank of India,23207895,29964474,53172369,433229.54,42082433,(A) Public Sector Banks,03/30/2016
State Bank of Mysore,718014,218264,936278,8141.82,807547,(A) Public Sector Banks,03/30/2016
State Bank of Patiala,426067,782956,1209023,17154.13,1142805,(A) Public Sector Banks,03/30/2016
State Bank of Travancore,52780,463350,516130,10147.56,327171,(A) Public Sector Banks,03/30/2016
Syndicate Bank,2777706,1229768,4007474,83127.58,3651467,(A) Public Sector Banks,03/30/2016
UCO Bank,3575952,3644227,7220179,166889.4,6890760,(A) Public Sector Banks,03/30/2016
Union Bank of India,4555281,1267332,5822613,84310.38,5536427,(A) Public Sector Banks,03/30/2016
United Bank of India,4414177,2885263,7299440,424437.94,4697270,(A) Public Sector Banks,03/30/2016
Vijaya Bank,908177,364125,1272302,15835.29,1518970,(A) Public Sector Banks,03/30/2016
Public Sector Banks Sub Total,94292464,74165273,168457737,2813916.93,143155970,(A) Public Sector Banks,03/30/2016
Allahabad Bank,648757,154919,803676,7747.13,760743,(B) Regional Rural Bank,03/30/2016
Andhra Bank,145093,13093,158186,1595.22,97819,(B) Regional Rural Bank,03/30/2016
Bank of Baroda,3098759,857575,3956334,69830.26,3406795,(B) Regional Rural Bank,03/30/2016
Bank of India,2287720,755034,3042754,28245.21,2654019,(B) Regional Rural Bank,03/30/2016
Bank of Maharashtra,381865,68491,450356,6376.64,450356,(B) Regional Rural Bank,03/30/2016
Canara Bank,550382,380154,930536,21394.52,930536,(B) Regional Rural Bank,03/30/2016
Central Bank of India,3575493,689834,4265327,89327.76,3989830,(B) Regional Rural Bank,03/30/2016
Dena Bank,286131,20120,306251,3060.57,285270,(B) Regional Rural Bank,03/30/2016
Indian Bank,339792,74783,414575,3429.59,345650,(B) Regional Rural Bank,03/30/2016
Indian Overseas Bank,886841,9717,896558,16131.31,616138,(B) Regional Rural Bank,03/30/2016
Jammu & Kashmir Bank Ltd,72536,13679,86215,2992.13,15499,(B) Regional Rural Bank,03/30/2016
Punjab & Sind Bank,13492,2668,16160,230.44,12100,(B) Regional Rural Bank,03/30/2016
Punjab National Bank,2937006,361792,3298798,64025.18,2286411,(B) Regional Rural Bank,03/30/2016
State Bank of Bikaner & Jaipur,1827163,41770,1868933,25420.5,1034848,(B) Regional Rural Bank,03/30/2016
State Bank of Hyderabad,757391,128625,886016,23962.04,508374,(B) Regional Rural Bank,03/30/2016
State Bank of India,5854088,996055,6850143,93042.98,3589836,(B) Regional Rural Bank,03/30/2016
State Bank of Mysore,277736,84077,361813,1431.03,315859,(B) Regional Rural Bank,03/30/2016
State Bank of Patiala,47372,672,48044,1098.93,36777,(B) Regional Rural Bank,03/30/2016
Syndicate Bank,1743773,429351,2173124,52488.76,1982131,(B) Regional Rural Bank,03/30/2016
UCO Bank,966069,32004,998073,9126.7,536839,(B) Regional Rural Bank,03/30/2016
Union Bank of India,590431,160983,751414,3780.88,672896,(B) Regional Rural Bank,03/30/2016
United Bank of India,5283167,82115,5365282,93074.1,2406467,(B) Regional Rural Bank,03/30/2016
Regional Rural Banks Sub Total,32571057,5357511,37928568,617811.88,26935193,(B) Regional Rural Bank,03/30/2016
Axis Bank Ltd,126837,462822,589659,8183.49,541920,(C) Major Private Banks,03/30/2016
City Union Bank Ltd,14413,64163,78576,1050.77,69595,(C) Major Private Banks,03/30/2016
Federal Bank Ltd,347605,71362,418967,13543.56,380038,(C) Major Private Banks,03/30/2016
HDFC Bank Ltd,310742,1282892,1593634,56725.55,1592956,(C) Major Private Banks,03/30/2016
ICICI Bank Ltd,2591376,317826,2909202,13505.67,2884520,(C) Major Private Banks,03/30/2016
IndusInd Bank Ltd,34869,278196,313065,1519.99,295844,(C) Major Private Banks,03/30/2016
Jammu & Kashmir Bank Ltd,1163148,122781,1285929,34984,1122922,(C) Major Private Banks,03/30/2016
Karur Vysya Bank,19289,124579,143868,1130.29,123105,(C) Major Private Banks,03/30/2016
Kotak Mahindra Bank Ltd,92387,91722,184109,1631.94,113206,(C) Major Private Banks,03/30/2016
Lakshmi Vilas Bank Ltd,58128,102265,160393,1224.91,156812,(C) Major Private Banks,03/30/2016
RBL Bank Ltd,59787,35520,95307,424.19,95307,(C) Major Private Banks,03/30/2016
South Indian Bank Ltd,17360,85748,103108,1421.27,50464,(C) Major Private Banks,03/30/2016
Yes Bank Ltd,7572,5780,13352,126.27,11820,(C) Major Private Banks,03/30/2016
Major Private Banks Sub Total,4843513,3045656,7889169,135471.91,7438509,(C) Major Private Banks,03/30/2016
Public Sector Banks,94544725,74604177,169148902,2884820.19,143328907,Summary,04/06/2016
Regional Rural Banks,32664245,5366097,38030342,635960.24,26989510,Summary,04/06/2016
Private Sector Banks,4900162,3058433,7958595,139223.87,7505878,Summary,04/06/2016
Grand Total,132109132,83028707,215137839,3660004.3,177824295,Summary,04/06/2016
Allahabad Bank,3478911,959924,4438835,47100.83,4294817,(A) Public Sector Banks,04/06/2016
Andhra Bank,1462259,716577,2178836,21124.28,1916111,(A) Public Sector Banks,04/06/2016
Bank of Baroda,5500894,7065677,12566571,246210.51,11923788,(A) Public Sector Banks,04/06/2016
Bank of India,5167007,6195620,11362627,146695.57,10447910,(A) Public Sector Banks,04/06/2016
Bank of Maharashtra,2414928,807170,3222098,52827.18,1723509,(A) Public Sector Banks,04/06/2016
Bhartiya Mahila Bank,0,66741,66741,1389.31,66741,(A) Public Sector Banks,04/06/2016
Canara Bank,5127838,2316584,7444422,133579.54,7062862,(A) Public Sector Banks,04/06/2016
Central Bank of India,5905719,1521617,7427336,86747.05,5686119,(A) Public Sector Banks,04/06/2016
Corporation Bank,1296769,1297178,2593947,74963.08,2544027,(A) Public Sector Banks,04/06/2016
Dena Bank,2586836,988798,3575634,56913.69,2798123,(A) Public Sector Banks,04/06/2016
IDBI Bank Ltd.,569532,495510,1065042,9001.12,931610,(A) Public Sector Banks,04/06/2016
Indian Bank,1997959,998947,2996906,32033.3,2963094,(A) Public Sector Banks,04/06/2016
Indian Overseas Bank,1428748,2433885,3862633,47805.53,3729205,(A) Public Sector Banks,04/06/2016
Oriental Bank of Commerce,2180026,1491435,3671461,304017.04,3568202,(A) Public Sector Banks,04/06/2016
Punjab & Sind Bank,849784,425841,1275625,46176.04,1266114,(A) Public Sector Banks,04/06/2016
Punjab National Bank,11046913,2071066,13117979,162941.54,9765682,(A) Public Sector Banks,04/06/2016
State Bank of Bikaner & Jaipur,1786784,1747134,3533918,90994.54,3139585,(A) Public Sector Banks,04/06/2016
State Bank of Hyderabad,996774,1810202,2806976,28180.2,2740113,(A) Public Sector Banks,04/06/2016
State Bank of India,23288884,30036625,53325509,475609.51,42148260,(A) Public Sector Banks,04/06/2016
State Bank of Mysore,719728,218272,938000,8222.41,807547,(A) Public Sector Banks,04/06/2016
State Bank of Patiala,426078,782967,1209045,17252.37,1142813,(A) Public Sector Banks,04/06/2016
State Bank of Travancore,52886,464649,517535,10376.54,327178,(A) Public Sector Banks,04/06/2016
Syndicate Bank,2779637,1230843,4010480,83357.54,3654263,(A) Public Sector Banks,04/06/2016
UCO Bank,3592101,3662511,7254612,170584.09,6907437,(A) Public Sector Banks,04/06/2016
Union Bank of India,4559744,1268701,5828445,84920.06,5540689,(A) Public Sector Banks,04/06/2016
United Bank of India,4414694,2885263,7299957,429957.96,4697523,(A) Public Sector Banks,04/06/2016
Vijaya Bank,913292,644440,1557732,15839.36,1535585,(A) Public Sector Banks,04/06/2016
Public Sector Banks Sub Total,94544725,74604177,169148902,2884820.19,143328907,(A) Public Sector Banks,04/06/2016
Allahabad Bank,649267,155043,804310,7801.35,761377,(B) Regional Rural Bank,04/06/2016
Andhra Bank,145225,13113,158338,1634.86,97821,(B) Regional Rural Bank,04/06/2016
Bank of Baroda,3114666,861179,3975845,69549.07,3407562,(B) Regional Rural Bank,04/06/2016
Bank of India,2294291,757119,3051410,28618.05,2654019,(B) Regional Rural Bank,04/06/2016
Bank of Maharashtra,381865,68491,450356,6376.67,450356,(B) Regional Rural Bank,04/06/2016
Canara Bank,553754,381441,935195,21400.16,935195,(B) Regional Rural Bank,04/06/2016
Central Bank of India,3576405,690294,4266699,90931.8,3989937,(B) Regional Rural Bank,04/06/2016
Dena Bank,286210,20139,306349,3072.33,285270,(B) Regional Rural Bank,04/06/2016
Indian Bank,339980,74786,414766,3513.37,345650,(B) Regional Rural Bank,04/06/2016
Indian Overseas Bank,886841,9717,896558,16131.31,616138,(B) Regional Rural Bank,04/06/2016
Jammu & Kashmir Bank Ltd,72772,13737,86509,3013.69,15499,(B) Regional Rural Bank,04/06/2016
Punjab & Sind Bank,13558,2690,16248,254.81,12100,(B) Regional Rural Bank,04/06/2016
Punjab National Bank,2939422,362314,3301736,64115.98,2288813,(B) Regional Rural Bank,04/06/2016
State Bank of Bikaner & Jaipur,1832404,41930,1874334,25801.1,1076785,(B) Regional Rural Bank,04/06/2016
State Bank of Hyderabad,757391,128625,886016,23962.04,508374,(B) Regional Rural Bank,04/06/2016
State Bank of India,5869897,998735,6868632,93577.88,3591583,(B) Regional Rural Bank,04/06/2016
State Bank of Mysore,277768,84093,361861,1431.24,315898,(B) Regional Rural Bank,04/06/2016
State Bank of Patiala,47518,672,48190,1067.73,36778,(B) Regional Rural Bank,04/06/2016
Syndicate Bank,1745924,429519,2175443,53792.62,1982131,(B) Regional Rural Bank,04/06/2016
UCO Bank,966211,32012,998223,17832.84,536839,(B) Regional Rural Bank,04/06/2016
Union Bank of India,593286,162215,755501,3812.42,673412,(B) Regional Rural Bank,04/06/2016
United Bank of India,5319590,78233,5397823,98268.93,2407973,(B) Regional Rural Bank,04/06/2016
Regional Rural Banks Sub Total,32664245,5366097,38030342,635960.24,26989510,(B) Regional Rural Bank,04/06/2016
Axis Bank Ltd,126837,462822,589659,8183.49,541920,(C) Major Private Banks,04/06/2016
City Union Bank Ltd,14413,64163,78576,1050.77,69595,(C) Major Private Banks,04/06/2016
Federal Bank Ltd,348916,71488,420404,13335.88,381444,(C) Major Private Banks,04/06/2016
HDFC Bank Ltd,312508,1288268,1600776,59143.15,1600098,(C) Major Private Banks,04/06/2016
ICICI Bank Ltd,2642557,318112,2960669,14430.96,2935987,(C) Major Private Banks,04/06/2016
IndusInd Bank Ltd,35041,284175,319216,2180.17,302181,(C) Major Private Banks,04/06/2016
Jammu & Kashmir Bank Ltd,1165274,122928,1288202,34861.12,1123959,(C) Major Private Banks,04/06/2016
Karur Vysya Bank,19324,125406,144730,1155.75,123058,(C) Major Private Banks,04/06/2016
Kotak Mahindra Bank Ltd,92426,91769,184195,1663.84,113218,(C) Major Private Banks,04/06/2016
Lakshmi Vilas Bank Ltd,58167,102369,160536,1199.14,156812,(C) Major Private Banks,04/06/2016
RBL Bank Ltd,59787,35520,95307,425.61,95307,(C) Major Private Banks,04/06/2016
South Indian Bank Ltd,17329,85648,102977,1463.7,50492,(C) Major Private Banks,04/06/2016
Yes Bank Ltd,7583,5765,13348,130.29,11807,(C) Major Private Banks,04/06/2016
Major Private Banks Sub Total,4900162,3058433,7958595,139223.87,7505878,(C) Major Private Banks,04/06/2016
Public Sector Banks,94752404,74776531,169528935,2890509.89,143589325,Summary,04/13/2016
Regional Rural Banks,32759343,5382006,38141349,642659.34,27035937,Summary,04/13/2016
Private Sector Banks,4903147,3061823,7964970,139233.96,7514184,Summary,04/13/2016
Grand Total,132414894,83220360,215635254,3672403.19,178139446,Summary,04/13/2016
Allahabad Bank,3503114,961151,4464265,47229.75,4297674,(A) Public Sector Banks,04/13/2016
Andhra Bank,1463611,716702,2180313,21178.94,1916351,(A) Public Sector Banks,04/13/2016
Bank of Baroda,5520003,7089602,12609605,248771.84,11958676,(A) Public Sector Banks,04/13/2016
Bank of India,5184772,6212479,11397251,147018.56,10581367,(A) Public Sector Banks,04/13/2016
Bank of Maharashtra,2419037,808227,3227264,53211.36,1723509,(A) Public Sector Banks,04/13/2016
Bhartiya Mahila Bank,0,69083,69083,1483.88,69083,(A) Public Sector Banks,04/13/2016
Canara Bank,5139385,2319726,7459111,133264.56,7062862,(A) Public Sector Banks,04/13/2016
Central Bank of India,5901560,1537072,7438632,87142.09,5693012,(A) Public Sector Banks,04/13/2016
Corporation Bank,1297661,1297839,2595500,73371.56,2546474,(A) Public Sector Banks,04/13/2016
Dena Bank,2597587,990269,3587856,57188.56,2798123,(A) Public Sector Banks,04/13/2016
IDBI Bank Ltd.,572557,495830,1068387,9373.76,931563,(A) Public Sector Banks,04/13/2016
Indian Bank,2000483,999627,3000110,31891.82,2966199,(A) Public Sector Banks,04/13/2016
Indian Overseas Bank,1428748,2433885,3862633,47805.53,3729205,(A) Public Sector Banks,04/13/2016
Oriental Bank of Commerce,2183228,1492479,3675707,306856.34,3569003,(A) Public Sector Banks,04/13/2016
Punjab & Sind Bank,849842,425995,1275837,45664.38,1266114,(A) Public Sector Banks,04/13/2016
Punjab National Bank,11073876,2076201,13150077,163082.51,9765729,(A) Public Sector Banks,04/13/2016
State Bank of Bikaner & Jaipur,1790080,1749593,3539673,91403.37,3144978,(A) Public Sector Banks,04/13/2016
State Bank of Hyderabad,996688,1810375,2807063,28204.23,2740078,(A) Public Sector Banks,04/13/2016
State Bank of India,23361588,30101238,53462826,475619.49,42203298,(A) Public Sector Banks,04/13/2016
State Bank of Mysore,722511,218308,940819,8170.67,807547,(A) Public Sector Banks,04/13/2016
State Bank of Patiala,426089,782982,1209071,17443.29,1142831,(A) Public Sector Banks,04/13/2016
State Bank of Travancore,53132,467147,520279,10725.9,327178,(A) Public Sector Banks,04/13/2016
Syndicate Bank,2781313,1230833,4012146,82375.88,3655075,(A) Public Sector Banks,04/13/2016
UCO Bank,3592101,3662511,7254612,170584.09,6907437,(A) Public Sector Banks,04/13/2016
Union Bank of India,4564109,1270313,5834422,85393.15,5543390,(A) Public Sector Banks,04/13/2016
United Bank of India,4413983,2911416,7325399,430214.39,4698775,(A) Public Sector Banks,04/13/2016
Vijaya Bank,915346,645648,1560994,15839.99,1543794,(A) Public Sector Banks,04/13/2016
Public Sector Banks Sub Total,94752404,74776531,169528935,2890509.89,143589325,(A) Public Sector Banks,04/13/2016
Allahabad Bank,649267,155043,804310,7801.35,761377,(B) Regional Rural Bank,04/13/2016
Andhra Bank,145313,13118,158431,1651.76,97821,(B) Regional Rural Bank,04/13/2016
Bank of Baroda,3128023,864488,3992511,69524.15,3408554,(B) Regional Rural Bank,04/13/2016
Bank of India,2299768,759178,3058946,28788.39,2654019,(B) Regional Rural Bank,04/13/2016
Bank of Maharashtra,381865,68491,450356,6376.69,450356,(B) Regional Rural Bank,04/13/2016
Canara Bank,555116,382329,937445,21402.51,937445,(B) Regional Rural Bank,04/13/2016
Central Bank of India,3577389,690679,4268068,89843.53,3990081,(B) Regional Rural Bank,04/13/2016
Dena Bank,286340,20174,306514,3087.22,285270,(B) Regional Rural Bank,04/13/2016
Indian Bank,340137,74786,414923,3534.77,345650,(B) Regional Rural Bank,04/13/2016
Indian Overseas Bank,886841,9717,896558,16131.31,616138,(B) Regional Rural Bank,04/13/2016
Jammu & Kashmir Bank Ltd,72772,13737,86509,3013.69,15499,(B) Regional Rural Bank,04/13/2016
Punjab & Sind Bank,13571,2696,16267,253.88,12100,(B) Regional Rural Bank,04/13/2016
Punjab National Bank,2939822,362658,3302480,64040.96,2295440,(B) Regional Rural Bank,04/13/2016
State Bank of Bikaner & Jaipur,1857606,42120,1899726,27087.16,1110932,(B) Regional Rural Bank,04/13/2016
State Bank of Hyderabad,773844,133682,907526,26066.3,508374,(B) Regional Rural Bank,04/13/2016
State Bank of India,5887254,1000721,6887975,98943.9,3592934,(B) Regional Rural Bank,04/13/2016
State Bank of Mysore,277817,84116,361933,1431.73,315945,(B) Regional Rural Bank,04/13/2016
State Bank of Patiala,47670,672,48342,1062.56,36780,(B) Regional Rural Bank,04/13/2016
Syndicate Bank,1750739,429888,2180627,54320.18,1982131,(B) Regional Rural Bank,04/13/2016
UCO Bank,966211,32012,998223,17832.84,536839,(B) Regional Rural Bank,04/13/2016
Union Bank of India,595777,163290,759067,3826.92,673938,(B) Regional Rural Bank,04/13/2016
United Bank of India,5326201,78411,5404612,96637.56,2408314,(B) Regional Rural Bank,04/13/2016
Regional Rural Banks Sub Total,32759343,5382006,38141349,642659.34,27035937,(B) Regional Rural Bank,04/13/2016
Axis Bank Ltd,126837,462822,589659,8183.49,541920,(C) Major Private Banks,04/13/2016
City Union Bank Ltd,14413,64163,78576,1050.77,69595,(C) Major Private Banks,04/13/2016
Federal Bank Ltd,350003,71609,421612,13277.3,382463,(C) Major Private Banks,04/13/2016
HDFC Bank Ltd,312599,1289168,1601767,59148.69,1601089,(C) Major Private Banks,04/13/2016
ICICI Bank Ltd,2644049,318430,2962479,14809.58,2937797,(C) Major Private Banks,04/13/2016
IndusInd Bank Ltd,35228,285430,320658,1778.32,305980,(C) Major Private Banks,04/13/2016
Jammu & Kashmir Bank Ltd,1165274,122928,1288202,34861.12,1123959,(C) Major Private Banks,04/13/2016
Karur Vysya Bank,19380,126039,145419,1316.62,123006,(C) Major Private Banks,04/13/2016
Kotak Mahindra Bank Ltd,92460,91820,184280,1644.17,113255,(C) Major Private Banks,04/13/2016
Lakshmi Vilas Bank Ltd,58201,102444,160645,1162.26,157501,(C) Major Private Banks,04/13/2016
RBL Bank Ltd,59787,35520,95307,407.54,95307,(C) Major Private Banks,04/13/2016
South Indian Bank Ltd,17329,85648,102977,1463.7,50492,(C) Major Private Banks,04/13/2016
Yes Bank Ltd,7587,5802,13389,130.4,11820,(C) Major Private Banks,04/13/2016
Major Private Banks Sub Total,4903147,3061823,7964970,139233.96,7514184,(C) Major Private Banks,04/13/2016
Public Sector Banks,94957540,74933655,169891195,2887671.95,143691739,Summary,04/20/2016
Regional Rural Banks,32861247,5395711,38256958,648021.36,26620603,Summary,04/20/2016
Private Sector Banks,4908550,3066478,7975028,140236.85,7511612,Summary,04/20/2016
Grand Total,132727337,83395844,216123181,3675930.16,177823954,Summary,04/20/2016
Allahabad Bank,3515661,961905,4477566,47840.9,4299558,(A) Public Sector Banks,04/20/2016
Andhra Bank,1465485,716912,2182397,21259.09,1916351,(A) Public Sector Banks,04/20/2016
Bank of Baroda,5525406,7096475,12621881,250241.01,11969939,(A) Public Sector Banks,04/20/2016
Bank of India,5228742,6253677,11482419,149581.76,10580470,(A) Public Sector Banks,04/20/2016
Bank of Maharashtra,2422883,809127,3232010,53449.1,1723509,(A) Public Sector Banks,04/20/2016
Bhartiya Mahila Bank,0,66753,66753,1404.98,66753,(A) Public Sector Banks,04/20/2016
Canara Bank,5132217,2334710,7466927,131597.18,7070766,(A) Public Sector Banks,04/20/2016
Central Bank of India,5906648,1537908,7444556,86757.86,5694749,(A) Public Sector Banks,04/20/2016
Corporation Bank,1297539,1297694,2595233,73068.83,2544813,(A) Public Sector Banks,04/20/2016
Dena Bank,2608170,992844,3601014,57545.13,2798123,(A) Public Sector Banks,04/20/2016
IDBI Bank Ltd.,573933,496509,1070442,8933.19,931428,(A) Public Sector Banks,04/20/2016
Indian Bank,2003070,999947,3003017,31820.3,2969113,(A) Public Sector Banks,04/20/2016
Indian Overseas Bank,1428748,2433885,3862633,47805.53,3729205,(A) Public Sector Banks,04/20/2016
Oriental Bank of Commerce,2184857,1493405,3678262,303862.42,3569979,(A) Public Sector Banks,04/20/2016
Punjab & Sind Bank,850026,425995,1276021,45576.88,1266114,(A) Public Sector Banks,04/20/2016
Punjab National Bank,11088090,2078537,13166627,164143.72,9765761,(A) Public Sector Banks,04/20/2016
State Bank of Bikaner & Jaipur,1793361,1751805,3545166,90612.04,3148621,(A) Public Sector Banks,04/20/2016
State Bank of Hyderabad,996688,1810375,2807063,28204.23,2740078,(A) Public Sector Banks,04/20/2016
State Bank of India,23436457,30166737,53603194,475632.14,42260213,(A) Public Sector Banks,04/20/2016
State Bank of Mysore,726434,218331,944765,8113.25,807547,(A) Public Sector Banks,04/20/2016
State Bank of Patiala,426097,782994,1209091,17289.6,1142841,(A) Public Sector Banks,04/20/2016
State Bank of Travancore,53325,468680,522005,10929.48,327205,(A) Public Sector Banks,04/20/2016
Syndicate Bank,2783184,1230566,4013750,81284.18,3655075,(A) Public Sector Banks,04/20/2016
UCO Bank,3597531,3665828,7263359,170280.42,6916513,(A) Public Sector Banks,04/20/2016
Union Bank of India,4566616,1271053,5837669,84823.77,5546918,(A) Public Sector Banks,04/20/2016
United Bank of India,4430837,2924978,7355815,429774.89,4701933,(A) Public Sector Banks,04/20/2016
Vijaya Bank,915535,646025,1561560,15840.07,1548164,(A) Public Sector Banks,04/20/2016
Public Sector Banks Sub Total,94957540,74933655,169891195,2887671.95,143691739,(A) Public Sector Banks,04/20/2016
Allahabad Bank,649267,155043,804310,7801.35,761377,(B) Regional Rural Bank,04/20/2016
Andhra Bank,145371,13127,158498,1655.24,97821,(B) Regional Rural Bank,04/20/2016
Bank of Baroda,3134662,866168,4000830,68852.53,3409042,(B) Regional Rural Bank,04/20/2016
Bank of India,2304120,760419,3064539,28834.6,2654019,(B) Regional Rural Bank,04/20/2016
Bank of Maharashtra,381865,68491,450356,6376.73,450356,(B) Regional Rural Bank,04/20/2016
Canara Bank,556862,383464,940326,21403.8,940326,(B) Regional Rural Bank,04/20/2016
Central Bank of India,3577780,690802,4268582,90638.43,3990114,(B) Regional Rural Bank,04/20/2016
Dena Bank,286499,20216,306715,3100.8,285270,(B) Regional Rural Bank,04/20/2016
Indian Bank,340326,74772,415098,3450.46,345650,(B) Regional Rural Bank,04/20/2016
Indian Overseas Bank,886841,9717,896558,16131.31,616138,(B) Regional Rural Bank,04/20/2016
Jammu & Kashmir Bank Ltd,73046,13848,86894,2932.72,15499,(B) Regional Rural Bank,04/20/2016
Punjab & Sind Bank,13590,2703,16293,253.63,12100,(B) Regional Rural Bank,04/20/2016
Punjab National Bank,2941295,362946,3304241,64025.04,1875218,(B) Regional Rural Bank,04/20/2016
State Bank of Bikaner & Jaipur,1861545,42240,1903785,27202.72,1119616,(B) Regional Rural Bank,04/20/2016
State Bank of Hyderabad,773844,133682,907526,26066.3,508374,(B) Regional Rural Bank,04/20/2016
State Bank of India,5897040,1004990,6902030,99537.17,3593460,(B) Regional Rural Bank,04/20/2016
State Bank of Mysore,277863,84135,361998,1431.98,315986,(B) Regional Rural Bank,04/20/2016
State Bank of Patiala,47758,672,48430,1073.53,36780,(B) Regional Rural Bank,04/20/2016
Syndicate Bank,1753708,430439,2184147,54237.2,1982131,(B) Regional Rural Bank,04/20/2016
UCO Bank,1016018,35451,1051469,18761.75,536839,(B) Regional Rural Bank,04/20/2016
Union Bank of India,596719,163694,760413,3837.26,674251,(B) Regional Rural Bank,04/20/2016
United Bank of India,5345228,78692,5423920,100416.82,2400236,(B) Regional Rural Bank,04/20/2016
Regional Rural Banks Sub Total,32861247,5395711,38256958,648021.36,26620603,(B) Regional Rural Bank,04/20/2016
Axis Bank Ltd,126837,462822,589659,8183.49,541920,(C) Major Private Banks,04/20/2016
City Union Bank Ltd,14413,64163,78576,1050.77,59423,(C) Major Private Banks,04/20/2016
Federal Bank Ltd,351327,71707,423034,13265.92,383661,(C) Major Private Banks,04/20/2016
HDFC Bank Ltd,314424,1291476,1605900,59856.07,1605222,(C) Major Private Banks,04/20/2016
ICICI Bank Ltd,2646023,318735,2964758,14619.4,2937797,(C) Major Private Banks,04/20/2016
IndusInd Bank Ltd,35370,286751,322121,2423.06,307718,(C) Major Private Banks,04/20/2016
Jammu & Kashmir Bank Ltd,1165274,122928,1288202,34861.12,1124517,(C) Major Private Banks,04/20/2016
Karur Vysya Bank,19425,126489,145914,1197.98,122989,(C) Major Private Banks,04/20/2016
Kotak Mahindra Bank Ltd,92468,91825,184293,1632.89,113258,(C) Major Private Banks,04/20/2016
Lakshmi Vilas Bank Ltd,58279,102619,160898,1164.4,157501,(C) Major Private Banks,04/20/2016
RBL Bank Ltd,59787,35520,95307,388.14,95307,(C) Major Private Banks,04/20/2016
South Indian Bank Ltd,17329,85648,102977,1463.7,50492,(C) Major Private Banks,04/20/2016
Yes Bank Ltd,7594,5795,13389,129.91,11807,(C) Major Private Banks,04/20/2016
Major Private Banks Sub Total,4908550,3066478,7975028,140236.85,7511612,(C) Major Private Banks,04/20/2016
Public Sector Banks,95192409,75238730,170431139,2896498.58,144179464,Summary,04/27/2016
Regional Rural Banks,32916141,5408110,38324251,644329.15,27185660,Summary,04/27/2016
Private Sector Banks,4924815,3072318,7997133,138727.68,7530737,Summary,04/27/2016
Grand Total,133033365,83719158,216752523,3679555.41,178895861,Summary,04/27/2016
Allahabad Bank,3527460,963854,4491314,48217.04,4301466,(A) Public Sector Banks,04/27/2016
Andhra Bank,1465485,716912,2182397,21259.09,1916351,(A) Public Sector Banks,04/27/2016
Bank of Baroda,5562332,7143636,12705968,249933.2,12039986,(A) Public Sector Banks,04/27/2016
Bank of India,5261676,6292179,11553855,149972.22,10918006,(A) Public Sector Banks,04/27/2016
Bank of Maharashtra,2424761,809643,3234404,53266.59,1723509,(A) Public Sector Banks,04/27/2016
Bhartiya Mahila Bank,0,69103,69103,1498.05,69103,(A) Public Sector Banks,04/27/2016
Canara Bank,5139050,2337376,7476426,131566.53,7075673,(A) Public Sector Banks,04/27/2016
Central Bank of India,5914988,1540704,7455692,88189.4,5700237,(A) Public Sector Banks,04/27/2016
Corporation Bank,1298281,1297399,2595680,72046.09,2547519,(A) Public Sector Banks,04/27/2016
Dena Bank,2617692,994268,3611960,58148.33,2798123,(A) Public Sector Banks,04/27/2016
IDBI Bank Ltd.,575836,496948,1072784,9215.39,931559,(A) Public Sector Banks,04/27/2016
Indian Bank,2006402,1000072,3006474,31730.47,2972558,(A) Public Sector Banks,04/27/2016
Indian Overseas Bank,1428748,2433885,3862633,47805.53,3729205,(A) Public Sector Banks,04/27/2016
Oriental Bank of Commerce,2187959,1494681,3682640,302302.28,3570879,(A) Public Sector Banks,04/27/2016
Punjab & Sind Bank,850165,425995,1276160,45657.16,1266114,(A) Public Sector Banks,04/27/2016
Punjab National Bank,11108900,2081941,13190841,167452.97,9766916,(A) Public Sector Banks,04/27/2016
State Bank of Bikaner & Jaipur,1796718,1754128,3550846,92241.43,3153207,(A) Public Sector Banks,04/27/2016
State Bank of Hyderabad,996688,1810375,2807063,28204.23,2740078,(A) Public Sector Banks,04/27/2016
State Bank of India,23487990,30211686,53699676,475641.05,42301467,(A) Public Sector Banks,04/27/2016
State Bank of Mysore,730066,218346,948412,8251.93,807547,(A) Public Sector Banks,04/27/2016
State Bank of Patiala,426107,783007,1209114,17545.08,1142856,(A) Public Sector Banks,04/27/2016
State Bank of Travancore,68140,611783,679923,13582.2,327253,(A) Public Sector Banks,04/27/2016
Syndicate Bank,2784535,1231055,4015590,82531.73,3656680,(A) Public Sector Banks,04/27/2016
UCO Bank,3602153,3683380,7285533,170293.99,6916513,(A) Public Sector Banks,04/27/2016
Union Bank of India,4570933,1272418,5843351,85027.15,5549164,(A) Public Sector Banks,04/27/2016
United Bank of India,4443809,2916878,7360687,429945.68,4705100,(A) Public Sector Banks,04/27/2016
Vijaya Bank,915535,647078,1562613,14973.76,1552395,(A) Public Sector Banks,04/27/2016
Public Sector Banks Sub Total,95192409,75238730,170431139,2896498.58,144179464,(A) Public Sector Banks,04/27/2016
Allahabad Bank,650505,155342,805847,7934.19,762914,(B) Regional Rural Bank,04/27/2016
Andhra Bank,145391,13127,158518,1655.24,97821,(B) Regional Rural Bank,04/27/2016
Bank of Baroda,3148137,869469,4017606,68576.68,3412179,(B) Regional Rural Bank,04/27/2016
Bank of India,2310443,762455,3072898,29100.32,2654019,(B) Regional Rural Bank,04/27/2016
Bank of Maharashtra,381865,68491,450356,6376.73,450356,(B) Regional Rural Bank,04/27/2016
Canara Bank,558185,384320,942505,21404.67,942505,(B) Regional Rural Bank,04/27/2016
Central Bank of India,3579122,691728,4270850,91537.28,3990232,(B) Regional Rural Bank,04/27/2016
Dena Bank,286717,20268,306985,3113.86,285270,(B) Regional Rural Bank,04/27/2016
Indian Bank,340333,74772,415105,3349.24,345650,(B) Regional Rural Bank,04/27/2016
Indian Overseas Bank,886841,9717,896558,16131.31,616138,(B) Regional Rural Bank,04/27/2016
Jammu & Kashmir Bank Ltd,73233,13951,87184,2947.97,15499,(B) Regional Rural Bank,04/27/2016
Punjab & Sind Bank,13600,2703,16303,255.49,12100,(B) Regional Rural Bank,04/27/2016
Punjab National Bank,2943273,363246,3306519,62197.58,2302569,(B) Regional Rural Bank,04/27/2016
State Bank of Bikaner & Jaipur,1869761,42429,1912190,27516.9,1170879,(B) Regional Rural Bank,04/27/2016
State Bank of Hyderabad,773844,133682,907526,26066.3,508374,(B) Regional Rural Bank,04/27/2016
State Bank of India,5910127,1007831,6917958,95829.3,3593369,(B) Regional Rural Bank,04/27/2016
State Bank of Mysore,277907,84155,362062,1432.41,316014,(B) Regional Rural Bank,04/27/2016
State Bank of Patiala,47902,672,48574,1065.23,36781,(B) Regional Rural Bank,04/27/2016
Syndicate Bank,1758621,431251,2189872,54813,2052635,(B) Regional Rural Bank,04/27/2016
UCO Bank,1016018,35451,1051469,18761.75,536839,(B) Regional Rural Bank,04/27/2016
Union Bank of India,598185,164328,762513,3846.83,674662,(B) Regional Rural Bank,04/27/2016
United Bank of India,5346131,78722,5424853,100416.87,2408855,(B) Regional Rural Bank,04/27/2016
Regional Rural Banks Sub Total,32916141,5408110,38324251,644329.15,27185660,(B) Regional Rural Bank,04/27/2016
Axis Bank Ltd,126837,462822,589659,8183.49,541920,(C) Major Private Banks,04/27/2016
City Union Bank Ltd,14413,64163,78576,1050.77,69595,(C) Major Private Banks,04/27/2016
Federal Bank Ltd,352392,71849,424241,13615.61,384642,(C) Major Private Banks,04/27/2016
HDFC Bank Ltd,316829,1294014,1610843,57216.42,1610165,(C) Major Private Banks,04/27/2016
ICICI Bank Ltd,2655058,318735,2973793,16974.74,2937797,(C) Major Private Banks,04/27/2016
IndusInd Bank Ltd,35619,288852,324471,1583.44,310118,(C) Major Private Banks,04/27/2016
Jammu & Kashmir Bank Ltd,1168746,123241,1291987,34191.75,1125245,(C) Major Private Banks,04/27/2016
Karur Vysya Bank,19461,127207,146668,1145.97,122870,(C) Major Private Banks,04/27/2016
Kotak Mahindra Bank Ltd,92470,91828,184298,1631.78,113265,(C) Major Private Banks,04/27/2016
Lakshmi Vilas Bank Ltd,58279,102619,160898,1164.4,157501,(C) Major Private Banks,04/27/2016
RBL Bank Ltd,59787,35520,95307,374.46,95307,(C) Major Private Banks,04/27/2016
South Indian Bank Ltd,17329,85648,102977,1463.7,50492,(C) Major Private Banks,04/27/2016
Yes Bank Ltd,7595,5820,13415,131.15,11820,(C) Major Private Banks,04/27/2016
Major Private Banks Sub Total,4924815,3072318,7997133,138727.68,7530737,(C) Major Private Banks,04/27/2016
Public Sector Banks,95453266,75432432,170885698,2952578.58,144529138,Summary,05/04/2016
Regional Rural Banks,33031013,5430607,38461620,651169.77,27226364,Summary,05/04/2016
Private Sector Banks,4968388,3091680,8060068,140758.85,7603204,Summary,05/04/2016
Grand Total,133452667,83954719,217407386,3744507.2,179358706,Summary,05/04/2016
Allahabad Bank,3549887,964645,4514532,49265.69,4304035,(A) Public Sector Banks,05/04/2016
Andhra Bank,1466747,716255,2183002,53825.45,1915996,(A) Public Sector Banks,05/04/2016
Bank of Baroda,5591150,7178573,12769723,252735.57,12092527,(A) Public Sector Banks,05/04/2016
Bank of India,5281119,6315427,11596546,150796.95,11094941,(A) Public Sector Banks,05/04/2016
Bank of Maharashtra,2431084,811574,3242658,54738.46,1723509,(A) Public Sector Banks,05/04/2016
Bhartiya Mahila Bank,0,69106,69106,1493.28,66445,(A) Public Sector Banks,05/04/2016
Canara Bank,5139050,2337376,7476426,131566.53,7075673,(A) Public Sector Banks,05/04/2016
Central Bank of India,5924029,1542706,7466735,89316.31,5705340,(A) Public Sector Banks,05/04/2016
Corporation Bank,1299310,1298771,2598081,72743.8,2550225,(A) Public Sector Banks,05/04/2016
Dena Bank,2628393,997597,3625990,58611.53,2798123,(A) Public Sector Banks,05/04/2016
IDBI Bank Ltd.,577096,499708,1076804,9507.17,931461,(A) Public Sector Banks,05/04/2016
Indian Bank,2008469,1000107,3008576,32606.96,2974942,(A) Public Sector Banks,05/04/2016
Indian Overseas Bank,1428748,2433885,3862633,47805.53,3729205,(A) Public Sector Banks,05/04/2016
Oriental Bank of Commerce,2191940,1496343,3688283,305484.85,3571169,(A) Public Sector Banks,05/04/2016
Punjab & Sind Bank,850207,426035,1276242,46056.16,1266114,(A) Public Sector Banks,05/04/2016
Punjab National Bank,11129784,2084359,13214143,168490.98,9777974,(A) Public Sector Banks,05/04/2016
State Bank of Bikaner & Jaipur,1814977,1767719,3582696,94952.26,3184353,(A) Public Sector Banks,05/04/2016
State Bank of Hyderabad,996676,1810432,2807108,29298.13,2740078,(A) Public Sector Banks,05/04/2016
State Bank of India,23562940,30278023,53840963,475668.73,42351569,(A) Public Sector Banks,05/04/2016
State Bank of Mysore,737890,218391,956281,8301.11,807547,(A) Public Sector Banks,05/04/2016
State Bank of Patiala,426119,783019,1209138,17692.88,1142873,(A) Public Sector Banks,05/04/2016
State Bank of Travancore,68285,613626,681911,13555.53,327372,(A) Public Sector Banks,05/04/2016
Syndicate Bank,2786955,1231482,4018437,80865.63,3658083,(A) Public Sector Banks,05/04/2016
UCO Bank,3602153,3683380,7285533,170293.99,6916513,(A) Public Sector Banks,05/04/2016
Union Bank of India,4580213,1274137,5854350,85395.75,5559280,(A) Public Sector Banks,05/04/2016
United Bank of India,4464436,2951603,7416039,436535.62,4706357,(A) Public Sector Banks,05/04/2016
Vijaya Bank,915609,648153,1563762,14973.76,1557434,(A) Public Sector Banks,05/04/2016
Public Sector Banks Sub Total,95453266,75432432,170885698,2952578.58,144529138,(A) Public Sector Banks,05/04/2016
Allahabad Bank,651025,155464,806489,7960.02,763223,(B) Regional Rural Bank,05/04/2016
Andhra Bank,145539,13135,158674,1681.64,97821,(B) Regional Rural Bank,05/04/2016
Bank of Baroda,3167265,873586,4040851,69961.65,3426313,(B) Regional Rural Bank,05/04/2016
Bank of India,2318373,764699,3083072,29319.78,2654019,(B) Regional Rural Bank,05/04/2016
Bank of Maharashtra,381865,68491,450356,6390.94,450356,(B) Regional Rural Bank,05/04/2016
Canara Bank,559441,385115,944556,21405.22,944556,(B) Regional Rural Bank,05/04/2016
Central Bank of India,3584731,694711,4279442,92223.29,3990371,(B) Regional Rural Bank,05/04/2016
Dena Bank,286845,20306,307151,3134.68,285270,(B) Regional Rural Bank,05/04/2016
Indian Bank,340964,80051,421015,3542.32,345650,(B) Regional Rural Bank,05/04/2016
Indian Overseas Bank,886841,9717,896558,16131.31,616138,(B) Regional Rural Bank,05/04/2016
Jammu & Kashmir Bank Ltd,73421,13987,87408,2997.39,15499,(B) Regional Rural Bank,05/04/2016
Punjab & Sind Bank,13618,2709,16327,252.66,12100,(B) Regional Rural Bank,05/04/2016
Punjab National Bank,2945295,363692,3308987,65212.3,2306606,(B) Regional Rural Bank,05/04/2016
State Bank of Bikaner & Jaipur,1880466,42688,1923154,27870.65,1187734,(B) Regional Rural Bank,05/04/2016
State Bank of Hyderabad,773844,133682,907526,26066.3,508374,(B) Regional Rural Bank,05/04/2016
State Bank of India,5928001,1011241,6939242,96563.42,3594232,(B) Regional Rural Bank,05/04/2016
State Bank of Mysore,277977,84181,362158,1432.82,316064,(B) Regional Rural Bank,05/04/2016
State Bank of Patiala,48034,672,48706,1133.08,36782,(B) Regional Rural Bank,05/04/2016
Syndicate Bank,1764016,431981,2195997,55032.68,2052635,(B) Regional Rural Bank,05/04/2016
UCO Bank,1016018,35451,1051469,18761.75,536839,(B) Regional Rural Bank,05/04/2016
Union Bank of India,600931,165506,766437,3859.47,675745,(B) Regional Rural Bank,05/04/2016
United Bank of India,5386503,79542,5466045,100236.4,2410037,(B) Regional Rural Bank,05/04/2016
Regional Rural Banks Sub Total,33031013,5430607,38461620,651169.77,27226364,(B) Regional Rural Bank,05/04/2016
Axis Bank Ltd,126837,462822,589659,8183.49,541920,(C) Major Private Banks,05/04/2016
City Union Bank Ltd,14413,64163,78576,1050.77,69595,(C) Major Private Banks,05/04/2016
Federal Bank Ltd,353653,72070,425723,13789.45,385807,(C) Major Private Banks,05/04/2016
HDFC Bank Ltd,318968,1296856,1615824,59190.3,1615146,(C) Major Private Banks,05/04/2016
ICICI Bank Ltd,2694122,319162,3013284,16473.09,2977288,(C) Major Private Banks,05/04/2016
IndusInd Bank Ltd,36157,303482,339639,1885.83,324366,(C) Major Private Banks,05/04/2016
Jammu & Kashmir Bank Ltd,1171208,123425,1294633,34195.98,1125798,(C) Major Private Banks,05/04/2016
Karur Vysya Bank,19586,128114,147700,1155.92,136611,(C) Major Private Banks,05/04/2016
Kotak Mahindra Bank Ltd,92483,91835,184318,1655.51,113284,(C) Major Private Banks,05/04/2016
Lakshmi Vilas Bank Ltd,58427,102778,161205,1237.35,157966,(C) Major Private Banks,05/04/2016
RBL Bank Ltd,57604,35520,93124,345.63,93124,(C) Major Private Banks,05/04/2016
South Indian Bank Ltd,17329,85648,102977,1463.7,50492,(C) Major Private Banks,05/04/2016
Yes Bank Ltd,7601,5805,13406,131.83,11807,(C) Major Private Banks,05/04/2016
Major Private Banks Sub Total,4968388,3091680,8060068,140758.85,7603204,(C) Major Private Banks,05/04/2016
Public Sector Banks,95804244,75659465,171463709,2959563.47,144838857,Summary,05/11/2016
Regional Rural Banks,33140785,5443939,38584724,658983.18,27260546,Summary,05/11/2016
Private Sector Banks,4992743,3097950,8090693,143111.29,7613420,Summary,05/11/2016
Grand Total,133937772,84201354,218139126,3761657.94,179712823,Summary,05/11/2016
Allahabad Bank,3581392,965898,4547290,50609.16,4307476,(A) Public Sector Banks,05/11/2016
Andhra Bank,1468452,717333,2185785,22042.33,1916351,(A) Public Sector Banks,05/11/2016
Bank of Baroda,5629521,7224546,12854067,257261.06,12163984,(A) Public Sector Banks,05/11/2016
Bank of India,5349505,6394220,11743725,158349.58,11202433,(A) Public Sector Banks,05/11/2016
Bank of Maharashtra,2436670,812956,3249626,55139.96,1723509,(A) Public Sector Banks,05/11/2016
Bhartiya Mahila Bank,0,69111,69111,1521.74,69111,(A) Public Sector Banks,05/11/2016
Canara Bank,5157419,2339624,7497043,135191.27,7080481,(A) Public Sector Banks,05/11/2016
Central Bank of India,5938797,1545940,7484737,90179.3,5711347,(A) Public Sector Banks,05/11/2016
Corporation Bank,1300401,1299884,2600285,74976.33,2552702,(A) Public Sector Banks,05/11/2016
Dena Bank,2635287,999815,3635102,57935.27,2798000,(A) Public Sector Banks,05/11/2016
IDBI Bank Ltd.,578246,501064,1079310,9706.39,931455,(A) Public Sector Banks,05/11/2016
Indian Bank,2010759,1000906,3011665,33244.22,2978011,(A) Public Sector Banks,05/11/2016
Indian Overseas Bank,1428748,2433885,3862633,47805.53,3729205,(A) Public Sector Banks,05/11/2016
Oriental Bank of Commerce,2196614,1497818,3694432,308585.21,3571756,(A) Public Sector Banks,05/11/2016
Punjab & Sind Bank,850307,426157,1276464,46463.96,1266114,(A) Public Sector Banks,05/11/2016
Punjab National Bank,11173135,2091093,13264228,170430.84,9787290,(A) Public Sector Banks,05/11/2016
State Bank of Bikaner & Jaipur,1822469,1772330,3594799,95294.79,3198610,(A) Public Sector Banks,05/11/2016
State Bank of Hyderabad,996676,1810432,2807108,29660.57,2740078,(A) Public Sector Banks,05/11/2016
State Bank of India,23614001,30332419,53946420,475681.17,42393851,(A) Public Sector Banks,05/11/2016
State Bank of Mysore,739351,218446,957797,8275.3,807547,(A) Public Sector Banks,05/11/2016
State Bank of Patiala,426133,783033,1209166,17874.19,1142885,(A) Public Sector Banks,05/11/2016
State Bank of Travancore,68402,615011,683413,13781.52,327985,(A) Public Sector Banks,05/11/2016
Syndicate Bank,2789755,1232019,4021774,86006.29,3659090,(A) Public Sector Banks,05/11/2016
UCO Bank,3622862,3698437,7321299,174711.67,6930196,(A) Public Sector Banks,05/11/2016
Union Bank of India,4586834,1276494,5863328,86393.62,5567277,(A) Public Sector Banks,05/11/2016
United Bank of India,4486899,2950865,7437764,437468.45,4722973,(A) Public Sector Banks,05/11/2016
Vijaya Bank,915609,649729,1565338,14973.76,1559140,(A) Public Sector Banks,05/11/2016
Public Sector Banks Sub Total,95804244,75659465,171463709,2959563.47,144838857,(A) Public Sector Banks,05/11/2016
Allahabad Bank,651383,155551,806934,7962.49,763302,(B) Regional Rural Bank,05/11/2016
Andhra Bank,145672,13153,158825,1687.52,97821,(B) Regional Rural Bank,05/11/2016
Bank of Baroda,3167265,873586,4040851,69961.65,3426313,(B) Regional Rural Bank,05/11/2016
Bank of India,2329707,767347,3097054,29425.37,2654019,(B) Regional Rural Bank,05/11/2016
Bank of Maharashtra,381865,68491,450356,6392.65,450356,(B) Regional Rural Bank,05/11/2016
Canara Bank,561692,386560,948252,21408,948252,(B) Regional Rural Bank,05/11/2016
Central Bank of India,3587442,696893,4284335,93277.2,3990612,(B) Regional Rural Bank,05/11/2016
Dena Bank,287026,20362,307388,3157.37,285270,(B) Regional Rural Bank,05/11/2016
Indian Bank,341059,80061,421120,3717.24,345650,(B) Regional Rural Bank,05/11/2016
Indian Overseas Bank,886841,9717,896558,16131.31,616138,(B) Regional Rural Bank,05/11/2016
Jammu & Kashmir Bank Ltd,73613,14067,87680,3016.72,15499,(B) Regional Rural Bank,05/11/2016
Punjab & Sind Bank,13633,2713,16346,252.49,12100,(B) Regional Rural Bank,05/11/2016
Punjab National Bank,2951397,364013,3315410,66254.77,2309950,(B) Regional Rural Bank,05/11/2016
State Bank of Bikaner & Jaipur,1892532,42956,1935488,28136.88,1192162,(B) Regional Rural Bank,05/11/2016
State Bank of Hyderabad,773844,133682,907526,26066.3,508374,(B) Regional Rural Bank,05/11/2016
State Bank of India,5962433,1013918,6976351,98800.7,3595065,(B) Regional Rural Bank,05/11/2016
State Bank of Mysore,278017,84197,362214,1433.1,316156,(B) Regional Rural Bank,05/11/2016
State Bank of Patiala,48177,672,48849,1113.73,36782,(B) Regional Rural Bank,05/11/2016
Syndicate Bank,1770026,432584,2202610,56013.39,2052635,(B) Regional Rural Bank,05/11/2016
UCO Bank,1017807,35504,1053311,18770.07,536839,(B) Regional Rural Bank,05/11/2016
Union Bank of India,605916,167649,773565,3876.82,696656,(B) Regional Rural Bank,05/11/2016
United Bank of India,5413438,80263,5493701,102127.41,2410595,(B) Regional Rural Bank,05/11/2016
Regional Rural Banks Sub Total,33140785,5443939,38584724,658983.18,27260546,(B) Regional Rural Bank,05/11/2016
Axis Bank Ltd,126837,462822,589659,8183.49,541920,(C) Major Private Banks,05/11/2016
City Union Bank Ltd,14413,64163,78576,1050.77,69595,(C) Major Private Banks,05/11/2016
Federal Bank Ltd,354916,72310,427226,13796.84,386979,(C) Major Private Banks,05/11/2016
HDFC Bank Ltd,319855,1298573,1618428,61313.43,1617750,(C) Major Private Banks,05/11/2016
ICICI Bank Ltd,2712650,319606,3032256,16675.72,2977837,(C) Major Private Banks,05/11/2016
IndusInd Bank Ltd,36347,306487,342834,1852.65,327139,(C) Major Private Banks,05/11/2016
Jammu & Kashmir Bank Ltd,1172391,123535,1295926,34135.3,1126457,(C) Major Private Banks,05/11/2016
Karur Vysya Bank,19630,128740,148370,1192.29,136862,(C) Major Private Banks,05/11/2016
Kotak Mahindra Bank Ltd,92487,91838,184325,1695.78,113296,(C) Major Private Banks,05/11/2016
Lakshmi Vilas Bank Ltd,58496,102879,161375,1279.39,157966,(C) Major Private Banks,05/11/2016
RBL Bank Ltd,59787,35520,95307,339.35,95307,(C) Major Private Banks,05/11/2016
South Indian Bank Ltd,17329,85648,102977,1463.7,50492,(C) Major Private Banks,05/11/2016
Yes Bank Ltd,7605,5829,13434,132.58,11820,(C) Major Private Banks,05/11/2016
Major Private Banks Sub Total,4992743,3097950,8090693,143111.29,7613420,(C) Major Private Banks,05/11/2016
Public Sector Banks,96039473,75789527,171829000,2970168.97,144977512,Summary,05/18/2016
Regional Rural Banks,33267825,5463413,38731238,663632.7,27317791,Summary,05/18/2016
Private Sector Banks,4999376,3096211,8095587,143698.92,7619561,Summary,05/18/2016
Grand Total,134306674,84349151,218655825,3777500.59,179914864,Summary,05/18/2016
Allahabad Bank,3620686,967747,4588433,51185.43,4311807,(A) Public Sector Banks,05/18/2016
Andhra Bank,1469302,717460,2186762,22288.04,1916351,(A) Public Sector Banks,05/18/2016
Bank of Baroda,5667153,7265710,12932863,258946.18,12232221,(A) Public Sector Banks,05/18/2016
Bank of India,5383368,6433300,11816668,161923.2,11225560,(A) Public Sector Banks,05/18/2016
Bank of Maharashtra,2442347,813821,3256168,55481.73,1723509,(A) Public Sector Banks,05/18/2016
Bhartiya Mahila Bank,0,69120,69120,1533.86,69120,(A) Public Sector Banks,05/18/2016
Canara Bank,5165859,2345254,7511113,134760.35,7083971,(A) Public Sector Banks,05/18/2016
Central Bank of India,5952451,1548897,7501348,90843.4,5720206,(A) Public Sector Banks,05/18/2016
Corporation Bank,1300904,1300736,2601640,74353.34,2554013,(A) Public Sector Banks,05/18/2016
Dena Bank,2647138,1001996,3649134,58194.99,2798123,(A) Public Sector Banks,05/18/2016
IDBI Bank Ltd.,579836,502489,1082325,9726.61,931002,(A) Public Sector Banks,05/18/2016
Indian Bank,2011330,1001172,3012502,33100.04,2978866,(A) Public Sector Banks,05/18/2016
Indian Overseas Bank,1428748,2433885,3862633,47805.53,3729205,(A) Public Sector Banks,05/18/2016
Oriental Bank of Commerce,2200369,1499639,3700008,308139.84,3571666,(A) Public Sector Banks,05/18/2016
Punjab & Sind Bank,849861,426157,1276018,46613.81,1266114,(A) Public Sector Banks,05/18/2016
Punjab National Bank,11210429,2096727,13307156,171908.74,9792673,(A) Public Sector Banks,05/18/2016
State Bank of Bikaner & Jaipur,1830923,1779262,3610185,95690.85,3212341,(A) Public Sector Banks,05/18/2016
State Bank of Hyderabad,996676,1810432,2807108,30704.99,2740078,(A) Public Sector Banks,05/18/2016
State Bank of India,23614001,30332419,53946420,475681.17,42393851,(A) Public Sector Banks,05/18/2016
State Bank of Mysore,739927,218491,958418,8320.2,807547,(A) Public Sector Banks,05/18/2016
State Bank of Patiala,426145,783046,1209191,18159.33,1142898,(A) Public Sector Banks,05/18/2016
State Bank of Travancore,68496,615672,684168,13926.49,328012,(A) Public Sector Banks,05/18/2016
Syndicate Bank,2792124,1232529,4024653,84401.3,3659404,(A) Public Sector Banks,05/18/2016
UCO Bank,3622862,3698437,7321299,174711.67,6930196,(A) Public Sector Banks,05/18/2016
Union Bank of India,4595117,1278021,5873138,87159.54,5576509,(A) Public Sector Banks,05/18/2016
United Bank of India,4507812,2967379,7475191,439634.37,4723129,(A) Public Sector Banks,05/18/2016
Vijaya Bank,915609,649729,1565338,14973.96,1559140,(A) Public Sector Banks,05/18/2016
Public Sector Banks Sub Total,96039473,75789527,171829000,2970168.97,144977512,(A) Public Sector Banks,05/18/2016
Allahabad Bank,651636,155614,807250,7965.21,763354,(B) Regional Rural Bank,05/18/2016
Andhra Bank,145835,13169,159004,1692.11,97821,(B) Regional Rural Bank,05/18/2016
Bank of Baroda,3210518,881380,4091898,71163.36,3455496,(B) Regional Rural Bank,05/18/2016
Bank of India,2341553,770592,3112145,29517.52,2654019,(B) Regional Rural Bank,05/18/2016
Bank of Maharashtra,381865,68491,450356,6394.29,450356,(B) Regional Rural Bank,05/18/2016
Canara Bank,562608,387144,949752,21408.68,949752,(B) Regional Rural Bank,05/18/2016
Central Bank of India,3590270,698210,4288480,93408.89,3990858,(B) Regional Rural Bank,05/18/2016
Dena Bank,287149,20423,307572,3174.87,285270,(B) Regional Rural Bank,05/18/2016
Indian Bank,341074,80078,421152,3708.51,345650,(B) Regional Rural Bank,05/18/2016
Indian Overseas Bank,886841,9717,896558,16131.31,616138,(B) Regional Rural Bank,05/18/2016
Jammu & Kashmir Bank Ltd,73743,14081,87824,3034.55,15499,(B) Regional Rural Bank,05/18/2016
Punjab & Sind Bank,13647,2740,16387,259.54,12100,(B) Regional Rural Bank,05/18/2016
Punjab National Bank,2957237,364310,3321547,66721.31,2313279,(B) Regional Rural Bank,05/18/2016
State Bank of Bikaner & Jaipur,1902859,43163,1946022,28368.3,1207325,(B) Regional Rural Bank,05/18/2016
State Bank of Hyderabad,773844,133682,907526,26066.3,508374,(B) Regional Rural Bank,05/18/2016
State Bank of India,5999214,1017150,7016364,101163.36,3596011,(B) Regional Rural Bank,05/18/2016
State Bank of Mysore,278067,84221,362288,1433.48,316248,(B) Regional Rural Bank,05/18/2016
State Bank of Patiala,48305,672,48977,1128.73,36782,(B) Regional Rural Bank,05/18/2016
Syndicate Bank,1774782,433267,2208049,56137.75,2052635,(B) Regional Rural Bank,05/18/2016
UCO Bank,1017807,35504,1053311,18770.07,536839,(B) Regional Rural Bank,05/18/2016
Union Bank of India,609246,169191,778437,3897.11,702789,(B) Regional Rural Bank,05/18/2016
United Bank of India,5419725,80614,5500339,102087.46,2411196,(B) Regional Rural Bank,05/18/2016
Regional Rural Banks Sub Total,33267825,5463413,38731238,663632.7,27317791,(B) Regional Rural Bank,05/18/2016
Axis Bank Ltd,126837,462822,589659,8183.49,541920,(C) Major Private Banks,05/18/2016
City Union Bank Ltd,14413,64163,78576,1050.77,69595,(C) Major Private Banks,05/18/2016
Federal Bank Ltd,355609,72368,427977,13891.97,387437,(C) Major Private Banks,05/18/2016
HDFC Bank Ltd,319010,1293355,1612365,61291.42,1611691,(C) Major Private Banks,05/18/2016
ICICI Bank Ltd,2719235,319965,3039200,16658.64,2984781,(C) Major Private Banks,05/18/2016
IndusInd Bank Ltd,36485,309093,345578,2374.51,331426,(C) Major Private Banks,05/18/2016
Jammu & Kashmir Bank Ltd,1172391,123535,1295926,34135.3,1126679,(C) Major Private Banks,05/18/2016
Karur Vysya Bank,19646,129145,148791,1200.37,137151,(C) Major Private Banks,05/18/2016
Kotak Mahindra Bank Ltd,92487,91838,184325,1695.78,113296,(C) Major Private Banks,05/18/2016
Lakshmi Vilas Bank Ltd,58524,102918,161442,1307.62,157966,(C) Major Private Banks,05/18/2016
RBL Bank Ltd,59787,35520,95307,314.43,95307,(C) Major Private Banks,05/18/2016
South Indian Bank Ltd,17329,85648,102977,1463.7,50492,(C) Major Private Banks,05/18/2016
Yes Bank Ltd,7623,5841,13464,130.92,11820,(C) Major Private Banks,05/18/2016
Major Private Banks Sub Total,4999376,3096211,8095587,143698.92,7619561,(C) Major Private Banks,05/18/2016
Public Sector Banks,96345344,75988933,172334277,2996128.45,145133163,Summary,05/25/2016
Regional Rural Banks,33362156,5480446,38842602,667126.33,27378788,Summary,05/25/2016
Private Sector Banks,5014006,3101415,8115421,141510.69,7636344,Summary,05/25/2016
Grand Total,134721506,84570794,219292300,3804765.47,180148295,Summary,05/25/2016
Allahabad Bank,3645826,969049,4614875,51586.1,4316188,(A) Public Sector Banks,05/25/2016
Andhra Bank,1470147,717525,2187672,22181.9,1916351,(A) Public Sector Banks,05/25/2016
Bank of Baroda,5698401,7296706,12995107,261376.82,12285322,(A) Public Sector Banks,05/25/2016
Bank of India,5417838,6475420,11893258,164022.53,11259462,(A) Public Sector Banks,05/25/2016
Bank of Maharashtra,2448485,814863,3263348,55714.88,1723509,(A) Public Sector Banks,05/25/2016
Bhartiya Mahila Bank,0,69124,69124,1546.48,69124,(A) Public Sector Banks,05/25/2016
Canara Bank,5176529,2349643,7526172,133802.13,7089264,(A) Public Sector Banks,05/25/2016
Central Bank of India,5965778,1551738,7517516,91037.4,5728191,(A) Public Sector Banks,05/25/2016
Corporation Bank,1302088,1301245,2603333,74771.69,2555387,(A) Public Sector Banks,05/25/2016
Dena Bank,2654469,1003248,3657717,58303.33,2798123,(A) Public Sector Banks,05/25/2016
IDBI Bank Ltd.,583352,506241,1089593,9704.88,931166,(A) Public Sector Banks,05/25/2016
Indian Bank,1986015,999040,2985055,32444.07,2951675,(A) Public Sector Banks,05/25/2016
Indian Overseas Bank,1428748,2433885,3862633,47805.53,3729205,(A) Public Sector Banks,05/25/2016
Oriental Bank of Commerce,2204776,1501335,3706111,307502.8,3572822,(A) Public Sector Banks,05/25/2016
Punjab & Sind Bank,849212,426157,1275369,46613.81,1266114,(A) Public Sector Banks,05/25/2016
Punjab National Bank,11244989,2099901,13344890,174160.17,9821536,(A) Public Sector Banks,05/25/2016
State Bank of Bikaner & Jaipur,1838573,1784736,3623309,96567.56,3223312,(A) Public Sector Banks,05/25/2016
State Bank of Hyderabad,996676,1810432,2807108,30704.99,2740078,(A) Public Sector Banks,05/25/2016
State Bank of India,23747656,30462340,54209996,499667.16,42493477,(A) Public Sector Banks,05/25/2016
State Bank of Mysore,748474,218531,967005,8342.69,809515,(A) Public Sector Banks,05/25/2016
State Bank of Patiala,426158,783059,1209217,18484.34,1142911,(A) Public Sector Banks,05/25/2016
State Bank of Travancore,68989,616640,685629,13561.45,328776,(A) Public Sector Banks,05/25/2016
Syndicate Bank,2794097,1232712,4026809,81449.5,3659404,(A) Public Sector Banks,05/25/2016
UCO Bank,3631613,3685489,7317102,174431.78,6938242,(A) Public Sector Banks,05/25/2016
Union Bank of India,4610443,1280135,5890578,87171.4,5592275,(A) Public Sector Banks,05/25/2016
United Bank of India,4530911,2985065,7515976,438525.35,4728648,(A) Public Sector Banks,05/25/2016
Vijaya Bank,875101,614674,1489775,14647.71,1463086,(A) Public Sector Banks,05/25/2016
Public Sector Banks Sub Total,96345344,75988933,172334277,2996128.45,145133163,(A) Public Sector Banks,05/25/2016
Allahabad Bank,651816,155659,807475,7967.43,763395,(B) Regional Rural Bank,05/25/2016
Andhra Bank,145930,13204,159134,1696.23,97821,(B) Regional Rural Bank,05/25/2016
Bank of Baroda,3230285,884745,4115030,72375.48,3467473,(B) Regional Rural Bank,05/25/2016
Bank of India,2352319,774078,3126397,29591.17,2654019,(B) Regional Rural Bank,05/25/2016
Bank of Maharashtra,381865,68491,450356,6395.34,450356,(B) Regional Rural Bank,05/25/2016
Canara Bank,564606,388419,953025,21410.66,953025,(B) Regional Rural Bank,05/25/2016
Central Bank of India,3592438,699114,4291552,93046.91,3991138,(B) Regional Rural Bank,05/25/2016
Dena Bank,287290,20525,307815,3194.13,285270,(B) Regional Rural Bank,05/25/2016
Indian Bank,341421,81263,422684,3718.39,345650,(B) Regional Rural Bank,05/25/2016
Indian Overseas Bank,886841,9717,896558,16131.31,616138,(B) Regional Rural Bank,05/25/2016
Jammu & Kashmir Bank Ltd,73915,14114,88029,3038.79,15499,(B) Regional Rural Bank,05/25/2016
Punjab & Sind Bank,13665,2746,16411,256.64,12100,(B) Regional Rural Bank,05/25/2016
Punjab National Bank,2961072,366482,3327554,66998.41,2316037,(B) Regional Rural Bank,05/25/2016
State Bank of Bikaner & Jaipur,1914410,43403,1957813,28691.91,1225695,(B) Regional Rural Bank,05/25/2016
State Bank of Hyderabad,773844,133682,907526,26066.3,508374,(B) Regional Rural Bank,05/25/2016
State Bank of India,6022634,1019596,7042230,102682.01,3596613,(B) Regional Rural Bank,05/25/2016
State Bank of Mysore,278108,84238,362346,1433.89,316321,(B) Regional Rural Bank,05/25/2016
State Bank of Patiala,48477,672,49149,1138.92,36782,(B) Regional Rural Bank,05/25/2016
Syndicate Bank,1780757,434097,2214854,56496.96,2052635,(B) Regional Rural Bank,05/25/2016
UCO Bank,1027877,34794,1062671,18794.73,550139,(B) Regional Rural Bank,05/25/2016
Union Bank of India,612861,170793,783654,3913.28,713112,(B) Regional Rural Bank,05/25/2016
United Bank of India,5419725,80614,5500339,102087.46,2411196,(B) Regional Rural Bank,05/25/2016
Regional Rural Banks Sub Total,33362156,5480446,38842602,667126.33,27378788,(B) Regional Rural Bank,05/25/2016
Axis Bank Ltd,126837,462822,589659,8183.49,541920,(C) Major Private Banks,05/25/2016
City Union Bank Ltd,14413,64163,78576,1050.77,69595,(C) Major Private Banks,05/25/2016
Federal Bank Ltd,356339,72443,428782,13753.56,388158,(C) Major Private Banks,05/25/2016
HDFC Bank Ltd,322027,1301780,1623807,60175.91,1623129,(C) Major Private Banks,05/25/2016
ICICI Bank Ltd,2726772,320131,3046903,16557.14,2992484,(C) Major Private Banks,05/25/2016
IndusInd Bank Ltd,36570,304902,341472,1684.32,327016,(C) Major Private Banks,05/25/2016
Jammu & Kashmir Bank Ltd,1175568,123770,1299338,34050.71,1127544,(C) Major Private Banks,05/25/2016
Karur Vysya Bank,19683,129487,149170,1206.45,137617,(C) Major Private Banks,05/25/2016
Kotak Mahindra Bank Ltd,92487,91838,184325,1695.78,113296,(C) Major Private Banks,05/25/2016
Lakshmi Vilas Bank Ltd,58545,103057,161602,1271.45,157966,(C) Major Private Banks,05/25/2016
RBL Bank Ltd,59787,35520,95307,288.68,95307,(C) Major Private Banks,05/25/2016
South Indian Bank Ltd,17329,85648,102977,1463.7,50492,(C) Major Private Banks,05/25/2016
Yes Bank Ltd,7649,5854,13503,128.73,11820,(C) Major Private Banks,05/25/2016
Major Private Banks Sub Total,5014006,3101415,8115421,141510.69,7636344,(C) Major Private Banks,05/25/2016
Public Sector Banks,96681776,76292531,172974307,3014372.6,145790318,Summary,06/01/2016
Regional Rural Banks,33527212,5496156,39023368,685987.03,27420767,Summary,06/01/2016
Private Sector Banks,5039943,3100178,8140121,140820.19,7656665,Summary,06/01/2016
Grand Total,135248931,84888865,220137796,3841179.82,180867750,Summary,06/01/2016
Allahabad Bank,3676036,970688,4646724,53268.99,4319075,(A) Public Sector Banks,06/01/2016
Andhra Bank,1470977,717524,2188501,22356.13,1916466,(A) Public Sector Banks,06/01/2016
Bank of Baroda,5734190,7337320,13071510,263587.31,12352115,(A) Public Sector Banks,06/01/2016
Bank of India,5550184,6642580,12192764,169069.56,11777039,(A) Public Sector Banks,06/01/2016
Bank of Maharashtra,2452752,815311,3268063,55590.79,1723509,(A) Public Sector Banks,06/01/2016
Bhartiya Mahila Bank,0,69130,69130,1565.91,69130,(A) Public Sector Banks,06/01/2016
Canara Bank,5187508,2353665,7541173,133510.71,7094603,(A) Public Sector Banks,06/01/2016
Central Bank of India,5980474,1554030,7534504,93007.65,5737127,(A) Public Sector Banks,06/01/2016
Corporation Bank,1302614,1301775,2604389,73945.94,2555886,(A) Public Sector Banks,06/01/2016
Dena Bank,2659670,1004011,3663681,57208.23,2798123,(A) Public Sector Banks,06/01/2016
IDBI Bank Ltd.,585291,508324,1093615,9627.42,930838,(A) Public Sector Banks,06/01/2016
Indian Bank,1953161,994960,2948121,32306.39,2915365,(A) Public Sector Banks,06/01/2016
Indian Overseas Bank,1428748,2433885,3862633,47805.53,3729205,(A) Public Sector Banks,06/01/2016
Oriental Bank of Commerce,2212412,1500051,3712463,308383.98,3573969,(A) Public Sector Banks,06/01/2016
Punjab & Sind Bank,845028,429934,1274962,46504.99,1266114,(A) Public Sector Banks,06/01/2016
Punjab National Bank,11267755,2103036,13370791,173381.68,9834061,(A) Public Sector Banks,06/01/2016
State Bank of Bikaner & Jaipur,1847087,1790717,3637804,98909.59,3232951,(A) Public Sector Banks,06/01/2016
State Bank of Hyderabad,996676,1810432,2807108,31139.15,2740078,(A) Public Sector Banks,06/01/2016
State Bank of India,23806005,30510955,54316960,499676.91,42528827,(A) Public Sector Banks,06/01/2016
State Bank of Mysore,751105,218584,969689,8302.5,811739,(A) Public Sector Banks,06/01/2016
State Bank of Patiala,426170,783071,1209241,18606.54,1142925,(A) Public Sector Banks,06/01/2016
State Bank of Travancore,69113,617862,686975,13557.53,328986,(A) Public Sector Banks,06/01/2016
Syndicate Bank,2795515,1232909,4028424,80355.07,3659404,(A) Public Sector Banks,06/01/2016
UCO Bank,3638263,3691516,7329779,176627.55,6938223,(A) Public Sector Banks,06/01/2016
Union Bank of India,4619357,1281457,5900814,86987.15,5594733,(A) Public Sector Banks,06/01/2016
United Bank of India,4556584,3004130,7560714,444436.6,4756350,(A) Public Sector Banks,06/01/2016
Vijaya Bank,869101,614674,1483775,14652.81,1463477,(A) Public Sector Banks,06/01/2016
Public Sector Banks Sub Total,96681776,76292531,172974307,3014372.6,145790318,(A) Public Sector Banks,06/01/2016
Allahabad Bank,652006,155705,807711,7969.35,763434,(B) Regional Rural Bank,06/01/2016
Andhra Bank,146036,13207,159243,1745.51,97821,(B) Regional Rural Bank,06/01/2016
Bank of Baroda,3248817,888692,4137509,73621.97,3479290,(B) Regional Rural Bank,06/01/2016
Bank of India,2363295,777241,3140536,29655.91,2654019,(B) Regional Rural Bank,06/01/2016
Bank of Maharashtra,381865,68491,450356,6396.14,450356,(B) Regional Rural Bank,06/01/2016
Canara Bank,566099,389377,955476,21414.9,955476,(B) Regional Rural Bank,06/01/2016
Central Bank of India,3594513,700016,4294529,92933.02,3991290,(B) Regional Rural Bank,06/01/2016
Dena Bank,287474,20597,308071,3212.04,285792,(B) Regional Rural Bank,06/01/2016
Indian Bank,341597,80916,422513,3641.07,345650,(B) Regional Rural Bank,06/01/2016
Indian Overseas Bank,886841,9717,896558,16131.31,616138,(B) Regional Rural Bank,06/01/2016
Jammu & Kashmir Bank Ltd,74099,14191,88290,3079.32,15499,(B) Regional Rural Bank,06/01/2016
Punjab & Sind Bank,13674,2752,16426,256.66,12100,(B) Regional Rural Bank,06/01/2016
Punjab National Bank,2964263,366912,3331175,67414.73,2317444,(B) Regional Rural Bank,06/01/2016
State Bank of Bikaner & Jaipur,1926050,43658,1969708,28965.77,1238962,(B) Regional Rural Bank,06/01/2016
State Bank of Hyderabad,773844,133682,907526,26066.3,508374,(B) Regional Rural Bank,06/01/2016
State Bank of India,6050404,1022767,7073171,114804.24,3603884,(B) Regional Rural Bank,06/01/2016
State Bank of Mysore,278147,84259,362406,1434.71,316374,(B) Regional Rural Bank,06/01/2016
State Bank of Patiala,48589,672,49261,1145.45,36782,(B) Regional Rural Bank,06/01/2016
Syndicate Bank,1784569,434840,2219409,56819.35,2052635,(B) Regional Rural Bank,06/01/2016
UCO Bank,1027877,34794,1062671,18794.73,550139,(B) Regional Rural Bank,06/01/2016
Union Bank of India,615866,172180,788046,3939.4,716569,(B) Regional Rural Bank,06/01/2016
United Bank of India,5501287,81490,5582777,106545.16,2412739,(B) Regional Rural Bank,06/01/2016
Regional Rural Banks Sub Total,33527212,5496156,39023368,685987.03,27420767,(B) Regional Rural Bank,06/01/2016
Axis Bank Ltd,126837,462822,589659,8183.49,541920,(C) Major Private Banks,06/01/2016
City Union Bank Ltd,14413,64163,78576,1050.77,69595,(C) Major Private Banks,06/01/2016
Federal Bank Ltd,357016,72486,429502,13890.3,388944,(C) Major Private Banks,06/01/2016
HDFC Bank Ltd,323812,1303991,1627803,60855.18,1627125,(C) Major Private Banks,06/01/2016
ICICI Bank Ltd,2731807,320581,3052388,16629.35,2997969,(C) Major Private Banks,06/01/2016
IndusInd Bank Ltd,36897,316859,353756,0,336358,(C) Major Private Banks,06/01/2016
Jammu & Kashmir Bank Ltd,1176882,123858,1300740,34248.54,1127950,(C) Major Private Banks,06/01/2016
Karur Vysya Bank,19761,130008,149769,1202.57,137892,(C) Major Private Banks,06/01/2016
Kotak Mahindra Bank Ltd,109122,75232,184354,1671.63,113327,(C) Major Private Banks,06/01/2016
Lakshmi Vilas Bank Ltd,58624,103146,161770,1225.15,157966,(C) Major Private Banks,06/01/2016
RBL Bank Ltd,59787,35520,95307,272.88,95307,(C) Major Private Banks,06/01/2016
South Indian Bank Ltd,17329,85648,102977,1463.7,50492,(C) Major Private Banks,06/01/2016
Yes Bank Ltd,7656,5864,13520,126.61,11820,(C) Major Private Banks,06/01/2016
Major Private Banks Sub Total,5039943,3100178,8140121,140820.19,7656665,(C) Major Private Banks,06/01/2016
Public Sector Banks,96953486,76489156,173442642,3046204.95,145964969,Summary,06/08/2016
Regional Rural Banks,33664607,5510977,39175584,663951.34,27549560,Summary,06/08/2016
Private Sector Banks,5033481,3124833,8158314,143911.89,7670156,Summary,06/08/2016
Grand Total,135651574,85124966,220776540,3854068.18,181184685,Summary,06/08/2016
Allahabad Bank,3712161,972578,4684739,54037.34,4322484,(A) Public Sector Banks,06/08/2016
Andhra Bank,1474281,717984,2192265,22637.35,1916500,(A) Public Sector Banks,06/08/2016
Bank of Baroda,5770554,7379654,13150208,266650.86,12420873,(A) Public Sector Banks,06/08/2016
Bank of India,5589523,6697308,12286831,171703.25,11812285,(A) Public Sector Banks,06/08/2016
Bank of Maharashtra,2460761,817781,3278542,56802.36,1723509,(A) Public Sector Banks,06/08/2016
Bhartiya Mahila Bank,0,69130,69130,1564.38,66468,(A) Public Sector Banks,06/08/2016
Canara Bank,5199705,2357867,7557572,135051.51,7101144,(A) Public Sector Banks,06/08/2016
Central Bank of India,5993697,1557667,7551364,93761.92,5744357,(A) Public Sector Banks,06/08/2016
Corporation Bank,1304123,1302151,2606274,75021.8,2557153,(A) Public Sector Banks,06/08/2016
Dena Bank,2671641,1005470,3677111,59742.87,2798123,(A) Public Sector Banks,06/08/2016
IDBI Bank Ltd.,589056,511252,1100308,9661.92,931469,(A) Public Sector Banks,06/08/2016
Indian Bank,1897946,983922,2881868,32263.51,2850374,(A) Public Sector Banks,06/08/2016
Indian Overseas Bank,1428748,2433885,3862633,47805.53,3729205,(A) Public Sector Banks,06/08/2016
Oriental Bank of Commerce,2216950,1501775,3718725,312377.69,3575723,(A) Public Sector Banks,06/08/2016
Punjab & Sind Bank,845081,430434,1275515,47189.79,1266114,(A) Public Sector Banks,06/08/2016
Punjab National Bank,11307482,2108904,13416386,176800.44,9851358,(A) Public Sector Banks,06/08/2016
State Bank of Bikaner & Jaipur,1856290,1796734,3653024,98897.86,3249538,(A) Public Sector Banks,06/08/2016
State Bank of Hyderabad,996676,1810432,2807108,31139.15,2740078,(A) Public Sector Banks,06/08/2016
State Bank of India,23857858,30558991,54416849,499688.35,42570960,(A) Public Sector Banks,06/08/2016
State Bank of Mysore,752615,218695,971310,8495.94,812538,(A) Public Sector Banks,06/08/2016
State Bank of Patiala,426183,783084,1209267,18724.15,1142938,(A) Public Sector Banks,06/08/2016
State Bank of Travancore,69259,618716,687975,13681.01,329335,(A) Public Sector Banks,06/08/2016
Syndicate Bank,2798160,1234131,4032291,81296.62,3659404,(A) Public Sector Banks,06/08/2016
UCO Bank,3645675,3697447,7343122,177395.74,6939353,(A) Public Sector Banks,06/08/2016
Union Bank of India,4632232,1283122,5915354,87700.24,5607989,(A) Public Sector Banks,06/08/2016
United Bank of India,4587728,3025184,7612912,451461.4,4788318,(A) Public Sector Banks,06/08/2016
Vijaya Bank,869101,614858,1483959,14651.96,1457379,(A) Public Sector Banks,06/08/2016
Public Sector Banks Sub Total,96953486,76489156,173442642,3046204.95,145964969,(A) Public Sector Banks,06/08/2016
Allahabad Bank,652236,155759,807995,7972.48,763492,(B) Regional Rural Bank,06/08/2016
Andhra Bank,146898,13236,160134,1745.51,142962,(B) Regional Rural Bank,06/08/2016
Bank of Baroda,3267622,893029,4160651,74392.49,3491794,(B) Regional Rural Bank,06/08/2016
Bank of India,2371885,779543,3151428,29740.33,2654019,(B) Regional Rural Bank,06/08/2016
Bank of Maharashtra,381865,68491,450356,6397.09,450356,(B) Regional Rural Bank,06/08/2016
Canara Bank,567054,390023,957077,21418.99,957077,(B) Regional Rural Bank,06/08/2016
Central Bank of India,3596637,701133,4297770,93785.26,3991461,(B) Regional Rural Bank,06/08/2016
Dena Bank,287665,20678,308343,3236.08,285792,(B) Regional Rural Bank,06/08/2016
Indian Bank,341750,80531,422281,3635.92,345650,(B) Regional Rural Bank,06/08/2016
Indian Overseas Bank,886841,9717,896558,16131.31,616138,(B) Regional Rural Bank,06/08/2016
Jammu & Kashmir Bank Ltd,74279,14287,88566,3125.86,15499,(B) Regional Rural Bank,06/08/2016
Punjab & Sind Bank,13695,2759,16454,260.72,12100,(B) Regional Rural Bank,06/08/2016
Punjab National Bank,2969461,365717,3335178,68013.06,2353114,(B) Regional Rural Bank,06/08/2016
State Bank of Bikaner & Jaipur,1939549,44000,1983549,29362.21,1259832,(B) Regional Rural Bank,06/08/2016
State Bank of Hyderabad,773844,133682,907526,26066.3,508374,(B) Regional Rural Bank,06/08/2016
State Bank of India,6080284,1027053,7107337,106185.92,3604703,(B) Regional Rural Bank,06/08/2016
State Bank of Mysore,278195,84277,362472,1435.42,316411,(B) Regional Rural Bank,06/08/2016
State Bank of Patiala,48750,672,49422,1174.74,36783,(B) Regional Rural Bank,06/08/2016
Syndicate Bank,1795829,436817,2232646,57679.27,2052635,(B) Regional Rural Bank,06/08/2016
UCO Bank,1057440,33907,1091347,19.39,557167,(B) Regional Rural Bank,06/08/2016
Union Bank of India,619581,173779,793360,3962.53,720681,(B) Regional Rural Bank,06/08/2016
United Bank of India,5513247,81887,5595134,108210.47,2413520,(B) Regional Rural Bank,06/08/2016
Regional Rural Banks Sub Total,33664607,5510977,39175584,663951.34,27549560,(B) Regional Rural Bank,06/08/2016
Axis Bank Ltd,126837,462822,589659,8183.49,541920,(C) Major Private Banks,06/08/2016
City Union Bank Ltd,14413,64163,78576,1050.77,69595,(C) Major Private Banks,06/08/2016
Federal Bank Ltd,357794,72586,430380,13983.18,389742,(C) Major Private Banks,06/08/2016
HDFC Bank Ltd,326997,1308166,1635163,62987.44,1634485,(C) Major Private Banks,06/08/2016
ICICI Bank Ltd,2734772,321040,3055812,15401.29,2994917,(C) Major Private Banks,06/08/2016
IndusInd Bank Ltd,37095,320914,358009,1850.26,343403,(C) Major Private Banks,06/08/2016
Jammu & Kashmir Bank Ltd,1178519,123957,1302476,34569.51,1128341,(C) Major Private Banks,06/08/2016
Karur Vysya Bank,19761,130008,149769,1202.57,137892,(C) Major Private Banks,06/08/2016
Kotak Mahindra Bank Ltd,93610,90754,184364,1595.53,113327,(C) Major Private Banks,06/08/2016
Lakshmi Vilas Bank Ltd,58879,103347,162226,1232.02,158641,(C) Major Private Banks,06/08/2016
RBL Bank Ltd,59787,35520,95307,257.99,95307,(C) Major Private Banks,06/08/2016
South Indian Bank Ltd,17329,85648,102977,1463.7,50492,(C) Major Private Banks,06/08/2016
Yes Bank Ltd,7688,5908,13596,134.13,12094,(C) Major Private Banks,06/08/2016
Major Private Banks Sub Total,5033481,3124833,8158314,143911.89,7670156,(C) Major Private Banks,06/08/2016
Public Sector Banks,97058051,76647506,173705557,3062852.97,146027080,Summary,06/15/2016
Regional Rural Banks,33800583,5526204,39326787,672064.22,27756227,Summary,06/15/2016
Private Sector Banks,5058585,3118688,8177273,143061.48,7687280,Summary,06/15/2016
Grand Total,135917219,85292398,221209617,3877978.67,181470587,Summary,06/15/2016
Allahabad Bank,3739966,974633,4714599,54982.87,4325496,(A) Public Sector Banks,06/15/2016
Andhra Bank,1477199,718393,2195592,22459.82,1916525,(A) Public Sector Banks,06/15/2016
Bank of Baroda,5806640,7423065,13229705,269845.07,12489979,(A) Public Sector Banks,06/15/2016
Bank of India,5618112,6740125,12358237,173411.42,11849938,(A) Public Sector Banks,06/15/2016
Bank of Maharashtra,2465261,818735,3283996,56830.47,1723509,(A) Public Sector Banks,06/15/2016
Bhartiya Mahila Bank,0,69132,69132,1575.26,69132,(A) Public Sector Banks,06/15/2016
Canara Bank,5208274,2361544,7569818,134767.38,7107608,(A) Public Sector Banks,06/15/2016
Central Bank of India,6006011,1559710,7565721,94569.39,5751661,(A) Public Sector Banks,06/15/2016
Corporation Bank,1306158,1304286,2610444,74573.47,2557843,(A) Public Sector Banks,06/15/2016
Dena Bank,2682101,1006475,3688576,59359.05,2798123,(A) Public Sector Banks,06/15/2016
IDBI Bank Ltd.,591976,511581,1103557,9741.61,931281,(A) Public Sector Banks,06/15/2016
Indian Bank,1899625,984546,2884171,31855.72,2850374,(A) Public Sector Banks,06/15/2016
Indian Overseas Bank,1428748,2433885,3862633,47805.53,3730544,(A) Public Sector Banks,06/15/2016
Oriental Bank of Commerce,2220216,1504099,3724315,312043.18,3577267,(A) Public Sector Banks,06/15/2016
Punjab & Sind Bank,843587,429311,1272898,47530.47,1266114,(A) Public Sector Banks,06/15/2016
Punjab National Bank,11333876,2112491,13446367,178604.02,9861591,(A) Public Sector Banks,06/15/2016
State Bank of Bikaner & Jaipur,1862909,1801492,3664401,99838.29,3256147,(A) Public Sector Banks,06/15/2016
State Bank of Hyderabad,996688,1810375,2807063,30599.17,2740078,(A) Public Sector Banks,06/15/2016
State Bank of India,23911041,30603722,54514763,499698.78,42609120,(A) Public Sector Banks,06/15/2016
State Bank of Mysore,753775,218793,972568,8609.98,813116,(A) Public Sector Banks,06/15/2016
State Bank of Patiala,426196,783097,1209293,18868.42,1142951,(A) Public Sector Banks,06/15/2016
State Bank of Travancore,69513,620742,690255,13556.06,329394,(A) Public Sector Banks,06/15/2016
Syndicate Bank,2801061,1234633,4035694,82226.23,3662205,(A) Public Sector Banks,06/15/2016
UCO Bank,3652022,3701718,7353740,178062.47,6941019,(A) Public Sector Banks,06/15/2016
Union Bank of India,4486453,1269126,5755579,88457.38,5457400,(A) Public Sector Banks,06/15/2016
United Bank of India,4607542,3040893,7648435,458329.58,4810075,(A) Public Sector Banks,06/15/2016
Vijaya Bank,863101,610904,1474005,14651.86,1458590,(A) Public Sector Banks,06/15/2016
Public Sector Banks Sub Total,97058051,76647506,173705557,3062852.97,146027080,(A) Public Sector Banks,06/15/2016
Allahabad Bank,652426,155804,808230,7974.32,763552,(B) Regional Rural Bank,06/15/2016
Andhra Bank,147398,13243,160641,1745.67,142962,(B) Regional Rural Bank,06/15/2016
Bank of Baroda,3284686,896571,4181257,75583.38,3502575,(B) Regional Rural Bank,06/15/2016
Bank of India,2385789,780565,3166354,29848.63,2654019,(B) Regional Rural Bank,06/15/2016
Bank of Maharashtra,381865,68491,450356,6398.3,450356,(B) Regional Rural Bank,06/15/2016
Canara Bank,568204,390775,958979,21424.87,958979,(B) Regional Rural Bank,06/15/2016
Central Bank of India,3600241,702197,4302438,95509.86,3991721,(B) Regional Rural Bank,06/15/2016
Dena Bank,287807,20724,308531,3250.4,285792,(B) Regional Rural Bank,06/15/2016
Indian Bank,342059,80500,422559,3672.41,345650,(B) Regional Rural Bank,06/15/2016
Indian Overseas Bank,886841,9717,896558,16131.31,616138,(B) Regional Rural Bank,06/15/2016
Jammu & Kashmir Bank Ltd,74443,14313,88756,3150.08,15499,(B) Regional Rural Bank,06/15/2016
Punjab & Sind Bank,13725,2759,16484,260.74,12100,(B) Regional Rural Bank,06/15/2016
Punjab National Bank,2970019,366058,3336077,68448.39,2369154,(B) Regional Rural Bank,06/15/2016
State Bank of Bikaner & Jaipur,1947657,44202,1991859,29624.4,1269299,(B) Regional Rural Bank,06/15/2016
State Bank of Hyderabad,773844,133682,907526,26066.3,508374,(B) Regional Rural Bank,06/15/2016
State Bank of India,6098268,1030328,7128596,107677.53,3772135,(B) Regional Rural Bank,06/15/2016
State Bank of Mysore,278236,84293,362529,1436.07,316475,(B) Regional Rural Bank,06/15/2016
State Bank of Patiala,48850,672,49522,1188.45,36783,(B) Regional Rural Bank,06/15/2016
Syndicate Bank,1797909,436817,2234726,57831.16,2052635,(B) Regional Rural Bank,06/15/2016
UCO Bank,1058663,38054,1096717,19.39,557167,(B) Regional Rural Bank,06/15/2016
Union Bank of India,620237,174075,794312,3967.92,720705,(B) Regional Rural Bank,06/15/2016
United Bank of India,5581416,82364,5663780,110854.64,2414157,(B) Regional Rural Bank,06/15/2016
Regional Rural Banks Sub Total,33800583,5526204,39326787,672064.22,27756227,(B) Regional Rural Bank,06/15/2016
Axis Bank Ltd,126837,462822,589659,8183.49,541920,(C) Major Private Banks,06/15/2016
City Union Bank Ltd,14413,64163,78576,1050.77,69595,(C) Major Private Banks,06/15/2016
Federal Bank Ltd,359130,72749,431879,13760.56,390969,(C) Major Private Banks,06/15/2016
HDFC Bank Ltd,330084,1312890,1642974,61850.79,1642296,(C) Major Private Banks,06/15/2016
ICICI Bank Ltd,2737657,321306,3058963,15550.96,2998068,(C) Major Private Banks,06/15/2016
IndusInd Bank Ltd,37316,323883,361199,2069.89,346371,(C) Major Private Banks,06/15/2016
Jammu & Kashmir Bank Ltd,1180256,124071,1304327,34650.59,1129047,(C) Major Private Banks,06/15/2016
Karur Vysya Bank,20065,131122,151187,1176.29,139131,(C) Major Private Banks,06/15/2016
Kotak Mahindra Bank Ltd,109142,75233,184375,1696.43,113349,(C) Major Private Banks,06/15/2016
Lakshmi Vilas Bank Ltd,58879,103347,162226,1232.02,158641,(C) Major Private Banks,06/15/2016
RBL Bank Ltd,59787,35520,95307,243.07,95307,(C) Major Private Banks,06/15/2016
South Indian Bank Ltd,17329,85648,102977,1463.7,50492,(C) Major Private Banks,06/15/2016
Yes Bank Ltd,7690,5934,13624,132.92,12094,(C) Major Private Banks,06/15/2016
Major Private Banks Sub Total,5058585,3118688,8177273,143061.48,7687280,(C) Major Private Banks,06/15/2016
Public Sector Banks,97440993,76876195,174317188,3093895.88,146281348,Summary,06/22/2016
Regional Rural Banks,33862124,5461748,39323872,677073.8,27763824,Summary,06/22/2016
Private Sector Banks,5066636,3126235,8192871,144316.2,7699936,Summary,06/22/2016
Grand Total,136369753,85464178,221833931,3915285.88,181745108,Summary,06/22/2016
Allahabad Bank,3770030,976930,4746960,55874.12,4330360,(A) Public Sector Banks,06/22/2016
Andhra Bank,1480431,718967,2199398,22515.77,1916605,(A) Public Sector Banks,06/22/2016
Bank of Baroda,5845594,7470860,13316454,270972.16,12558426,(A) Public Sector Banks,06/22/2016
Bank of India,5676343,6817099,12493442,176205.37,11926291,(A) Public Sector Banks,06/22/2016
Bank of Maharashtra,2472356,820183,3292539,57185.05,1723509,(A) Public Sector Banks,06/22/2016
Bhartiya Mahila Bank,0,69130,69130,1591.81,69130,(A) Public Sector Banks,06/22/2016
Canara Bank,5219250,2363853,7583103,134550.23,7115067,(A) Public Sector Banks,06/22/2016
Central Bank of India,6022829,1561764,7584593,95103.93,5762678,(A) Public Sector Banks,06/22/2016
Corporation Bank,1308046,1305334,2613380,76529.76,2558786,(A) Public Sector Banks,06/22/2016
Dena Bank,2694783,1005671,3700454,58903.32,2798123,(A) Public Sector Banks,06/22/2016
IDBI Bank Ltd.,595098,511541,1106639,10733.54,930917,(A) Public Sector Banks,06/22/2016
Indian Bank,1908523,986841,2895364,31377.86,2861483,(A) Public Sector Banks,06/22/2016
Indian Overseas Bank,1428748,2433885,3862633,47805.53,3730544,(A) Public Sector Banks,06/22/2016
Oriental Bank of Commerce,2224924,1505848,3730772,310389.73,3618462,(A) Public Sector Banks,06/22/2016
Punjab & Sind Bank,838953,426628,1265581,47695.05,1258620,(A) Public Sector Banks,06/22/2016
Punjab National Bank,11360547,2114315,13474862,182041.39,9861746,(A) Public Sector Banks,06/22/2016
State Bank of Bikaner & Jaipur,1870727,1807569,3678296,99066.32,3262773,(A) Public Sector Banks,06/22/2016
State Bank of Hyderabad,996688,1810375,2807063,30524.01,2740078,(A) Public Sector Banks,06/22/2016
State Bank of India,23991552,30675564,54667116,519825.95,42661241,(A) Public Sector Banks,06/22/2016
State Bank of Mysore,755552,218895,974447,8583.06,813944,(A) Public Sector Banks,06/22/2016
State Bank of Patiala,426209,783111,1209320,19385.67,1142965,(A) Public Sector Banks,06/22/2016
State Bank of Travancore,69783,623003,692786,13283.97,336115,(A) Public Sector Banks,06/22/2016
Syndicate Bank,2805314,1235842,4041156,82470.33,3662958,(A) Public Sector Banks,06/22/2016
UCO Bank,3664008,3709308,7373316,178094.09,6941019,(A) Public Sector Banks,06/22/2016
Union Bank of India,4480087,1268065,5748152,88939.75,5448513,(A) Public Sector Banks,06/22/2016
United Bank of India,4671517,3064710,7736227,459600.85,4810075,(A) Public Sector Banks,06/22/2016
Vijaya Bank,863101,590904,1454005,14647.26,1440920,(A) Public Sector Banks,06/22/2016
Public Sector Banks Sub Total,97440993,76876195,174317188,3093895.88,146281348,(A) Public Sector Banks,06/22/2016
Allahabad Bank,652617,155850,808467,7978.21,763658,(B) Regional Rural Bank,06/22/2016
Andhra Bank,147846,13265,161111,1745.82,142962,(B) Regional Rural Bank,06/22/2016
Bank of Baroda,3301263,900168,4201431,75795.31,3509790,(B) Regional Rural Bank,06/22/2016
Bank of India,2395813,783596,3179409,29979.84,2654019,(B) Regional Rural Bank,06/22/2016
Bank of Maharashtra,381865,68491,450356,6399.14,450356,(B) Regional Rural Bank,06/22/2016
Canara Bank,570310,392087,962397,21425.59,962397,(B) Regional Rural Bank,06/22/2016
Central Bank of India,3604035,703172,4307207,95971.85,3992031,(B) Regional Rural Bank,06/22/2016
Dena Bank,287878,20752,308630,3282.19,285792,(B) Regional Rural Bank,06/22/2016
Indian Bank,342623,80556,423179,3696.12,345650,(B) Regional Rural Bank,06/22/2016
Indian Overseas Bank,886841,9717,896558,16131.31,616138,(B) Regional Rural Bank,06/22/2016
Jammu & Kashmir Bank Ltd,74626,14375,89001,3145.16,16105,(B) Regional Rural Bank,06/22/2016
Punjab & Sind Bank,14130,2949,17079,276.22,12100,(B) Regional Rural Bank,06/22/2016
Punjab National Bank,2971839,365000,3336839,69218.89,2384429,(B) Regional Rural Bank,06/22/2016
State Bank of Bikaner & Jaipur,1958171,44404,2002575,29988.21,1282153,(B) Regional Rural Bank,06/22/2016
State Bank of Hyderabad,773844,133682,907526,26066.3,508374,(B) Regional Rural Bank,06/22/2016
State Bank of India,6080033,956254,7036287,108354.87,3735140,(B) Regional Rural Bank,06/22/2016
State Bank of Mysore,278291,84316,362607,1436.65,316557,(B) Regional Rural Bank,06/22/2016
State Bank of Patiala,48889,672,49561,1205.66,36783,(B) Regional Rural Bank,06/22/2016
Syndicate Bank,1816018,436817,2252835,58445.87,2056600,(B) Regional Rural Bank,06/22/2016
UCO Bank,1059027,38061,1097088,19.39,557167,(B) Regional Rural Bank,06/22/2016
Union Bank of India,620419,174186,794605,3976.45,720746,(B) Regional Rural Bank,06/22/2016
United Bank of India,5595746,83378,5679124,112534.74,2414877,(B) Regional Rural Bank,06/22/2016
Regional Rural Banks Sub Total,33862124,5461748,39323872,677073.8,27763824,(B) Regional Rural Bank,06/22/2016
Axis Bank Ltd,126837,462822,589659,8183.49,541920,(C) Major Private Banks,06/22/2016
City Union Bank Ltd,14413,64163,78576,1050.77,69595,(C) Major Private Banks,06/22/2016
Federal Bank Ltd,360607,72891,433498,13715.93,392196,(C) Major Private Banks,06/22/2016
HDFC Bank Ltd,332490,1316757,1649247,63176.51,1648569,(C) Major Private Banks,06/22/2016
ICICI Bank Ltd,2740174,321628,3061802,15917.26,3000907,(C) Major Private Banks,06/22/2016
IndusInd Bank Ltd,37456,326129,363585,1705.68,348078,(C) Major Private Banks,06/22/2016
Jammu & Kashmir Bank Ltd,1182051,124187,1306238,34628.29,1129047,(C) Major Private Banks,06/22/2016
Karur Vysya Bank,20242,131531,151773,1174.24,139728,(C) Major Private Banks,06/22/2016
Kotak Mahindra Bank Ltd,108430,75218,183648,1696.03,113362,(C) Major Private Banks,06/22/2016
Lakshmi Vilas Bank Ltd,59119,103782,162901,1243.96,158641,(C) Major Private Banks,06/22/2016
RBL Bank Ltd,59787,35520,95307,226.71,95307,(C) Major Private Banks,06/22/2016
South Indian Bank Ltd,17329,85648,102977,1463.7,50492,(C) Major Private Banks,06/22/2016
Yes Bank Ltd,7701,5959,13660,133.62,12094,(C) Major Private Banks,06/22/2016
Major Private Banks Sub Total,5066636,3126235,8192871,144316.2,7699936,(C) Major Private Banks,06/22/2016
Public Sector Banks,97824301,77151055,174975356,3099091.98,146574018,Summary,06/29/2016
Regional Rural Banks,34001778,5592707,39594485,678814.14,27873431,Summary,06/29/2016
Private Sector Banks,5103787,3208759,8312546,147251.14,7737623,Summary,06/29/2016
Grand Total,136929866,85952521,222882387,3925157.26,182185072,Summary,06/29/2016
Allahabad Bank,3806686,979076,4785762,56467.1,4335342,(A) Public Sector Banks,06/29/2016
Andhra Bank,1482797,719095,2201892,22675.45,1916913,(A) Public Sector Banks,06/29/2016
Bank of Baroda,5897095,7538204,13435299,271490.49,12660677,(A) Public Sector Banks,06/29/2016
Bank of India,5737188,6894033,12631221,178879.06,12060485,(A) Public Sector Banks,06/29/2016
Bank of Maharashtra,2479332,821502,3300834,57224.35,1723509,(A) Public Sector Banks,06/29/2016
Bhartiya Mahila Bank,0,69134,69134,1589.96,69134,(A) Public Sector Banks,06/29/2016
Canara Bank,5234386,2366027,7600413,133975.03,7122563,(A) Public Sector Banks,06/29/2016
Central Bank of India,6041321,1564379,7605700,95396.08,5771086,(A) Public Sector Banks,06/29/2016
Corporation Bank,1309951,1306432,2616383,75999.81,2559700,(A) Public Sector Banks,06/29/2016
Dena Bank,2710078,1007007,3717085,58965.08,2798123,(A) Public Sector Banks,06/29/2016
IDBI Bank Ltd.,595493,511625,1107118,10802.5,930873,(A) Public Sector Banks,06/29/2016
Indian Bank,1915929,987549,2903478,30903.25,2861483,(A) Public Sector Banks,06/29/2016
Indian Overseas Bank,1428748,2433885,3862633,47805.53,3730544,(A) Public Sector Banks,06/29/2016
Oriental Bank of Commerce,2228239,1507321,3735560,308172.65,3618274,(A) Public Sector Banks,06/29/2016
Punjab & Sind Bank,836944,426494,1263438,47669.73,1256462,(A) Public Sector Banks,06/29/2016
Punjab National Bank,11387819,2113317,13501136,181358.02,9876230,(A) Public Sector Banks,06/29/2016
State Bank of Bikaner & Jaipur,1877083,1811894,3688977,97997.2,3268686,(A) Public Sector Banks,06/29/2016
State Bank of Hyderabad,996688,1810375,2807063,30485,2740078,(A) Public Sector Banks,06/29/2016
State Bank of India,24087161,30752203,54839364,519837.61,42716061,(A) Public Sector Banks,06/29/2016
State Bank of Mysore,757442,219062,976504,8558.82,815126,(A) Public Sector Banks,06/29/2016
State Bank of Patiala,426222,783124,1209346,19209.17,1142979,(A) Public Sector Banks,06/29/2016
State Bank of Travancore,70080,624932,695012,13274,336824,(A) Public Sector Banks,06/29/2016
Syndicate Bank,2809583,1236599,4046182,83044.74,3663972,(A) Public Sector Banks,06/29/2016
UCO Bank,3674424,3717833,7392257,178360.43,6947627,(A) Public Sector Banks,06/29/2016
Union Bank of India,4482698,1267475,5750173,88752.28,5445220,(A) Public Sector Banks,06/29/2016
United Bank of India,4724813,3091574,7816387,465551.38,4811127,(A) Public Sector Banks,06/29/2016
Vijaya Bank,826101,590904,1417005,14647.26,1394920,(A) Public Sector Banks,06/29/2016
Public Sector Banks Sub Total,97824301,77151055,174975356,3099091.98,146574018,(A) Public Sector Banks,06/29/2016
Allahabad Bank,652821,155876,808697,7981.32,763803,(B) Regional Rural Bank,06/29/2016
Andhra Bank,148031,13280,161311,1745.97,142962,(B) Regional Rural Bank,06/29/2016
Bank of Baroda,3319354,904184,4223538,75670.04,3521039,(B) Regional Rural Bank,06/29/2016
Bank of India,2408109,787220,3195329,30179.36,2654019,(B) Regional Rural Bank,06/29/2016
Bank of Maharashtra,381865,68491,450356,6400.76,450356,(B) Regional Rural Bank,06/29/2016
Canara Bank,571991,393126,965117,21431.18,965117,(B) Regional Rural Bank,06/29/2016
Central Bank of India,3605776,703889,4309665,95842.64,3992097,(B) Regional Rural Bank,06/29/2016
Dena Bank,287914,20773,308687,3305.1,285792,(B) Regional Rural Bank,06/29/2016
Indian Bank,343406,81251,424657,3738.07,345650,(B) Regional Rural Bank,06/29/2016
Indian Overseas Bank,886841,9717,896558,16131.31,616138,(B) Regional Rural Bank,06/29/2016
Jammu & Kashmir Bank Ltd,74859,14484,89343,3191.2,16186,(B) Regional Rural Bank,06/29/2016
Punjab & Sind Bank,14142,2955,17097,284.8,12100,(B) Regional Rural Bank,06/29/2016
Punjab National Bank,2970550,365299,3335849,69552.92,2389859,(B) Regional Rural Bank,06/29/2016
State Bank of Bikaner & Jaipur,1969638,44630,2014268,30290.68,1296357,(B) Regional Rural Bank,06/29/2016
State Bank of Hyderabad,773844,133682,907526,26066.3,508374,(B) Regional Rural Bank,06/29/2016
State Bank of India,6125604,1067833,7193437,110477.4,3771993,(B) Regional Rural Bank,06/29/2016
State Bank of Mysore,278338,84331,362669,1437.01,316607,(B) Regional Rural Bank,06/29/2016
State Bank of Patiala,48938,672,49610,1183.61,36783,(B) Regional Rural Bank,06/29/2016
Syndicate Bank,1833559,444717,2278276,57387.59,2094930,(B) Regional Rural Bank,06/29/2016
UCO Bank,1059027,38061,1097088,19.39,557167,(B) Regional Rural Bank,06/29/2016
Union Bank of India,620594,174288,794882,3989.25,720798,(B) Regional Rural Bank,06/29/2016
United Bank of India,5626577,83948,5710525,112508.24,2415304,(B) Regional Rural Bank,06/29/2016
Regional Rural Banks Sub Total,34001778,5592707,39594485,678814.14,27873431,(B) Regional Rural Bank,06/29/2016
Axis Bank Ltd,126837,462822,589659,8183.49,541920,(C) Major Private Banks,06/29/2016
City Union Bank Ltd,14413,64091,78504,1048.78,69531,(C) Major Private Banks,06/29/2016
Federal Bank Ltd,362108,73052,435160,13780.88,393395,(C) Major Private Banks,06/29/2016
HDFC Bank Ltd,334758,1322777,1657535,64721.37,1656857,(C) Major Private Banks,06/29/2016
ICICI Bank Ltd,2746858,321764,3068622,15513.72,3007729,(C) Major Private Banks,06/29/2016
IndusInd Bank Ltd,37616,329577,367193,1745.24,350888,(C) Major Private Banks,06/29/2016
Jammu & Kashmir Bank Ltd,1186446,124309,1310755,34965.81,1129047,(C) Major Private Banks,06/29/2016
Karur Vysya Bank,20385,132032,152417,1169.58,140270,(C) Major Private Banks,06/29/2016
Kotak Mahindra Bank Ltd,109160,75242,184402,1703,113376,(C) Major Private Banks,06/29/2016
Lakshmi Vilas Bank Ltd,59210,104219,163429,1245.63,159248,(C) Major Private Banks,06/29/2016
RBL Bank Ltd,59787,35520,95307,206.05,95307,(C) Major Private Banks,06/29/2016
South Indian Bank Ltd,38495,157388,195883,2834.65,67961,(C) Major Private Banks,06/29/2016
Yes Bank Ltd,7714,5966,13680,132.93,12094,(C) Major Private Banks,06/29/2016
Major Private Banks Sub Total,5103787,3208759,8312546,147251.14,7737623,(C) Major Private Banks,06/29/2016
Public Sector Banks,98207135,77393791,175600926,3140942.25,146779898,Summary,07/06/2016
Regional Rural Banks,34152285,5602400,39754685,703115.3,27896749,Summary,07/06/2016
Private Sector Banks,5125479,3216797,8342276,149831.3,7688829,Summary,07/06/2016
Grand Total,137484899,86212988,223697887,3993888.85,182365476,Summary,07/06/2016
Allahabad Bank,3850086,981137,4831223,57684.54,4340334,(A) Public Sector Banks,07/06/2016
Andhra Bank,1486725,719522,2206247,22633.7,1917108,(A) Public Sector Banks,07/06/2016
Bank of Baroda,5934388,7586555,13520943,278088.43,12730911,(A) Public Sector Banks,07/06/2016
Bank of India,5783415,6938453,12721868,179866.97,12082635,(A) Public Sector Banks,07/06/2016
Bank of Maharashtra,2488747,822603,3311350,58477.89,1721216,(A) Public Sector Banks,07/06/2016
Bhartiya Mahila Bank,0,69134,69134,1646.34,69134,(A) Public Sector Banks,07/06/2016
Canara Bank,5236330,2369653,7605983,136483.93,7129644,(A) Public Sector Banks,07/06/2016
Central Bank of India,6064790,1567357,7632147,96699.08,5783021,(A) Public Sector Banks,07/06/2016
Corporation Bank,1312036,1307700,2619736,75652.82,2560696,(A) Public Sector Banks,07/06/2016
Dena Bank,2722430,1009396,3731826,59735.82,2798123,(A) Public Sector Banks,07/06/2016
IDBI Bank Ltd.,596107,511655,1107762,10863.14,930683,(A) Public Sector Banks,07/06/2016
Indian Bank,1926552,991635,2918187,30913.42,2876192,(A) Public Sector Banks,07/06/2016
Indian Overseas Bank,1428748,2433885,3862633,47805.53,3730544,(A) Public Sector Banks,07/06/2016
Oriental Bank of Commerce,2233401,1509575,3742976,312035.5,3620359,(A) Public Sector Banks,07/06/2016
Punjab & Sind Bank,835129,426507,1261636,47759.22,1254652,(A) Public Sector Banks,07/06/2016
Punjab National Bank,11412515,2114097,13526612,184604.12,9880987,(A) Public Sector Banks,07/06/2016
State Bank of Bikaner & Jaipur,1880648,1819759,3700407,102445.64,3268729,(A) Public Sector Banks,07/06/2016
State Bank of Hyderabad,996688,1810375,2807063,30719.89,2740078,(A) Public Sector Banks,07/06/2016
State Bank of India,24197348,30845622,55042970,519862.45,42778858,(A) Public Sector Banks,07/06/2016
State Bank of Mysore,758984,219195,978179,8867.97,815745,(A) Public Sector Banks,07/06/2016
State Bank of Patiala,426235,783136,1209371,19457.26,1142992,(A) Public Sector Banks,07/06/2016
State Bank of Travancore,70354,626692,697046,13806.97,337453,(A) Public Sector Banks,07/06/2016
Syndicate Bank,2813177,1237449,4050626,84304.72,3663972,(A) Public Sector Banks,07/06/2016
UCO Bank,3682738,3723654,7406392,180961.58,6947627,(A) Public Sector Banks,07/06/2016
Union Bank of India,4486458,1268153,5754611,90719.33,5449488,(A) Public Sector Banks,07/06/2016
United Bank of India,4757005,3111088,7868093,474198.81,4812797,(A) Public Sector Banks,07/06/2016
Vijaya Bank,826101,589804,1415905,14647.19,1395920,(A) Public Sector Banks,07/06/2016
Public Sector Banks Sub Total,98207135,77393791,175600926,3140942.25,146779898,(A) Public Sector Banks,07/06/2016
Allahabad Bank,652990,155923,808913,7984.38,763871,(B) Regional Rural Bank,07/06/2016
Andhra Bank,148200,13307,161507,1750.56,142962,(B) Regional Rural Bank,07/06/2016
Bank of Baroda,3338395,908551,4246946,80337.72,3531055,(B) Regional Rural Bank,07/06/2016
Bank of India,2418832,790328,3209160,30374.55,2654019,(B) Regional Rural Bank,07/06/2016
Bank of Maharashtra,381865,68491,450356,6401.59,450356,(B) Regional Rural Bank,07/06/2016
Canara Bank,573466,394028,967494,21433.33,967494,(B) Regional Rural Bank,07/06/2016
Central Bank of India,3607798,704636,4312434,96657.07,3992103,(B) Regional Rural Bank,07/06/2016
Dena Bank,287951,20794,308745,3331.05,285792,(B) Regional Rural Bank,07/06/2016
Indian Bank,344277,81261,425538,15319.98,345650,(B) Regional Rural Bank,07/06/2016
Indian Overseas Bank,929840,9717,939557,17855.13,616138,(B) Regional Rural Bank,07/06/2016
Jammu & Kashmir Bank Ltd,75406,14518,89924,3199.31,16208,(B) Regional Rural Bank,07/06/2016
Punjab & Sind Bank,14157,2961,17118,288.34,12100,(B) Regional Rural Bank,07/06/2016
Punjab National Bank,2970713,364941,3335654,69631.71,2391919,(B) Regional Rural Bank,07/06/2016
State Bank of Bikaner & Jaipur,1979966,44831,2024797,30522.13,1300304,(B) Regional Rural Bank,07/06/2016
State Bank of Hyderabad,773844,133682,907526,26066.3,508374,(B) Regional Rural Bank,07/06/2016
State Bank of India,6141732,1070080,7211812,112075.38,3775944,(B) Regional Rural Bank,07/06/2016
State Bank of Mysore,278407,84358,362765,1437.47,316573,(B) Regional Rural Bank,07/06/2016
State Bank of Patiala,49020,672,49692,1214.44,36783,(B) Regional Rural Bank,07/06/2016
Syndicate Bank,1844830,446511,2291341,57929.5,2094930,(B) Regional Rural Bank,07/06/2016
UCO Bank,1074832,34228,1109060,19.87,557167,(B) Regional Rural Bank,07/06/2016
Union Bank of India,620820,174391,795211,4003.35,720883,(B) Regional Rural Bank,07/06/2016
United Bank of India,5644944,84191,5729135,115282.15,2416124,(B) Regional Rural Bank,07/06/2016
Regional Rural Banks Sub Total,34152285,5602400,39754685,703115.3,27896749,(B) Regional Rural Bank,07/06/2016
Axis Bank Ltd,126837,462822,589659,8183.49,541920,(C) Major Private Banks,07/06/2016
City Union Bank Ltd,14413,64163,78576,1050.77,69595,(C) Major Private Banks,07/06/2016
Federal Bank Ltd,363461,73201,436662,13911.22,394498,(C) Major Private Banks,07/06/2016
HDFC Bank Ltd,336157,1325694,1661851,66474.5,1661173,(C) Major Private Banks,07/06/2016
ICICI Bank Ltd,2765186,321946,3087132,15424.38,3026237,(C) Major Private Banks,07/06/2016
IndusInd Bank Ltd,37831,333337,371168,2527.31,354900,(C) Major Private Banks,07/06/2016
Jammu & Kashmir Bank Ltd,1186446,124309,1310755,34965.81,1129049,(C) Major Private Banks,07/06/2016
Karur Vysya Bank,20570,132578,153148,1193.06,140538,(C) Major Private Banks,07/06/2016
Kotak Mahindra Bank Ltd,109165,75242,184407,1740.08,36309,(C) Major Private Banks,07/06/2016
Lakshmi Vilas Bank Ltd,59407,104616,164023,1184.74,159248,(C) Major Private Banks,07/06/2016
RBL Bank Ltd,59787,35520,95307,203.16,95307,(C) Major Private Banks,07/06/2016
South Indian Bank Ltd,38495,157388,195883,2834.65,67961,(C) Major Private Banks,07/06/2016
Yes Bank Ltd,7724,5981,13705,138.13,12094,(C) Major Private Banks,07/06/2016
Major Private Banks Sub Total,5125479,3216797,8342276,149831.3,7688829,(C) Major Private Banks,07/06/2016
Public Sector Banks,98736435,77729888,176466323,3178759.72,147154201,Summary,07/13/2016
Regional Rural Banks,34389304,5615117,40004421,697549.76,27914829,Summary,07/13/2016
Private Sector Banks,5139087,3221206,8360293,150902.34,7784485,Summary,07/13/2016
Grand Total,138264826,86566211,224831037,4027211.82,182853515,Summary,07/13/2016
Allahabad Bank,3886788,984078,4870866,58459.97,4345009,(A) Public Sector Banks,07/13/2016
Andhra Bank,1488685,719821,2208506,22904.71,1917363,(A) Public Sector Banks,07/13/2016
Bank of Baroda,5985583,7646368,13631951,283040.91,12824836,(A) Public Sector Banks,07/13/2016
Bank of India,5892879,7033072,12925951,185873.25,12242973,(A) Public Sector Banks,07/13/2016
Bank of Maharashtra,2498175,823612,3321787,58930.34,1723509,(A) Public Sector Banks,07/13/2016
Bhartiya Mahila Bank,0,69136,69136,1645.52,69136,(A) Public Sector Banks,07/13/2016
Canara Bank,5237661,2370281,7607942,136679.26,7130846,(A) Public Sector Banks,07/13/2016
Central Bank of India,6082873,1570493,7653366,97624.3,5792950,(A) Public Sector Banks,07/13/2016
Corporation Bank,1314053,1308848,2622901,64545.23,2562962,(A) Public Sector Banks,07/13/2016
Dena Bank,2741265,1011439,3752704,62651.21,2798123,(A) Public Sector Banks,07/13/2016
IDBI Bank Ltd.,596456,512450,1108906,11007.21,930804,(A) Public Sector Banks,07/13/2016
Indian Bank,1935476,993475,2928951,31316.65,2876192,(A) Public Sector Banks,07/13/2016
Indian Overseas Bank,1428748,2433885,3862633,47805.53,3730544,(A) Public Sector Banks,07/13/2016
Oriental Bank of Commerce,2236050,1510479,3746529,313205.98,3620503,(A) Public Sector Banks,07/13/2016
Punjab & Sind Bank,834879,426591,1261470,47842.38,1254652,(A) Public Sector Banks,07/13/2016
Punjab National Bank,11442504,2116657,13559161,185415.72,9882100,(A) Public Sector Banks,07/13/2016
State Bank of Bikaner & Jaipur,1885496,1823435,3708931,103529.06,3268937,(A) Public Sector Banks,07/13/2016
State Bank of Hyderabad,996688,1810375,2807063,31415.91,2740078,(A) Public Sector Banks,07/13/2016
State Bank of India,24336849,30969921,55306770,547291.12,42864259,(A) Public Sector Banks,07/13/2016
State Bank of Mysore,760905,219351,980256,8834.75,816968,(A) Public Sector Banks,07/13/2016
State Bank of Patiala,426067,782956,1209023,17154.13,1142805,(A) Public Sector Banks,07/13/2016
State Bank of Travancore,70540,628760,699300,13681.01,340682,(A) Public Sector Banks,07/13/2016
Syndicate Bank,2815744,1238033,4053777,85028.08,3663972,(A) Public Sector Banks,07/13/2016
UCO Bank,3688882,3728953,7417835,181928.39,6947627,(A) Public Sector Banks,07/13/2016
Union Bank of India,4493749,1268976,5762725,91503.15,5456909,(A) Public Sector Banks,07/13/2016
United Bank of India,4833339,3139645,7972984,474798.84,4813242,(A) Public Sector Banks,07/13/2016
Vijaya Bank,826101,588798,1414899,14647.12,1396220,(A) Public Sector Banks,07/13/2016
Public Sector Banks Sub Total,98736435,77729888,176466323,3178759.72,147154201,(A) Public Sector Banks,07/13/2016
Allahabad Bank,653136,155942,809078,7987.36,763937,(B) Regional Rural Bank,07/13/2016
Andhra Bank,148276,13316,161592,1750.6,142962,(B) Regional Rural Bank,07/13/2016
Bank of Baroda,3355508,912423,4267931,81451.46,3539998,(B) Regional Rural Bank,07/13/2016
Bank of India,2426302,792664,3218966,30501.83,2654019,(B) Regional Rural Bank,07/13/2016
Bank of Maharashtra,381865,68491,450356,6402.71,450356,(B) Regional Rural Bank,07/13/2016
Canara Bank,574581,394741,969322,21435.49,969322,(B) Regional Rural Bank,07/13/2016
Central Bank of India,3608495,704906,4313401,96594.71,3992084,(B) Regional Rural Bank,07/13/2016
Dena Bank,287987,20825,308812,3393.04,285792,(B) Regional Rural Bank,07/13/2016
Indian Bank,344901,80639,425540,3816.75,345650,(B) Regional Rural Bank,07/13/2016
Indian Overseas Bank,929840,9717,939557,17855.13,616138,(B) Regional Rural Bank,07/13/2016
Jammu & Kashmir Bank Ltd,75406,14518,89924,3199.31,16208,(B) Regional Rural Bank,07/13/2016
Punjab & Sind Bank,14172,2967,17139,294.91,12100,(B) Regional Rural Bank,07/13/2016
Punjab National Bank,2968451,364712,3333163,69482.07,2394906,(B) Regional Rural Bank,07/13/2016
State Bank of Bikaner & Jaipur,1988458,45008,2033466,30818.45,1301213,(B) Regional Rural Bank,07/13/2016
State Bank of Hyderabad,773844,133682,907526,26066.3,508374,(B) Regional Rural Bank,07/13/2016
State Bank of India,6238521,1073766,7312287,116216.03,3779182,(B) Regional Rural Bank,07/13/2016
State Bank of Mysore,278443,84373,362816,1437.87,316646,(B) Regional Rural Bank,07/13/2016
State Bank of Patiala,49129,672,49801,1222.46,36783,(B) Regional Rural Bank,07/13/2016
Syndicate Bank,1854064,447965,2302029,58297.34,2094930,(B) Regional Rural Bank,07/13/2016
UCO Bank,1074910,34228,1109138,19.87,557167,(B) Regional Rural Bank,07/13/2016
Union Bank of India,620992,174464,795456,4021,720938,(B) Regional Rural Bank,07/13/2016
United Bank of India,5742023,85098,5827121,115285.08,2416124,(B) Regional Rural Bank,07/13/2016
Regional Rural Banks Sub Total,34389304,5615117,40004421,697549.76,27914829,(B) Regional Rural Bank,07/13/2016
Axis Bank Ltd,126837,462822,589659,8183.49,541920,(C) Major Private Banks,07/13/2016
City Union Bank Ltd,14413,64163,78576,1050.77,69595,(C) Major Private Banks,07/13/2016
Federal Bank Ltd,364366,73277,437643,14141.08,395515,(C) Major Private Banks,07/13/2016
HDFC Bank Ltd,337029,1327037,1664066,66345.67,1663388,(C) Major Private Banks,07/13/2016
ICICI Bank Ltd,2776611,322114,3098725,16663.61,3037830,(C) Major Private Banks,07/13/2016
IndusInd Bank Ltd,38021,335488,373509,2127.56,357436,(C) Major Private Banks,07/13/2016
Jammu & Kashmir Bank Ltd,1186446,124309,1310755,34965.81,1129049,(C) Major Private Banks,07/13/2016
Karur Vysya Bank,20715,132945,153660,1220.85,140903,(C) Major Private Banks,07/13/2016
Kotak Mahindra Bank Ltd,109180,75242,184422,1771.98,112299,(C) Major Private Banks,07/13/2016
Lakshmi Vilas Bank Ltd,59463,104915,164378,1253.53,161188,(C) Major Private Banks,07/13/2016
RBL Bank Ltd,59787,35520,95307,200.93,95307,(C) Major Private Banks,07/13/2016
South Indian Bank Ltd,38495,157388,195883,2834.65,67961,(C) Major Private Banks,07/13/2016
Yes Bank Ltd,7724,5986,13710,142.41,12094,(C) Major Private Banks,07/13/2016
Major Private Banks Sub Total,5139087,3221206,8360293,150902.34,7784485,(C) Major Private Banks,07/13/2016
Public Sector Banks,99273837,78110993,177384830,3206660.03,147512853,Summary,07/20/2016
Regional Rural Banks,34612597,5651090,40263687,701576.92,27975474,Summary,07/20/2016
Private Sector Banks,5146172,3231062,8377234,151854.19,7799466,Summary,07/20/2016
Grand Total,139032606,86993145,226025751,4060091.14,183287793,Summary,07/20/2016
Allahabad Bank,3926876,986158,4913034,59386.5,4349976,(A) Public Sector Banks,07/20/2016
Andhra Bank,1490936,720188,2211124,22890.06,1917602,(A) Public Sector Banks,07/20/2016
Bank of Baroda,6039376,7710165,13749541,285629.54,12917601,(A) Public Sector Banks,07/20/2016
Bank of India,5979846,7111447,13091293,188920.33,12363600,(A) Public Sector Banks,07/20/2016
Bank of Maharashtra,2505181,833208,3338389,58953.37,1723509,(A) Public Sector Banks,07/20/2016
Bhartiya Mahila Bank,0,69142,69142,1638.45,69142,(A) Public Sector Banks,07/20/2016
Canara Bank,5237987,2370393,7608380,136638.88,7131883,(A) Public Sector Banks,07/20/2016
Central Bank of India,6114882,1576996,7691878,98286.76,5808851,(A) Public Sector Banks,07/20/2016
Corporation Bank,1317424,1310819,2628243,75746.34,2564652,(A) Public Sector Banks,07/20/2016
Dena Bank,2766982,1014147,3781129,63241.82,2798123,(A) Public Sector Banks,07/20/2016
IDBI Bank Ltd.,597019,512569,1109588,10968.48,930727,(A) Public Sector Banks,07/20/2016
Indian Bank,1943362,995613,2938975,31545.15,2886214,(A) Public Sector Banks,07/20/2016
Indian Overseas Bank,1428748,2433885,3862633,47805.53,3730544,(A) Public Sector Banks,07/20/2016
Oriental Bank of Commerce,2240445,1511826,3752271,312741.83,3620488,(A) Public Sector Banks,07/20/2016
Punjab & Sind Bank,834113,426199,1260312,47834.03,1253610,(A) Public Sector Banks,07/20/2016
Punjab National Bank,11442889,2119835,13562724,188286.63,9882484,(A) Public Sector Banks,07/20/2016
State Bank of Bikaner & Jaipur,1891622,1827906,3719528,102876.67,3268937,(A) Public Sector Banks,07/20/2016
State Bank of Hyderabad,996688,1810375,2807063,31053.55,2740078,(A) Public Sector Banks,07/20/2016
State Bank of India,24508335,31126385,55634720,547308.38,42970134,(A) Public Sector Banks,07/20/2016
State Bank of Mysore,764415,219628,984043,8935.75,818941,(A) Public Sector Banks,07/20/2016
State Bank of Patiala,426261,783162,1209423,19690.8,1143018,(A) Public Sector Banks,07/20/2016
State Bank of Travancore,71003,631796,702799,13498.53,352602,(A) Public Sector Banks,07/20/2016
Syndicate Bank,2818212,1238606,4056818,87102.41,3663972,(A) Public Sector Banks,07/20/2016
UCO Bank,3702251,3738267,7440518,182178.65,6947627,(A) Public Sector Banks,07/20/2016
Union Bank of India,4500406,1271298,5771704,92398.25,5449366,(A) Public Sector Banks,07/20/2016
United Bank of India,4902477,3172260,8074737,476456.05,4813242,(A) Public Sector Banks,07/20/2016
Vijaya Bank,826101,588720,1414821,14647.3,1395930,(A) Public Sector Banks,07/20/2016
Public Sector Banks Sub Total,99273837,78110993,177384830,3206660.03,147512853,(A) Public Sector Banks,07/20/2016
Allahabad Bank,653295,155963,809258,7990.15,764022,(B) Regional Rural Bank,07/20/2016
Andhra Bank,149024,13325,162349,1750.65,142962,(B) Regional Rural Bank,07/20/2016
Bank of Baroda,3378683,918024,4296707,81648.29,3552401,(B) Regional Rural Bank,07/20/2016
Bank of India,2438026,795684,3233710,30651.76,2706181,(B) Regional Rural Bank,07/20/2016
Bank of Maharashtra,381865,68491,450356,6403.56,450356,(B) Regional Rural Bank,07/20/2016
Canara Bank,577097,396333,973430,21436.43,973430,(B) Regional Rural Bank,07/20/2016
Central Bank of India,3609577,705461,4315038,96856.75,3991848,(B) Regional Rural Bank,07/20/2016
Dena Bank,288028,20856,308884,3467.04,285792,(B) Regional Rural Bank,07/20/2016
Indian Bank,345931,80662,426593,3850.79,345650,(B) Regional Rural Bank,07/20/2016
Indian Overseas Bank,929840,9717,939557,17855.13,616138,(B) Regional Rural Bank,07/20/2016
Jammu & Kashmir Bank Ltd,75406,14518,89924,3199.31,16208,(B) Regional Rural Bank,07/20/2016
Punjab & Sind Bank,14186,2974,17160,30.16,12110,(B) Regional Rural Bank,07/20/2016
Punjab National Bank,2968752,363316,3332068,70262.2,2398941,(B) Regional Rural Bank,07/20/2016
State Bank of Bikaner & Jaipur,2003082,45323,2048405,31137.63,1304401,(B) Regional Rural Bank,07/20/2016
State Bank of Hyderabad,773844,133682,907526,26066.3,508374,(B) Regional Rural Bank,07/20/2016
State Bank of India,6281982,1095235,7377217,117469.96,3762625,(B) Regional Rural Bank,07/20/2016
State Bank of Mysore,278498,84400,362898,1438.63,316672,(B) Regional Rural Bank,07/20/2016
State Bank of Patiala,49343,672,50015,1212.56,36785,(B) Regional Rural Bank,07/20/2016
Syndicate Bank,1872486,450961,2323447,58938.25,2094930,(B) Regional Rural Bank,07/20/2016
UCO Bank,1077722,34435,1112157,19.88,557167,(B) Regional Rural Bank,07/20/2016
Union Bank of India,621247,174569,795816,4039.95,721024,(B) Regional Rural Bank,07/20/2016
United Bank of India,5844683,86489,5931172,115851.52,2417457,(B) Regional Rural Bank,07/20/2016
Regional Rural Banks Sub Total,34612597,5651090,40263687,701576.92,27975474,(B) Regional Rural Bank,07/20/2016
Axis Bank Ltd,126837,462822,589659,8183.49,541920,(C) Major Private Banks,07/20/2016
City Union Bank Ltd,14413,64163,78576,1050.77,69595,(C) Major Private Banks,07/20/2016
Federal Bank Ltd,365758,73364,439122,13835.67,396302,(C) Major Private Banks,07/20/2016
HDFC Bank Ltd,338964,1331535,1670499,66279.07,1669821,(C) Major Private Banks,07/20/2016
ICICI Bank Ltd,2779162,322342,3101504,16844.26,3040609,(C) Major Private Banks,07/20/2016
IndusInd Bank Ltd,38241,338221,376462,2988.37,360315,(C) Major Private Banks,07/20/2016
Jammu & Kashmir Bank Ltd,1186446,124309,1310755,34965.81,1129049,(C) Major Private Banks,07/20/2016
Karur Vysya Bank,20970,133589,154559,1322.49,141727,(C) Major Private Banks,07/20/2016
Kotak Mahindra Bank Ltd,109183,75243,184426,1744.91,113402,(C) Major Private Banks,07/20/2016
Lakshmi Vilas Bank Ltd,59710,105395,165105,1371.44,161188,(C) Major Private Banks,07/20/2016
RBL Bank Ltd,59787,35520,95307,193.07,95307,(C) Major Private Banks,07/20/2016
South Indian Bank Ltd,38970,158565,197535,2932.11,68137,(C) Major Private Banks,07/20/2016
Yes Bank Ltd,7731,5994,13725,142.73,12094,(C) Major Private Banks,07/20/2016
Major Private Banks Sub Total,5146172,3231062,8377234,151854.19,7799466,(C) Major Private Banks,07/20/2016
Public Sector Banks,99878807,78400028,178278835,3219045.42,147952345,Summary,07/27/2016
Regional Rural Banks,34234618,5600805,39835423,706098.17,28154050,Summary,07/27/2016
Private Sector Banks,5151455,3238481,8389936,149938.64,7811883,Summary,07/27/2016
Grand Total,139264880,87239314,226504194,4075082.23,183918278,Summary,07/27/2016
Allahabad Bank,3978236,989073,4967309,60248.43,4355272,(A) Public Sector Banks,07/27/2016
Andhra Bank,1492440,719613,2212053,22824.84,1916007,(A) Public Sector Banks,07/27/2016
Bank of Baroda,6120477,7806540,13927017,286874.21,13064611,(A) Public Sector Banks,07/27/2016
Bank of India,6052758,7174636,13227394,191324.19,12578681,(A) Public Sector Banks,07/27/2016
Bank of Maharashtra,2521830,835912,3357742,59418.86,1723509,(A) Public Sector Banks,07/27/2016
Bhartiya Mahila Bank,0,69144,69144,1639.03,69144,(A) Public Sector Banks,07/27/2016
Canara Bank,5270653,2338904,7609557,135862.86,7133655,(A) Public Sector Banks,07/27/2016
Central Bank of India,6147659,1584484,7732143,98646.65,5822034,(A) Public Sector Banks,07/27/2016
Corporation Bank,1320623,1313761,2634384,75112.02,2566580,(A) Public Sector Banks,07/27/2016
Dena Bank,2776189,1015604,3791793,62893.22,2798123,(A) Public Sector Banks,07/27/2016
IDBI Bank Ltd.,597407,512645,1110052,10969.91,931620,(A) Public Sector Banks,07/27/2016
Indian Bank,1953017,999253,2952270,31399.5,2892931,(A) Public Sector Banks,07/27/2016
Indian Overseas Bank,1428748,2433885,3862633,47805.53,3730544,(A) Public Sector Banks,07/27/2016
Oriental Bank of Commerce,2245065,1513637,3758702,310975.69,3621483,(A) Public Sector Banks,07/27/2016
Punjab & Sind Bank,835571,426199,1261770,47905.08,1253925,(A) Public Sector Banks,07/27/2016
Punjab National Bank,11527458,2124256,13651714,188487.63,9882748,(A) Public Sector Banks,07/27/2016
State Bank of Bikaner & Jaipur,1898256,1832850,3731106,103176.31,3267569,(A) Public Sector Banks,07/27/2016
State Bank of Hyderabad,996688,1810375,2807063,30749.48,2740078,(A) Public Sector Banks,07/27/2016
State Bank of India,24610029,31213791,55823820,553429.94,43020286,(A) Public Sector Banks,07/27/2016
State Bank of Mysore,769757,219878,989635,8897.14,822596,(A) Public Sector Banks,07/27/2016
State Bank of Patiala,426274,783175,1209449,19604.23,1143028,(A) Public Sector Banks,07/27/2016
State Bank of Travancore,71341,634928,706269,13680.62,352692,(A) Public Sector Banks,07/27/2016
Syndicate Bank,2819434,1239356,4058790,91218.4,3663972,(A) Public Sector Banks,07/27/2016
UCO Bank,3705631,3740218,7445849,182228.04,6947627,(A) Public Sector Banks,07/27/2016
Union Bank of India,4517919,1274163,5792082,92297.23,5443173,(A) Public Sector Banks,07/27/2016
United Bank of India,4969846,3205028,8174874,476729.07,4813527,(A) Public Sector Banks,07/27/2016
Vijaya Bank,825501,588720,1414221,14647.3,1396930,(A) Public Sector Banks,07/27/2016
Public Sector Banks Sub Total,99878807,78400028,178278835,3219045.42,147952345,(A) Public Sector Banks,07/27/2016
Allahabad Bank,653441,155982,809423,7993.25,764118,(B) Regional Rural Bank,07/27/2016
Andhra Bank,150181,12559,162740,1721.37,142962,(B) Regional Rural Bank,07/27/2016
Bank of Baroda,3415562,926523,4342085,81766.48,3571471,(B) Regional Rural Bank,07/27/2016
Bank of India,2450783,799375,3250158,30896.19,2851699,(B) Regional Rural Bank,07/27/2016
Bank of Maharashtra,381865,68491,450356,6404.39,450356,(B) Regional Rural Bank,07/27/2016
Canara Bank,578701,397348,976049,21437.79,976049,(B) Regional Rural Bank,07/27/2016
Central Bank of India,3608292,705201,4313493,97123.43,3990128,(B) Regional Rural Bank,07/27/2016
Dena Bank,288361,20953,309314,3541.43,285792,(B) Regional Rural Bank,07/27/2016
Indian Bank,346608,80721,427329,3909.99,345650,(B) Regional Rural Bank,07/27/2016
Indian Overseas Bank,929840,9717,939557,17855.13,616138,(B) Regional Rural Bank,07/27/2016
Jammu & Kashmir Bank Ltd,75406,14518,89924,3199.31,16208,(B) Regional Rural Bank,07/27/2016
Punjab & Sind Bank,14198,2986,17184,29.93,12110,(B) Regional Rural Bank,07/27/2016
Punjab National Bank,2971838,363878,3335716,70477.65,2407878,(B) Regional Rural Bank,07/27/2016
State Bank of Bikaner & Jaipur,2020709,45645,2066354,31530.53,1304632,(B) Regional Rural Bank,07/27/2016
State Bank of Hyderabad,773844,133682,907526,26066.3,508374,(B) Regional Rural Bank,07/27/2016
State Bank of India,5791213,1027935,6819148,117645.44,3765361,(B) Regional Rural Bank,07/27/2016
State Bank of Mysore,278545,84423,362968,1439.01,316704,(B) Regional Rural Bank,07/27/2016
State Bank of Patiala,49589,672,50261,1221.24,36785,(B) Regional Rural Bank,07/27/2016
Syndicate Bank,1888019,454116,2342135,59151.96,2094930,(B) Regional Rural Bank,07/27/2016
UCO Bank,1088155,34435,1122590,20.22,557167,(B) Regional Rural Bank,07/27/2016
Union Bank of India,621454,174665,796119,4064.33,721098,(B) Regional Rural Bank,07/27/2016
United Bank of India,5858014,86980,5944994,118602.79,2418440,(B) Regional Rural Bank,07/27/2016
Regional Rural Banks Sub Total,34234618,5600805,39835423,706098.17,28154050,(B) Regional Rural Bank,07/27/2016
Axis Bank Ltd,126837,462822,589659,8183.49,541920,(C) Major Private Banks,07/27/2016
City Union Bank Ltd,14413,64163,78576,1050.77,69595,(C) Major Private Banks,07/27/2016
Federal Bank Ltd,367292,73503,440795,13703.36,397759,(C) Major Private Banks,07/27/2016
HDFC Bank Ltd,340586,1334442,1675028,66072.85,1674350,(C) Major Private Banks,07/27/2016
ICICI Bank Ltd,2780759,322509,3103268,16526,3042373,(C) Major Private Banks,07/27/2016
IndusInd Bank Ltd,38438,341541,379979,1819.57,364309,(C) Major Private Banks,07/27/2016
Jammu & Kashmir Bank Ltd,1186446,124309,1310755,34965.81,1129049,(C) Major Private Banks,07/27/2016
Karur Vysya Bank,21053,134068,155121,1277.23,142361,(C) Major Private Banks,07/27/2016
Kotak Mahindra Bank Ltd,109192,75245,184437,1738.6,113413,(C) Major Private Banks,07/27/2016
Lakshmi Vilas Bank Ltd,59835,105471,165306,1335.39,161188,(C) Major Private Banks,07/27/2016
RBL Bank Ltd,59787,35520,95307,182.13,95307,(C) Major Private Banks,07/27/2016
South Indian Bank Ltd,39078,158886,197964,2944.03,68166,(C) Major Private Banks,07/27/2016
Yes Bank Ltd,7739,6002,13741,139.41,12093,(C) Major Private Banks,07/27/2016
Major Private Banks Sub Total,5151455,3238481,8389936,149938.64,7811883,(C) Major Private Banks,07/27/2016
Public Sector Banks,100229427,78720342,178949769,3218475.97,147979502,Summary,08/03/2016
Regional Rural Banks,35003622,5718965,40722587,708357.72,28293150,Summary,08/03/2016
Private Sector Banks,5179240,3246915,8426155,152651.77,7830996,Summary,08/03/2016
Grand Total,140412289,87686222,228098511,4079485.46,184103648,Summary,08/03/2016
Allahabad Bank,4036449,992595,5029044,61023.87,4360648,(A) Public Sector Banks,08/03/2016
Andhra Bank,1495464,721175,2216639,22907.58,1917602,(A) Public Sector Banks,08/03/2016
Bank of Baroda,6198827,7898123,14096950,288405.41,13210245,(A) Public Sector Banks,08/03/2016
Bank of India,6139256,7254818,13394074,194492.57,12758863,(A) Public Sector Banks,08/03/2016
Bank of Maharashtra,2535103,837948,3373051,59565.56,1723509,(A) Public Sector Banks,08/03/2016
Bhartiya Mahila Bank,0,69144,69144,1645.69,69144,(A) Public Sector Banks,08/03/2016
Canara Bank,5252568,2363012,7615580,135862.86,7135055,(A) Public Sector Banks,08/03/2016
Central Bank of India,6190398,1590650,7781048,99267.94,5843575,(A) Public Sector Banks,08/03/2016
Corporation Bank,1323801,1315887,2639688,75475.66,2568214,(A) Public Sector Banks,08/03/2016
Dena Bank,2451886,849675,3301561,39097.76,2301545,(A) Public Sector Banks,08/03/2016
IDBI Bank Ltd.,598108,512736,1110844,10882.78,931417,(A) Public Sector Banks,08/03/2016
Indian Bank,1961714,1002675,2964389,31873.43,2897766,(A) Public Sector Banks,08/03/2016
Indian Overseas Bank,1428748,2433885,3862633,47805.53,3730544,(A) Public Sector Banks,08/03/2016
Oriental Bank of Commerce,2250078,1515829,3765907,314415.91,3625312,(A) Public Sector Banks,08/03/2016
Punjab & Sind Bank,835598,426375,1261973,47912.29,1253970,(A) Public Sector Banks,08/03/2016
Punjab National Bank,11588076,2129053,13717129,189427.14,9883197,(A) Public Sector Banks,08/03/2016
State Bank of Bikaner & Jaipur,1906445,1838688,3745133,103830.03,3267281,(A) Public Sector Banks,08/03/2016
State Bank of Hyderabad,996688,1810375,2807063,31042.17,2740078,(A) Public Sector Banks,08/03/2016
State Bank of India,24843086,31439341,56282427,554387.46,43175182,(A) Public Sector Banks,08/03/2016
State Bank of Mysore,774633,220073,994706,8914.4,826480,(A) Public Sector Banks,08/03/2016
State Bank of Patiala,426286,783187,1209473,19707.14,1143038,(A) Public Sector Banks,08/03/2016
State Bank of Travancore,71750,638571,710321,14636.86,354841,(A) Public Sector Banks,08/03/2016
Syndicate Bank,2819514,1240525,4060039,87287.8,3663972,(A) Public Sector Banks,08/03/2016
UCO Bank,3713653,3737040,7450693,183126.31,6947627,(A) Public Sector Banks,08/03/2016
Union Bank of India,4537456,1276672,5814128,92903.81,5438286,(A) Public Sector Banks,08/03/2016
United Bank of India,5028401,3233570,8261971,487930.63,4815160,(A) Public Sector Banks,08/03/2016
Vijaya Bank,825441,588720,1414161,14647.36,1396951,(A) Public Sector Banks,08/03/2016
Public Sector Banks Sub Total,100229427,78720342,178949769,3218475.97,147979502,(A) Public Sector Banks,08/03/2016
Allahabad Bank,653706,156137,809843,8006.24,764198,(B) Regional Rural Bank,08/03/2016
Andhra Bank,150181,12559,162740,1721.37,142962,(B) Regional Rural Bank,08/03/2016
Bank of Baroda,3461701,936083,4397784,81562.46,3594742,(B) Regional Rural Bank,08/03/2016
Bank of India,2463576,802816,3266392,31054.83,2960302,(B) Regional Rural Bank,08/03/2016
Bank of Maharashtra,381865,68491,450356,6405.68,450356,(B) Regional Rural Bank,08/03/2016
Canara Bank,574581,394741,969322,21435.49,979999,(B) Regional Rural Bank,08/03/2016
Central Bank of India,3604085,704082,4308167,97257.32,3984983,(B) Regional Rural Bank,08/03/2016
Dena Bank,288910,21077,309987,3644.5,285792,(B) Regional Rural Bank,08/03/2016
Indian Bank,347716,80855,428571,3941.46,346960,(B) Regional Rural Bank,08/03/2016
Indian Overseas Bank,929840,9717,939557,17855.13,616138,(B) Regional Rural Bank,08/03/2016
Jammu & Kashmir Bank Ltd,76423,14717,91140,3245.6,16260,(B) Regional Rural Bank,08/03/2016
Punjab & Sind Bank,14208,2989,17197,29.93,12110,(B) Regional Rural Bank,08/03/2016
Punjab National Bank,2976619,364881,3341500,70853.26,2408925,(B) Regional Rural Bank,08/03/2016
State Bank of Bikaner & Jaipur,2046554,46024,2092578,31981.48,1306006,(B) Regional Rural Bank,08/03/2016
State Bank of Hyderabad,773844,133682,907526,26066.3,508374,(B) Regional Rural Bank,08/03/2016
State Bank of India,6365333,1132040,7497373,118958.13,3805701,(B) Regional Rural Bank,08/03/2016
State Bank of Mysore,278587,84441,363028,1439.25,316704,(B) Regional Rural Bank,08/03/2016
State Bank of Patiala,49913,672,50585,1237.06,36785,(B) Regional Rural Bank,08/03/2016
Syndicate Bank,1903483,456138,2359621,59168.03,2094930,(B) Regional Rural Bank,08/03/2016
UCO Bank,1088155,34435,1122590,20.33,557167,(B) Regional Rural Bank,08/03/2016
Union Bank of India,621720,174781,796501,4105.82,721181,(B) Regional Rural Bank,08/03/2016
United Bank of India,5952622,87607,6040229,118368.04,2382575,(B) Regional Rural Bank,08/03/2016
Regional Rural Banks Sub Total,35003622,5718965,40722587,708357.72,28293150,(B) Regional Rural Bank,08/03/2016
Axis Bank Ltd,126837,462822,589659,8183.49,541920,(C) Major Private Banks,08/03/2016
City Union Bank Ltd,14413,64163,78576,1050.77,69595,(C) Major Private Banks,08/03/2016
Federal Bank Ltd,368995,73656,442651,14283.66,399235,(C) Major Private Banks,08/03/2016
HDFC Bank Ltd,342629,1336912,1679541,67197.84,1678863,(C) Major Private Banks,08/03/2016
ICICI Bank Ltd,2788041,322665,3110706,16320.12,3049811,(C) Major Private Banks,08/03/2016
IndusInd Bank Ltd,38708,345771,384479,2049.66,368319,(C) Major Private Banks,08/03/2016
Jammu & Kashmir Bank Ltd,1202606,124563,1327169,35639.22,1129049,(C) Major Private Banks,08/03/2016
Karur Vysya Bank,21141,134565,155706,1267.03,142544,(C) Major Private Banks,08/03/2016
Kotak Mahindra Bank Ltd,109196,75264,184460,1850.82,113436,(C) Major Private Banks,08/03/2016
Lakshmi Vilas Bank Ltd,59942,105663,165605,1292.76,162597,(C) Major Private Banks,08/03/2016
RBL Bank Ltd,59787,35520,95307,174.23,95307,(C) Major Private Banks,08/03/2016
South Indian Bank Ltd,39194,159329,198523,3198.7,68226,(C) Major Private Banks,08/03/2016
Yes Bank Ltd,7751,6022,13773,143.47,12094,(C) Major Private Banks,08/03/2016
Major Private Banks Sub Total,5179240,3246915,8426155,152651.77,7830996,(C) Major Private Banks,08/03/2016
Public Sector Banks,104549229,82240554,186789783,3306053.07,151757513,Summary,08/10/2016
Regional Rural Banks,35186808,5762947,40949755,713917.3,28540411,Summary,08/10/2016
Private Sector Banks,5181498,3253654,8435152,152359.7,7838704,Summary,08/10/2016
Grand Total,144917535,91257155,236174690,4172330.07,188136628,Summary,08/10/2016
Allahabad Bank,4098252,996663,5094915,61974.95,4366096,(A) Public Sector Banks,08/10/2016
Andhra Bank,1497626,721598,2219224,22987.3,1917718,(A) Public Sector Banks,08/10/2016
Bank of Baroda,6273180,7988269,14261449,292032.56,13351338,(A) Public Sector Banks,08/10/2016
Bank of India,6236873,7340191,13577064,199884.47,12788799,(A) Public Sector Banks,08/10/2016
Bank of Maharashtra,2554828,841006,3395834,60116.36,1723509,(A) Public Sector Banks,08/10/2016
Bhartiya Mahila Bank,0,69165,69165,1649.31,69165,(A) Public Sector Banks,08/10/2016
Canara Bank,5264705,2362742,7627447,139170.46,7137079,(A) Public Sector Banks,08/10/2016
Central Bank of India,6243414,1599733,7843147,100216.27,5869376,(A) Public Sector Banks,08/10/2016
Corporation Bank,1328969,1318771,2647740,77108.74,2570800,(A) Public Sector Banks,08/10/2016
Dena Bank,2470763,849541,3320304,39343.2,2301545,(A) Public Sector Banks,08/10/2016
IDBI Bank Ltd.,598583,512917,1111500,11010.08,931418,(A) Public Sector Banks,08/10/2016
Indian Bank,1971546,1006948,2978494,32213.82,2904891,(A) Public Sector Banks,08/10/2016
Indian Overseas Bank,1428748,2433885,3862633,47805.53,3730544,(A) Public Sector Banks,08/10/2016
Oriental Bank of Commerce,2256679,1518021,3774700,315876.55,3626928,(A) Public Sector Banks,08/10/2016
Punjab & Sind Bank,834836,426375,1261211,47936.29,1253139,(A) Public Sector Banks,08/10/2016
Punjab National Bank,11653598,2137096,13790694,191637.24,9956001,(A) Public Sector Banks,08/10/2016
State Bank of Bikaner & Jaipur,1911941,1843915,3755856,104127.92,3267281,(A) Public Sector Banks,08/10/2016
State Bank of Hyderabad,996688,1810375,2807063,31042.17,2740078,(A) Public Sector Banks,08/10/2016
State Bank of India,28613576,34701780,63315356,616631.58,46646665,(A) Public Sector Banks,08/10/2016
State Bank of Mysore,781482,220394,1001876,9015.16,831210,(A) Public Sector Banks,08/10/2016
State Bank of Patiala,426305,783191,1209496,19868.36,1143051,(A) Public Sector Banks,08/10/2016
State Bank of Travancore,72262,641831,714093,14356.21,369559,(A) Public Sector Banks,08/10/2016
Syndicate Bank,2826515,1241388,4067903,90972.19,3668882,(A) Public Sector Banks,08/10/2016
UCO Bank,3719031,3737698,7456729,183179.52,6947627,(A) Public Sector Banks,08/10/2016
Union Bank of India,4562262,1280658,5842920,93500.65,5431414,(A) Public Sector Banks,08/10/2016
United Bank of India,5101126,3267730,8368856,487747.83,4816429,(A) Public Sector Banks,08/10/2016
Vijaya Bank,825441,588673,1414114,14648.37,1396971,(A) Public Sector Banks,08/10/2016
Public Sector Banks Sub Total,104549229,82240554,186789783,3306053.07,151757513,(A) Public Sector Banks,08/10/2016
Allahabad Bank,654094,156262,810356,8013.18,764293,(B) Regional Rural Bank,08/10/2016
Andhra Bank,149301,13362,162663,1751.23,142962,(B) Regional Rural Bank,08/10/2016
Bank of Baroda,3504201,945243,4449444,82361.29,3619123,(B) Regional Rural Bank,08/10/2016
Bank of India,2478367,807000,3285367,31506.27,3130302,(B) Regional Rural Bank,08/10/2016
Bank of Maharashtra,381865,68491,450356,6405.68,450356,(B) Regional Rural Bank,08/10/2016
Canara Bank,582858,399938,982796,21450.47,982796,(B) Regional Rural Bank,08/10/2016
Central Bank of India,3599102,702778,4301880,97155.27,3979399,(B) Regional Rural Bank,08/10/2016
Dena Bank,289489,21227,310716,3757.47,285792,(B) Regional Rural Bank,08/10/2016
Indian Bank,350095,80956,431051,3882.93,346960,(B) Regional Rural Bank,08/10/2016
Indian Overseas Bank,929840,9717,939557,17855.13,616138,(B) Regional Rural Bank,08/10/2016
Jammu & Kashmir Bank Ltd,76423,14717,91140,3245.6,16260,(B) Regional Rural Bank,08/10/2016
Punjab & Sind Bank,14230,2994,17224,29.18,12110,(B) Regional Rural Bank,08/10/2016
Punjab National Bank,2981756,366093,3347849,71534.01,2417784,(B) Regional Rural Bank,08/10/2016
State Bank of Bikaner & Jaipur,2062760,46375,2109135,32245.99,1306647,(B) Regional Rural Bank,08/10/2016
State Bank of Hyderabad,773844,133682,907526,26066.3,508374,(B) Regional Rural Bank,08/10/2016
State Bank of India,6393954,1149312,7543266,119942.77,3809418,(B) Regional Rural Bank,08/10/2016
State Bank of Mysore,278639,84464,363103,1439.5,316704,(B) Regional Rural Bank,08/10/2016
State Bank of Patiala,50217,672,50889,1256.83,36785,(B) Regional Rural Bank,08/10/2016
Syndicate Bank,1918939,458801,2377740,59804.3,2094930,(B) Regional Rural Bank,08/10/2016
UCO Bank,1118252,35725,1153977,20.56,557167,(B) Regional Rural Bank,08/10/2016
Union Bank of India,626134,176678,802812,4137.29,726098,(B) Regional Rural Bank,08/10/2016
United Bank of India,5972448,88460,6060908,120056.04,2420013,(B) Regional Rural Bank,08/10/2016
Regional Rural Banks Sub Total,35186808,5762947,40949755,713917.3,28540411,(B) Regional Rural Bank,08/10/2016
Axis Bank Ltd,126837,462822,589659,8183.49,541920,(C) Major Private Banks,08/10/2016
City Union Bank Ltd,14413,64163,78576,1050.77,69595,(C) Major Private Banks,08/10/2016
Federal Bank Ltd,370586,73846,444432,14180.4,400911,(C) Major Private Banks,08/10/2016
HDFC Bank Ltd,342483,1340059,1682542,68529.23,1681864,(C) Major Private Banks,08/10/2016
ICICI Bank Ltd,2788264,323013,3111277,14904,3050382,(C) Major Private Banks,08/10/2016
IndusInd Bank Ltd,38895,347822,386717,2039.45,370536,(C) Major Private Banks,08/10/2016
Jammu & Kashmir Bank Ltd,1202606,124563,1327169,35639.22,1129049,(C) Major Private Banks,08/10/2016
Karur Vysya Bank,21255,134858,156113,1271.89,142695,(C) Major Private Banks,08/10/2016
Kotak Mahindra Bank Ltd,109198,75265,184463,1813.32,113439,(C) Major Private Banks,08/10/2016
Lakshmi Vilas Bank Ltd,60064,105889,165953,1273.03,162597,(C) Major Private Banks,08/10/2016
RBL Bank Ltd,59787,35520,95307,174.36,95307,(C) Major Private Banks,08/10/2016
South Indian Bank Ltd,39353,159809,199162,3150.07,68315,(C) Major Private Banks,08/10/2016
Yes Bank Ltd,7757,6025,13782,150.48,12094,(C) Major Private Banks,08/10/2016
Major Private Banks Sub Total,5181498,3253654,8435152,152359.7,7838704,(C) Major Private Banks,08/10/2016
Public Sector Banks,105241656,82701821,187943477,3302888.89,152141347,Summary,08/17/2016
Regional Rural Banks,35272161,5773209,41045370,710195.41,28657626,Summary,08/17/2016
Private Sector Banks,5191238,3255334,8446572,153326.31,7848323,Summary,08/17/2016
Grand Total,145705055,91730364,237435419,4166410.61,188647296,Summary,08/17/2016
Allahabad Bank,4160427,1001028,5161455,62720.53,4371498,(A) Public Sector Banks,08/17/2016
Andhra Bank,1499065,721751,2220816,23039.08,1917825,(A) Public Sector Banks,08/17/2016
Bank of Baroda,6361424,8096977,14458401,292249.01,13486582,(A) Public Sector Banks,08/17/2016
Bank of India,6300281,7396549,13696830,202843.76,12842634,(A) Public Sector Banks,08/17/2016
Bank of Maharashtra,2570361,843696,3414057,59975.34,1723509,(A) Public Sector Banks,08/17/2016
Bhartiya Mahila Bank,0,67490,67490,1558.87,64176,(A) Public Sector Banks,08/17/2016
Canara Bank,5284468,2348827,7633295,137807.49,7139649,(A) Public Sector Banks,08/17/2016
Central Bank of India,6283212,1606967,7890179,100106.69,5898029,(A) Public Sector Banks,08/17/2016
Corporation Bank,1331137,1320641,2651778,76780.77,2572068,(A) Public Sector Banks,08/17/2016
Dena Bank,2489345,849957,3339302,39322.21,2301545,(A) Public Sector Banks,08/17/2016
IDBI Bank Ltd.,599221,512928,1112149,10923.45,931460,(A) Public Sector Banks,08/17/2016
Indian Bank,1978913,1009476,2988389,32080.73,2910839,(A) Public Sector Banks,08/17/2016
Indian Overseas Bank,1428748,2433885,3862633,47805.53,3729205,(A) Public Sector Banks,08/17/2016
Oriental Bank of Commerce,2260344,1519302,3779646,313513.5,3628503,(A) Public Sector Banks,08/17/2016
Punjab & Sind Bank,835090,426375,1261465,47875.39,1253265,(A) Public Sector Banks,08/17/2016
Punjab National Bank,11695958,2141678,13837636,191387.81,9957506,(A) Public Sector Banks,08/17/2016
State Bank of Bikaner & Jaipur,1917173,1848538,3765711,103087.09,3266783,(A) Public Sector Banks,08/17/2016
State Bank of Hyderabad,996688,1810375,2807063,31657.92,2740078,(A) Public Sector Banks,08/17/2016
State Bank of India,28875372,34939549,63814921,616690.52,46798260,(A) Public Sector Banks,08/17/2016
State Bank of Mysore,783520,220555,1004075,8892.07,832500,(A) Public Sector Banks,08/17/2016
State Bank of Patiala,426345,783195,1209540,20213.03,1143065,(A) Public Sector Banks,08/17/2016
State Bank of Travancore,72688,644574,717262,14015.3,369993,(A) Public Sector Banks,08/17/2016
Syndicate Bank,2836924,1241872,4078796,88668.09,3668882,(A) Public Sector Banks,08/17/2016
UCO Bank,3708848,3754804,7463652,183401.16,6947627,(A) Public Sector Banks,08/17/2016
Union Bank of India,4580285,1283289,5863574,93442.28,5429664,(A) Public Sector Banks,08/17/2016
United Bank of India,5140478,3288976,8429454,488182.82,4818125,(A) Public Sector Banks,08/17/2016
Vijaya Bank,825341,588567,1413908,14648.46,1398077,(A) Public Sector Banks,08/17/2016
Public Sector Banks Sub Total,105241656,82701821,187943477,3302888.89,152141347,(A) Public Sector Banks,08/17/2016
Allahabad Bank,654598,156372,810970,8023.15,764475,(B) Regional Rural Bank,08/17/2016
Andhra Bank,149337,13366,162703,1751.26,142962,(B) Regional Rural Bank,08/17/2016
Bank of Baroda,3517320,947991,4465311,81692.63,3627031,(B) Regional Rural Bank,08/17/2016
Bank of India,2488235,810117,3298352,31656.79,3174302,(B) Regional Rural Bank,08/17/2016
Bank of Maharashtra,381865,68491,450356,6406.96,450356,(B) Regional Rural Bank,08/17/2016
Canara Bank,584537,400971,985508,21450.86,985508,(B) Regional Rural Bank,08/17/2016
Central Bank of India,3591924,698264,4290188,96570.43,3968588,(B) Regional Rural Bank,08/17/2016
Dena Bank,289927,21277,311204,3821.56,285792,(B) Regional Rural Bank,08/17/2016
Indian Bank,350324,80989,431313,3898.47,347040,(B) Regional Rural Bank,08/17/2016
Indian Overseas Bank,886841,9717,896558,16131.31,616138,(B) Regional Rural Bank,08/17/2016
Jammu & Kashmir Bank Ltd,76423,14717,91140,3245.6,16260,(B) Regional Rural Bank,08/17/2016
Punjab & Sind Bank,14246,3000,17246,30.04,12110,(B) Regional Rural Bank,08/17/2016
Punjab National Bank,2983696,366563,3350259,71615.31,2419808,(B) Regional Rural Bank,08/17/2016
State Bank of Bikaner & Jaipur,2072910,46685,2119595,32437.95,1306832,(B) Regional Rural Bank,08/17/2016
State Bank of Hyderabad,773844,133682,907526,26066.3,508374,(B) Regional Rural Bank,08/17/2016
State Bank of India,6412590,1153006,7565596,117908.67,3810929,(B) Regional Rural Bank,08/17/2016
State Bank of Mysore,278685,84481,363166,1439.62,316704,(B) Regional Rural Bank,08/17/2016
State Bank of Patiala,50404,672,51076,1226.53,36785,(B) Regional Rural Bank,08/17/2016
Syndicate Bank,1926030,460167,2386197,60368.79,2163772,(B) Regional Rural Bank,08/17/2016
UCO Bank,1118252,35725,1153977,20.56,557167,(B) Regional Rural Bank,08/17/2016
Union Bank of India,628602,177860,806462,4155.04,726172,(B) Regional Rural Bank,08/17/2016
United Bank of India,6041571,89096,6130667,120277.59,2420521,(B) Regional Rural Bank,08/17/2016
Regional Rural Banks Sub Total,35272161,5773209,41045370,710195.41,28657626,(B) Regional Rural Bank,08/17/2016
Axis Bank Ltd,126837,459224,586061,8166.57,538394,(C) Major Private Banks,08/17/2016
City Union Bank Ltd,14413,64163,78576,1050.77,69595,(C) Major Private Banks,08/17/2016
Federal Bank Ltd,371983,73953,445936,14098.39,402165,(C) Major Private Banks,08/17/2016
HDFC Bank Ltd,343777,1342099,1685876,69339.96,1685198,(C) Major Private Banks,08/17/2016
ICICI Bank Ltd,2794963,323115,3118078,14842.34,3057183,(C) Major Private Banks,08/17/2016
IndusInd Bank Ltd,39041,350252,389293,2273.1,371529,(C) Major Private Banks,08/17/2016
Jammu & Kashmir Bank Ltd,1202606,124563,1327169,35639.22,1129049,(C) Major Private Banks,08/17/2016
Karur Vysya Bank,21327,135317,156644,1306.36,143246,(C) Major Private Banks,08/17/2016
Kotak Mahindra Bank Ltd,109202,75267,184469,1782.47,113445,(C) Major Private Banks,08/17/2016
Lakshmi Vilas Bank Ltd,60190,106026,166216,1356.02,162597,(C) Major Private Banks,08/17/2016
RBL Bank Ltd,59787,35520,95307,175.36,95307,(C) Major Private Banks,08/17/2016
South Indian Bank Ltd,39353,159809,199162,3150.07,68315,(C) Major Private Banks,08/17/2016
Yes Bank Ltd,7759,6026,13785,145.66,12300,(C) Major Private Banks,08/17/2016
Major Private Banks Sub Total,5191238,3255334,8446572,153326.31,7848323,(C) Major Private Banks,08/17/2016
Public Sector Banks,106095034,83279392,189374426,3309015.38,152648245,Summary,08/24/2016
Regional Rural Banks,35626525,5800009,41426534,717943.04,28731437,Summary,08/24/2016
Private Sector Banks,5198462,3264951,8463413,151994.68,7866016,Summary,08/24/2016
Grand Total,146920021,92344352,239264373,4178953.1,189245698,Summary,08/24/2016
Allahabad Bank,4204949,1004275,5209224,63485.32,4376966,(A) Public Sector Banks,08/24/2016
Andhra Bank,1500729,722005,2222734,23067.92,1917963,(A) Public Sector Banks,08/24/2016
Bank of Baroda,6430485,8186692,14617177,293832.77,13625678,(A) Public Sector Banks,08/24/2016
Bank of India,6348312,7436760,13785072,203106.13,12847627,(A) Public Sector Banks,08/24/2016
Bank of Maharashtra,2591686,847596,3439282,59848.54,1723509,(A) Public Sector Banks,08/24/2016
Bhartiya Mahila Bank,0,69176,69176,1654.66,69176,(A) Public Sector Banks,08/24/2016
Canara Bank,5284331,2367478,7651809,137887.3,7143046,(A) Public Sector Banks,08/24/2016
Central Bank of India,6330081,1616084,7946165,101004.81,5919192,(A) Public Sector Banks,08/24/2016
Corporation Bank,1333754,1323105,2656859,75928.93,2573820,(A) Public Sector Banks,08/24/2016
Dena Bank,2509422,847745,3357167,39166.29,2301545,(A) Public Sector Banks,08/24/2016
IDBI Bank Ltd.,616766,519070,1135836,14340.86,949577,(A) Public Sector Banks,08/24/2016
Indian Bank,1988426,1011374,2999800,31953.58,2913120,(A) Public Sector Banks,08/24/2016
Indian Overseas Bank,1428748,2433885,3862633,47805.53,3730544,(A) Public Sector Banks,08/24/2016
Oriental Bank of Commerce,2266898,1521391,3788289,311427.63,3630853,(A) Public Sector Banks,08/24/2016
Punjab & Sind Bank,835329,426375,1261704,47606.28,1253376,(A) Public Sector Banks,08/24/2016
Punjab National Bank,11747260,2146367,13893627,192553.22,9960220,(A) Public Sector Banks,08/24/2016
State Bank of Bikaner & Jaipur,1922513,1853369,3775882,102535.58,3266495,(A) Public Sector Banks,08/24/2016
State Bank of Hyderabad,996688,1810375,2807063,31078.81,2740078,(A) Public Sector Banks,08/24/2016
State Bank of India,29271285,35285657,64556942,616708.27,47094819,(A) Public Sector Banks,08/24/2016
State Bank of Mysore,788516,220872,1009388,9023.8,836101,(A) Public Sector Banks,08/24/2016
State Bank of Patiala,426389,783203,1209592,20024.29,1143082,(A) Public Sector Banks,08/24/2016
State Bank of Travancore,73497,649343,722840,14549.69,370966,(A) Public Sector Banks,08/24/2016
Syndicate Bank,2842294,1242851,4085145,87247.18,3670914,(A) Public Sector Banks,08/24/2016
UCO Bank,3712672,3755139,7467811,183438.67,6947627,(A) Public Sector Banks,08/24/2016
Union Bank of India,4616782,1287262,5904044,93909.45,5424304,(A) Public Sector Banks,08/24/2016
United Bank of India,5201881,3323406,8525287,491181.31,4819237,(A) Public Sector Banks,08/24/2016
Vijaya Bank,825341,588537,1413878,14648.54,1398410,(A) Public Sector Banks,08/24/2016
Public Sector Banks Sub Total,106095034,83279392,189374426,3309015.38,152648245,(A) Public Sector Banks,08/24/2016
Allahabad Bank,655216,156565,811781,8048.16,764629,(B) Regional Rural Bank,08/24/2016
Andhra Bank,149388,13385,162773,1751.01,142962,(B) Regional Rural Bank,08/24/2016
Bank of Baroda,3562928,956298,4519226,81950.23,3660578,(B) Regional Rural Bank,08/24/2016
Bank of India,2497044,812858,3309902,31995.75,3202089,(B) Regional Rural Bank,08/24/2016
Bank of Maharashtra,381865,68491,450356,6408.15,450356,(B) Regional Rural Bank,08/24/2016
Canara Bank,586892,402453,989345,21453.23,989345,(B) Regional Rural Bank,08/24/2016
Central Bank of India,3589710,697418,4287128,96790.81,3965273,(B) Regional Rural Bank,08/24/2016
Dena Bank,290426,21347,311773,3916.21,285792,(B) Regional Rural Bank,08/24/2016
Indian Bank,349389,81100,430489,3916.72,347040,(B) Regional Rural Bank,08/24/2016
Indian Overseas Bank,929840,9717,939557,17855.13,616138,(B) Regional Rural Bank,08/24/2016
Jammu & Kashmir Bank Ltd,76423,14717,91140,3245.6,16260,(B) Regional Rural Bank,08/24/2016
Punjab & Sind Bank,14574,3019,17593,27.91,12110,(B) Regional Rural Bank,08/24/2016
Punjab National Bank,2988063,367395,3355458,71976.66,2428550,(B) Regional Rural Bank,08/24/2016
State Bank of Bikaner & Jaipur,2085636,46966,2132602,32686.11,1306976,(B) Regional Rural Bank,08/24/2016
State Bank of Hyderabad,773844,133682,907526,26066.3,508374,(B) Regional Rural Bank,08/24/2016
State Bank of India,6451868,1160761,7612629,121260.27,3813183,(B) Regional Rural Bank,08/24/2016
State Bank of Mysore,278730,84501,363231,1439.95,316714,(B) Regional Rural Bank,08/24/2016
State Bank of Patiala,50650,672,51322,1231.35,36785,(B) Regional Rural Bank,08/24/2016
Syndicate Bank,1939849,464184,2404033,61434.29,2163772,(B) Regional Rural Bank,08/24/2016
UCO Bank,1118252,35725,1153977,20.56,557167,(B) Regional Rural Bank,08/24/2016
Union Bank of India,629056,178061,807117,4172.62,726442,(B) Regional Rural Bank,08/24/2016
United Bank of India,6226882,90694,6317576,120296,2420902,(B) Regional Rural Bank,08/24/2016
Regional Rural Banks Sub Total,35626525,5800009,41426534,717943.04,28731437,(B) Regional Rural Bank,08/24/2016
Axis Bank Ltd,126837,462822,589659,8183.49,541920,(C) Major Private Banks,08/24/2016
City Union Bank Ltd,14413,64163,78576,1050.77,69595,(C) Major Private Banks,08/24/2016
Federal Bank Ltd,374604,74101,448705,14497.76,404544,(C) Major Private Banks,08/24/2016
HDFC Bank Ltd,345207,1344418,1689625,68372.95,1688947,(C) Major Private Banks,08/24/2016
ICICI Bank Ltd,2797778,323336,3121114,14564.88,3060218,(C) Major Private Banks,08/24/2016
IndusInd Bank Ltd,39226,353055,392281,1871.48,375346,(C) Major Private Banks,08/24/2016
Jammu & Kashmir Bank Ltd,1202606,124563,1327169,35639.22,1129049,(C) Major Private Banks,08/24/2016
Karur Vysya Bank,21494,135845,157339,1275.35,143733,(C) Major Private Banks,08/24/2016
Kotak Mahindra Bank Ltd,109204,75268,184472,1716.95,113448,(C) Major Private Banks,08/24/2016
Lakshmi Vilas Bank Ltd,60190,106026,166216,1356.02,163294,(C) Major Private Banks,08/24/2016
RBL Bank Ltd,59787,35520,95307,173.3,95307,(C) Major Private Banks,08/24/2016
South Indian Bank Ltd,39353,159809,199162,3150.07,68315,(C) Major Private Banks,08/24/2016
Yes Bank Ltd,7763,6025,13788,142.44,12300,(C) Major Private Banks,08/24/2016
Major Private Banks Sub Total,5198462,3264951,8463413,151994.68,7866016,(C) Major Private Banks,08/24/2016
Public Sector Banks,107174844,84031921,191206765,3337850.7,153348452,Summary,08/31/2016
Regional Rural Banks,35540107,5782837,41322944,719923.49,28776145,Summary,08/31/2016
Private Sector Banks,5206915,3271760,8478675,151649.64,7879143,Summary,08/31/2016
Grand Total,147921866,93086518,241008384,4209423.83,190003740,Summary,08/31/2016
Allahabad Bank,4265365,1008552,5273917,64280.35,4383435,(A) Public Sector Banks,08/31/2016
Andhra Bank,1502212,722196,2224408,23060.25,1918002,(A) Public Sector Banks,08/31/2016
Bank of Baroda,6499764,8273974,14773738,294238.01,13763551,(A) Public Sector Banks,08/31/2016
Bank of India,6436280,7517503,13953783,205564.34,12910784,(A) Public Sector Banks,08/31/2016
Bank of Maharashtra,2609648,851310,3460958,59959.28,1723509,(A) Public Sector Banks,08/31/2016
Bhartiya Mahila Bank,0,69179,69179,1649.79,69179,(A) Public Sector Banks,08/31/2016
Canara Bank,5340895,2338122,7679017,137739.89,7146694,(A) Public Sector Banks,08/31/2016
Central Bank of India,6370804,1624357,7995161,102291.45,5934820,(A) Public Sector Banks,08/31/2016
Corporation Bank,1335405,1325126,2660531,75827.39,2574920,(A) Public Sector Banks,08/31/2016
Dena Bank,2512279,848107,3360386,39068.13,2301545,(A) Public Sector Banks,08/31/2016
IDBI Bank Ltd.,617252,519237,1136489,14484.2,949622,(A) Public Sector Banks,08/31/2016
Indian Bank,1998733,1013767,3012500,32188.58,2925820,(A) Public Sector Banks,08/31/2016
Indian Overseas Bank,1428748,2433885,3862633,47805.53,3730544,(A) Public Sector Banks,08/31/2016
Oriental Bank of Commerce,2271361,1523281,3794642,312837.92,3632733,(A) Public Sector Banks,08/31/2016
Punjab & Sind Bank,835447,426445,1261892,48287.08,1253475,(A) Public Sector Banks,08/31/2016
Punjab National Bank,11792321,2161695,13954016,193145.84,9961209,(A) Public Sector Banks,08/31/2016
State Bank of Bikaner & Jaipur,1928375,1857525,3785900,102714.58,3266299,(A) Public Sector Banks,08/31/2016
State Bank of Hyderabad,996688,1810375,2807063,30636.98,2740078,(A) Public Sector Banks,08/31/2016
State Bank of India,29861065,35828183,65689248,627352.47,47550878,(A) Public Sector Banks,08/31/2016
State Bank of Mysore,790218,221091,1011309,8987.3,836857,(A) Public Sector Banks,08/31/2016
State Bank of Patiala,426389,783207,1209596,20196.59,1143086,(A) Public Sector Banks,08/31/2016
State Bank of Travancore,73854,651664,725518,14449.51,371487,(A) Public Sector Banks,08/31/2016
Syndicate Bank,2846419,1243146,4089565,91633.98,3669464,(A) Public Sector Banks,08/31/2016
UCO Bank,3716460,3757499,7473959,183223.26,6947725,(A) Public Sector Banks,08/31/2016
Union Bank of India,4650382,1290785,5941167,93662.52,5419998,(A) Public Sector Banks,08/31/2016
United Bank of India,5242739,3343173,8585912,497916.65,4823337,(A) Public Sector Banks,08/31/2016
Vijaya Bank,825741,588537,1414278,14648.84,1399401,(A) Public Sector Banks,08/31/2016
Public Sector Banks Sub Total,107174844,84031921,191206765,3337850.7,153348452,(A) Public Sector Banks,08/31/2016
Allahabad Bank,655848,157107,812955,8865.14,764786,(B) Regional Rural Bank,08/31/2016
Andhra Bank,149457,13397,162854,1749.8,142962,(B) Regional Rural Bank,08/31/2016
Bank of Baroda,3601161,963366,4564527,82070.88,3687565,(B) Regional Rural Bank,08/31/2016
Bank of India,2507803,815505,3323308,32268.86,3202089,(B) Regional Rural Bank,08/31/2016
Bank of Maharashtra,381865,68491,450356,6408.55,450356,(B) Regional Rural Bank,08/31/2016
Canara Bank,587661,402947,990608,21457.03,990608,(B) Regional Rural Bank,08/31/2016
Central Bank of India,3589710,697418,4287128,96790.81,3965273,(B) Regional Rural Bank,08/31/2016
Dena Bank,290831,21427,312258,3997.19,285792,(B) Regional Rural Bank,08/31/2016
Indian Bank,349614,81106,430720,3934.92,347040,(B) Regional Rural Bank,08/31/2016
Indian Overseas Bank,929840,9717,939557,17855.13,616138,(B) Regional Rural Bank,08/31/2016
Jammu & Kashmir Bank Ltd,76423,14717,91140,3245.6,16260,(B) Regional Rural Bank,08/31/2016
Punjab & Sind Bank,16959,689,17648,27.91,12110,(B) Regional Rural Bank,08/31/2016
Punjab National Bank,2993807,368487,3362294,72383.88,2438612,(B) Regional Rural Bank,08/31/2016
State Bank of Bikaner & Jaipur,2095434,47203,2142637,32925.65,1307221,(B) Regional Rural Bank,08/31/2016
State Bank of Hyderabad,773844,133682,907526,26066.3,508374,(B) Regional Rural Bank,08/31/2016
State Bank of India,6202543,1128054,7330597,120196.76,3816616,(B) Regional Rural Bank,08/31/2016
State Bank of Mysore,278764,84514,363278,1440.46,316726,(B) Regional Rural Bank,08/31/2016
State Bank of Patiala,50721,672,51393,1248,36785,(B) Regional Rural Bank,08/31/2016
Syndicate Bank,1946686,465501,2412187,61518.03,2163772,(B) Regional Rural Bank,08/31/2016
UCO Bank,1129732,36319,1166051,21.24,558567,(B) Regional Rural Bank,08/31/2016
Union Bank of India,632971,180728,813699,4182.14,726490,(B) Regional Rural Bank,08/31/2016
United Bank of India,6298433,91790,6390223,121269.19,2422003,(B) Regional Rural Bank,08/31/2016
Regional Rural Banks Sub Total,35540107,5782837,41322944,719923.49,28776145,(B) Regional Rural Bank,08/31/2016
Axis Bank Ltd,126837,462822,589659,8183.49,541920,(C) Major Private Banks,08/31/2016
City Union Bank Ltd,14413,64163,78576,1050.77,69595,(C) Major Private Banks,08/31/2016
Federal Bank Ltd,376532,74279,450811,14427.71,406410,(C) Major Private Banks,08/31/2016
HDFC Bank Ltd,346722,1346986,1693708,68019.66,1693030,(C) Major Private Banks,08/31/2016
ICICI Bank Ltd,2801995,323465,3125460,14481.8,3064564,(C) Major Private Banks,08/31/2016
IndusInd Bank Ltd,39450,355425,394875,1963.24,377737,(C) Major Private Banks,08/31/2016
Jammu & Kashmir Bank Ltd,1202606,124563,1327169,35639.22,1129049,(C) Major Private Banks,08/31/2016
Karur Vysya Bank,21573,136181,157754,1294.38,144067,(C) Major Private Banks,08/31/2016
Kotak Mahindra Bank Ltd,109208,75268,184476,1709.73,113452,(C) Major Private Banks,08/31/2016
Lakshmi Vilas Bank Ltd,60332,106150,166482,1259.98,163294,(C) Major Private Banks,08/31/2016
RBL Bank Ltd,59787,35520,95307,171.01,95307,(C) Major Private Banks,08/31/2016
South Indian Bank Ltd,39677,160903,200580,3308.09,68418,(C) Major Private Banks,08/31/2016
Yes Bank Ltd,7783,6035,13818,140.54,12300,(C) Major Private Banks,08/31/2016
Major Private Banks Sub Total,5206915,3271760,8478675,151649.64,7879143,(C) Major Private Banks,08/31/2016
Public Sector Banks,107897656,84582507,192480163,3370586.76,153916674,Summary,09/07/2016
Regional Rural Banks,35857755,5836979,41694734,726080.87,28822589,Summary,09/07/2016
Private Sector Banks,5216223,3295256,8511479,153802.01,7892648,Summary,09/07/2016
Grand Total,148971634,93714742,242686376,4250469.64,190631911,Summary,09/07/2016
Allahabad Bank,4316659,1011984,5328643,65784.99,4388817,(A) Public Sector Banks,09/07/2016
Andhra Bank,1503931,722327,2226258,23202.2,1918096,(A) Public Sector Banks,09/07/2016
Bank of Baroda,6566196,8363722,14929918,298322.57,13899548,(A) Public Sector Banks,09/07/2016
Bank of India,6539700,7603888,14143588,208360.8,13087317,(A) Public Sector Banks,09/07/2016
Bank of Maharashtra,2636766,857762,3494528,59904.82,1723509,(A) Public Sector Banks,09/07/2016
Bhartiya Mahila Bank,0,69180,69180,1645.66,69180,(A) Public Sector Banks,09/07/2016
Canara Bank,5336552,2365257,7701809,139623.6,7150374,(A) Public Sector Banks,09/07/2016
Central Bank of India,6422392,1632829,8055221,103068.4,5967468,(A) Public Sector Banks,09/07/2016
Corporation Bank,1336917,1326584,2663501,76058.93,2575808,(A) Public Sector Banks,09/07/2016
Dena Bank,2529783,850315,3380098,39528.44,2301545,(A) Public Sector Banks,09/07/2016
IDBI Bank Ltd.,617955,519567,1137522,14513.38,949757,(A) Public Sector Banks,09/07/2016
Indian Bank,1994475,1012832,3007307,32240.84,2920627,(A) Public Sector Banks,09/07/2016
Indian Overseas Bank,1428748,2433885,3862633,47805.53,3730544,(A) Public Sector Banks,09/07/2016
Oriental Bank of Commerce,2274287,1524378,3798665,318386.2,3632939,(A) Public Sector Banks,09/07/2016
Punjab & Sind Bank,835183,426445,1261628,47921.08,1253475,(A) Public Sector Banks,09/07/2016
Punjab National Bank,11848214,2167396,14015610,197150.48,9965054,(A) Public Sector Banks,09/07/2016
State Bank of Bikaner & Jaipur,1932453,1861444,3793897,104555.9,3266486,(A) Public Sector Banks,09/07/2016
State Bank of Hyderabad,996688,1810375,2807063,30703.72,2740078,(A) Public Sector Banks,09/07/2016
State Bank of India,30143084,36096601,66239685,627367.47,47762167,(A) Public Sector Banks,09/07/2016
State Bank of Mysore,791639,221206,1012845,9223.35,837514,(A) Public Sector Banks,09/07/2016
State Bank of Patiala,426429,783213,1209642,20449.17,1143095,(A) Public Sector Banks,09/07/2016
State Bank of Travancore,74106,653809,727915,15196.18,371675,(A) Public Sector Banks,09/07/2016
Syndicate Bank,2838040,1256301,4094341,91850.99,3675431,(A) Public Sector Banks,09/07/2016
UCO Bank,3722058,3757828,7479886,183287.77,6947725,(A) Public Sector Banks,09/07/2016
Union Bank of India,4670347,1294021,5964368,94670.16,5413388,(A) Public Sector Banks,09/07/2016
United Bank of India,5289313,3370723,8660036,505115.36,4825586,(A) Public Sector Banks,09/07/2016
Vijaya Bank,825741,588635,1414376,14648.77,1399471,(A) Public Sector Banks,09/07/2016
Public Sector Banks Sub Total,107897656,84582507,192480163,3370586.76,153916674,(A) Public Sector Banks,09/07/2016
Allahabad Bank,656525,157153,813678,9573.25,764993,(B) Regional Rural Bank,09/07/2016
Andhra Bank,149583,13400,162983,1749.1,142962,(B) Regional Rural Bank,09/07/2016
Bank of Baroda,3628997,969082,4598079,83664.33,3705949,(B) Regional Rural Bank,09/07/2016
Bank of India,2522759,819565,3342324,32504.89,3202089,(B) Regional Rural Bank,09/07/2016
Bank of Maharashtra,381865,68491,450356,6409.39,450356,(B) Regional Rural Bank,09/07/2016
Canara Bank,587791,403072,990863,21457.32,990863,(B) Regional Rural Bank,09/07/2016
Central Bank of India,3567509,686417,4253926,97312.22,3933885,(B) Regional Rural Bank,09/07/2016
Dena Bank,291260,21511,312771,4198.11,285792,(B) Regional Rural Bank,09/07/2016
Indian Bank,351281,81227,432508,3886.1,347091,(B) Regional Rural Bank,09/07/2016
Indian Overseas Bank,929840,9717,939557,17855.13,616138,(B) Regional Rural Bank,09/07/2016
Jammu & Kashmir Bank Ltd,77269,14823,92092,3243.48,16359,(B) Regional Rural Bank,09/07/2016
Punjab & Sind Bank,17002,689,17691,27.52,12110,(B) Regional Rural Bank,09/07/2016
Punjab National Bank,2989602,368729,3358331,73188.39,2477033,(B) Regional Rural Bank,09/07/2016
State Bank of Bikaner & Jaipur,2103035,47420,2150455,33122.07,1307281,(B) Regional Rural Bank,09/07/2016
State Bank of Hyderabad,773844,133682,907526,26066.3,508374,(B) Regional Rural Bank,09/07/2016
State Bank of India,6488256,1174669,7662925,120987.71,3820094,(B) Regional Rural Bank,09/07/2016
State Bank of Mysore,278809,84529,363338,1440.7,316727,(B) Regional Rural Bank,09/07/2016
State Bank of Patiala,51065,672,51737,1256.97,36785,(B) Regional Rural Bank,09/07/2016
Syndicate Bank,1952591,467353,2419944,62616.65,2163772,(B) Regional Rural Bank,09/07/2016
UCO Bank,1107122,38760,1145882,21.38,558567,(B) Regional Rural Bank,09/07/2016
Union Bank of India,639758,183594,823352,4197.34,742883,(B) Regional Rural Bank,09/07/2016
United Bank of India,6311992,92424,6404416,121302.51,2422486,(B) Regional Rural Bank,09/07/2016
Regional Rural Banks Sub Total,35857755,5836979,41694734,726080.87,28822589,(B) Regional Rural Bank,09/07/2016
Axis Bank Ltd,127579,465934,593513,8571.18,544963,(C) Major Private Banks,09/07/2016
City Union Bank Ltd,14413,64163,78576,1050.77,69595,(C) Major Private Banks,09/07/2016
Federal Bank Ltd,377833,74376,452209,14839.65,407655,(C) Major Private Banks,09/07/2016
HDFC Bank Ltd,348255,1349694,1697949,69613.8,1697271,(C) Major Private Banks,09/07/2016
ICICI Bank Ltd,2803579,323669,3127248,14541.04,3066350,(C) Major Private Banks,09/07/2016
IndusInd Bank Ltd,39706,372189,411895,2097.23,380627,(C) Major Private Banks,09/07/2016
Jammu & Kashmir Bank Ltd,1206116,124725,1330841,35237.21,1129049,(C) Major Private Banks,09/07/2016
Karur Vysya Bank,21636,136406,158042,1259.3,144365,(C) Major Private Banks,09/07/2016
Kotak Mahindra Bank Ltd,109209,75268,184477,1724.98,113454,(C) Major Private Banks,09/07/2016
Lakshmi Vilas Bank Ltd,60634,106347,166981,1242.92,163294,(C) Major Private Banks,09/07/2016
RBL Bank Ltd,59787,35520,95307,172.65,95307,(C) Major Private Banks,09/07/2016
South Indian Bank Ltd,39677,160903,200580,3308.09,68418,(C) Major Private Banks,09/07/2016
Yes Bank Ltd,7799,6062,13861,143.19,12300,(C) Major Private Banks,09/07/2016
Major Private Banks Sub Total,5216223,3295256,8511479,153802.01,7892648,(C) Major Private Banks,09/07/2016
Public Sector Banks,108726686,85321344,194048030,3423500.85,154509458,Summary,09/14/2016
Regional Rural Banks,35931168,5846873,41778041,730234.55,28064348,Summary,09/14/2016
Private Sector Banks,5242327,3316343,8558670,159089.61,7904436,Summary,09/14/2016
Grand Total,149900181,94484560,244384741,4312825.01,190478242,Summary,09/14/2016
Allahabad Bank,4361868,1015530,5377398,66958.65,4394427,(A) Public Sector Banks,09/14/2016
Andhra Bank,1505582,722629,2228211,23316.2,1918100,(A) Public Sector Banks,09/14/2016
Bank of Baroda,6638804,8464535,15103339,304126.28,14052740,(A) Public Sector Banks,09/14/2016
Bank of India,6613488,7670139,14283627,213197.51,13084288,(A) Public Sector Banks,09/14/2016
Bank of Maharashtra,2658483,863027,3521510,60270.95,1723509,(A) Public Sector Banks,09/14/2016
Bhartiya Mahila Bank,0,69180,69180,1634.02,69180,(A) Public Sector Banks,09/14/2016
Canara Bank,5337725,2382283,7720008,139529.49,7153504,(A) Public Sector Banks,09/14/2016
Central Bank of India,6465763,1640974,8106737,104293.78,5993226,(A) Public Sector Banks,09/14/2016
Corporation Bank,1338121,1327992,2666113,76491.31,2576609,(A) Public Sector Banks,09/14/2016
Dena Bank,2556203,851324,3407527,39839.93,2301545,(A) Public Sector Banks,09/14/2016
IDBI Bank Ltd.,618472,519854,1138326,14506.47,949792,(A) Public Sector Banks,09/14/2016
Indian Bank,1999431,1014493,3013924,32545.52,2926593,(A) Public Sector Banks,09/14/2016
Indian Overseas Bank,1460021,2566473,4026494,58969.76,3840159,(A) Public Sector Banks,09/14/2016
Oriental Bank of Commerce,2277923,1525610,3803533,319410.12,3633598,(A) Public Sector Banks,09/14/2016
Punjab & Sind Bank,834837,426445,1261282,49011.08,1253144,(A) Public Sector Banks,09/14/2016
Punjab National Bank,11898327,2173578,14071905,202212.71,9966305,(A) Public Sector Banks,09/14/2016
State Bank of Bikaner & Jaipur,1935613,1863789,3799402,106524.28,3265783,(A) Public Sector Banks,09/14/2016
State Bank of Hyderabad,996688,1810375,2807063,30643.48,2740078,(A) Public Sector Banks,09/14/2016
State Bank of India,30537710,36455794,66993504,642843.91,48053706,(A) Public Sector Banks,09/14/2016
State Bank of Mysore,791639,221206,1012845,9258.45,837514,(A) Public Sector Banks,09/14/2016
State Bank of Patiala,426469,783217,1209686,20627.04,1143099,(A) Public Sector Banks,09/14/2016
State Bank of Travancore,74104,653899,728003,15195.46,371675,(A) Public Sector Banks,09/14/2016
Syndicate Bank,2841214,1256771,4097985,92481.29,3675012,(A) Public Sector Banks,09/14/2016
UCO Bank,3725673,3758589,7484262,178800.23,6947725,(A) Public Sector Banks,09/14/2016
Union Bank of India,4685929,1297030,5982959,95709.99,5409943,(A) Public Sector Banks,09/14/2016
United Bank of India,5320858,3397183,8718041,510452.28,4828033,(A) Public Sector Banks,09/14/2016
Vijaya Bank,825741,589425,1415166,14650.67,1400171,(A) Public Sector Banks,09/14/2016
Public Sector Banks Sub Total,108726686,85321344,194048030,3423500.85,154509458,(A) Public Sector Banks,09/14/2016
Allahabad Bank,661079,157223,818302,9664.18,765119,(B) Regional Rural Bank,09/14/2016
Andhra Bank,150384,13479,163863,1748.41,142962,(B) Regional Rural Bank,09/14/2016
Bank of Baroda,3653400,975197,4628597,85946.91,3725165,(B) Regional Rural Bank,09/14/2016
Bank of India,2532090,822060,3354150,32745.92,3202089,(B) Regional Rural Bank,09/14/2016
Bank of Maharashtra,381865,68491,450356,6410.06,450356,(B) Regional Rural Bank,09/14/2016
Canara Bank,587861,403131,990992,21457.45,990992,(B) Regional Rural Bank,09/14/2016
Central Bank of India,3550360,677716,4228076,97256.85,3908618,(B) Regional Rural Bank,09/14/2016
Dena Bank,291818,21558,313376,4297.08,285792,(B) Regional Rural Bank,09/14/2016
Indian Bank,352064,81236,433300,3928.19,347091,(B) Regional Rural Bank,09/14/2016
Indian Overseas Bank,929840,9717,939557,17855.13,616138,(B) Regional Rural Bank,09/14/2016
Jammu & Kashmir Bank Ltd,77269,14823,92092,3243.48,16359,(B) Regional Rural Bank,09/14/2016
Punjab & Sind Bank,17080,691,17771,27.11,12110,(B) Regional Rural Bank,09/14/2016
Punjab National Bank,2993973,369282,3363255,73682.04,2491574,(B) Regional Rural Bank,09/14/2016
State Bank of Bikaner & Jaipur,2111309,47688,2158997,33269.31,1307371,(B) Regional Rural Bank,09/14/2016
State Bank of Hyderabad,773844,133682,907526,26066.3,508374,(B) Regional Rural Bank,09/14/2016
State Bank of India,6504671,1180767,7685438,122022.93,3049423,(B) Regional Rural Bank,09/14/2016
State Bank of Mysore,278826,84536,363362,1440.91,316733,(B) Regional Rural Bank,09/14/2016
State Bank of Patiala,51270,672,51942,1261.09,36785,(B) Regional Rural Bank,09/14/2016
Syndicate Bank,1957771,468365,2426136,62376.66,2163772,(B) Regional Rural Bank,09/14/2016
UCO Bank,1108930,39003,1147933,21.39,558602,(B) Regional Rural Bank,09/14/2016
Union Bank of India,642827,184912,827739,4210.34,746437,(B) Regional Rural Bank,09/14/2016
United Bank of India,6322637,92644,6415281,121302.79,2422486,(B) Regional Rural Bank,09/14/2016
Regional Rural Banks Sub Total,35931168,5846873,41778041,730234.55,28064348,(B) Regional Rural Bank,09/14/2016
Axis Bank Ltd,146837,464459,611296,12438.89,546301,(C) Major Private Banks,09/14/2016
City Union Bank Ltd,14413,64163,78576,1050.77,69595,(C) Major Private Banks,09/14/2016
Federal Bank Ltd,379188,74564,453752,14993.46,408213,(C) Major Private Banks,09/14/2016
HDFC Bank Ltd,349950,1352254,1702204,69882.57,1701526,(C) Major Private Banks,09/14/2016
ICICI Bank Ltd,2806881,323814,3130695,15286.25,3069798,(C) Major Private Banks,09/14/2016
IndusInd Bank Ltd,39867,391404,431271,2238.13,382702,(C) Major Private Banks,09/14/2016
Jammu & Kashmir Bank Ltd,1206116,124725,1330841,35237.21,1129049,(C) Major Private Banks,09/14/2016
Karur Vysya Bank,21684,136753,158437,1295.82,144363,(C) Major Private Banks,09/14/2016
Kotak Mahindra Bank Ltd,109211,75268,184479,1749.87,113456,(C) Major Private Banks,09/14/2016
Lakshmi Vilas Bank Ltd,60893,106431,167324,1284.08,163294,(C) Major Private Banks,09/14/2016
RBL Bank Ltd,59787,35520,95307,177.7,95307,(C) Major Private Banks,09/14/2016
South Indian Bank Ltd,39677,160903,200580,3308.09,68418,(C) Major Private Banks,09/14/2016
Yes Bank Ltd,7823,6085,13908,146.77,12414,(C) Major Private Banks,09/14/2016
Major Private Banks Sub Total,5242327,3316343,8558670,159089.61,7904436,(C) Major Private Banks,09/14/2016
Public Sector Banks,109690172,85901528,195591700,3441225.09,154969513,Summary,09/21/2016
Regional Rural Banks,36076443,5864574,41941017,734816.16,28204740,Summary,09/21/2016
Private Sector Banks,5247666,3319240,8566906,158742.4,7912233,Summary,09/21/2016
Grand Total,151014281,95085342,246099623,4334783.65,191086486,Summary,09/21/2016
Allahabad Bank,4404910,1019453,5424363,68331.56,4400199,(A) Public Sector Banks,09/21/2016
Andhra Bank,1508659,723015,2231674,23440.66,1918100,(A) Public Sector Banks,09/21/2016
Bank of Baroda,6697475,8550601,15248076,306321.63,14174350,(A) Public Sector Banks,09/21/2016
Bank of India,6683357,7728370,14411727,214668.51,13082881,(A) Public Sector Banks,09/21/2016
Bank of Maharashtra,2679886,867483,3547369,60687.67,1723509,(A) Public Sector Banks,09/21/2016
Bhartiya Mahila Bank,0,68950,68950,1640.34,68950,(A) Public Sector Banks,09/21/2016
Canara Bank,5358609,2375048,7733657,139300.97,7156785,(A) Public Sector Banks,09/21/2016
Central Bank of India,6523576,1652793,8176369,105227.08,6028244,(A) Public Sector Banks,09/21/2016
Corporation Bank,1340124,1330336,2670460,76389.64,2577958,(A) Public Sector Banks,09/21/2016
Dena Bank,2579405,854663,3434068,40145.37,2301545,(A) Public Sector Banks,09/21/2016
IDBI Bank Ltd.,618968,520119,1139087,14542.88,949741,(A) Public Sector Banks,09/21/2016
Indian Bank,2008254,1016640,3024894,32611.89,2937563,(A) Public Sector Banks,09/21/2016
Indian Overseas Bank,1460021,2566473,4026494,58969.76,3840159,(A) Public Sector Banks,09/21/2016
Oriental Bank of Commerce,2282124,1527049,3809173,318557.95,3634083,(A) Public Sector Banks,09/21/2016
Punjab & Sind Bank,837019,426445,1263464,49203.08,1254844,(A) Public Sector Banks,09/21/2016
Punjab National Bank,11978402,2195556,14173958,202303.5,9977456,(A) Public Sector Banks,09/21/2016
State Bank of Bikaner & Jaipur,1940971,1867826,3808797,106280.49,3265263,(A) Public Sector Banks,09/21/2016
State Bank of Hyderabad,996688,1810375,2807063,30927.15,2740078,(A) Public Sector Banks,09/21/2016
State Bank of India,30968347,36837350,67805697,650976.95,48315314,(A) Public Sector Banks,09/21/2016
State Bank of Mysore,798154,221693,1019847,9288.03,842149,(A) Public Sector Banks,09/21/2016
State Bank of Patiala,426493,783225,1209718,20909.16,1143109,(A) Public Sector Banks,09/21/2016
State Bank of Travancore,74330,655417,729747,15011.49,373337,(A) Public Sector Banks,09/21/2016
Syndicate Bank,2848585,1256722,4105307,92718.26,3674942,(A) Public Sector Banks,09/21/2016
UCO Bank,3788794,3716949,7505743,178861.23,6947725,(A) Public Sector Banks,09/21/2016
Union Bank of India,4685929,1297030,5982959,95709.99,5409943,(A) Public Sector Banks,09/21/2016
United Bank of India,5375351,3438522,8813873,513547.17,4829115,(A) Public Sector Banks,09/21/2016
Vijaya Bank,825741,593425,1419166,14652.67,1402171,(A) Public Sector Banks,09/21/2016
Public Sector Banks Sub Total,109690172,85901528,195591700,3441225.09,154969513,(A) Public Sector Banks,09/21/2016
Allahabad Bank,664599,157223,821822,9805.13,765334,(B) Regional Rural Bank,09/21/2016
Andhra Bank,151327,13507,164834,1747.52,142962,(B) Regional Rural Bank,09/21/2016
Bank of Baroda,3675952,979961,4655913,85867.91,3741568,(B) Regional Rural Bank,09/21/2016
Bank of India,2549603,826302,3375905,32955.36,3202089,(B) Regional Rural Bank,09/21/2016
Bank of Maharashtra,381865,68491,450356,6411.57,450356,(B) Regional Rural Bank,09/21/2016
Canara Bank,589677,404229,993906,21458.67,993906,(B) Regional Rural Bank,09/21/2016
Central Bank of India,3538173,674345,4212518,97146.82,3891473,(B) Regional Rural Bank,09/21/2016
Dena Bank,292693,21570,314263,4435.05,285792,(B) Regional Rural Bank,09/21/2016
Indian Bank,353661,81268,434929,3936.85,347091,(B) Regional Rural Bank,09/21/2016
Indian Overseas Bank,929840,9717,939557,17855.13,616138,(B) Regional Rural Bank,09/21/2016
Jammu & Kashmir Bank Ltd,77269,14823,92092,3243.48,16359,(B) Regional Rural Bank,09/21/2016
Punjab & Sind Bank,17092,691,17783,27,12110,(B) Regional Rural Bank,09/21/2016
Punjab National Bank,2997507,369854,3367361,74313.13,2512112,(B) Regional Rural Bank,09/21/2016
State Bank of Bikaner & Jaipur,2121866,48049,2169915,33757.08,1307472,(B) Regional Rural Bank,09/21/2016
State Bank of Hyderabad,773844,133682,907526,26066.3,508374,(B) Regional Rural Bank,09/21/2016
State Bank of India,6518519,1183840,7702359,122847.25,3065440,(B) Regional Rural Bank,09/21/2016
State Bank of Mysore,278889,84560,363449,1441.62,316743,(B) Regional Rural Bank,09/21/2016
State Bank of Patiala,51472,672,52144,1287.45,36788,(B) Regional Rural Bank,09/21/2016
Syndicate Bank,1967598,471346,2438944,62493.97,2163772,(B) Regional Rural Bank,09/21/2016
UCO Bank,1109915,39047,1148962,21.56,558602,(B) Regional Rural Bank,09/21/2016
Union Bank of India,649212,187685,836897,4244.18,746882,(B) Regional Rural Bank,09/21/2016
United Bank of India,6385870,93712,6479582,123453.11,2523377,(B) Regional Rural Bank,09/21/2016
Regional Rural Banks Sub Total,36076443,5864574,41941017,734816.16,28204740,(B) Regional Rural Bank,09/21/2016
Axis Bank Ltd,146837,464459,611296,12438.89,546301,(C) Major Private Banks,09/21/2016
City Union Bank Ltd,14413,64163,78576,1050.77,69595,(C) Major Private Banks,09/21/2016
Federal Bank Ltd,380190,74654,454844,14706.94,409915,(C) Major Private Banks,09/21/2016
HDFC Bank Ltd,351077,1354116,1705193,70507.17,1704515,(C) Major Private Banks,09/21/2016
ICICI Bank Ltd,2809119,321863,3130982,14488.07,3070083,(C) Major Private Banks,09/21/2016
IndusInd Bank Ltd,39867,391404,431271,2238.13,382702,(C) Major Private Banks,09/21/2016
Jammu & Kashmir Bank Ltd,1206116,124725,1330841,35237.21,1129049,(C) Major Private Banks,09/21/2016
Karur Vysya Bank,21800,137422,159222,1333.83,145292,(C) Major Private Banks,09/21/2016
Kotak Mahindra Bank Ltd,109213,75268,184481,1712.01,113458,(C) Major Private Banks,09/21/2016
Lakshmi Vilas Bank Ltd,61026,106603,167629,1289.51,165113,(C) Major Private Banks,09/21/2016
RBL Bank Ltd,59787,35520,95307,179.93,95307,(C) Major Private Banks,09/21/2016
South Indian Bank Ltd,40364,162938,203302,3414.15,68489,(C) Major Private Banks,09/21/2016
Yes Bank Ltd,7857,6105,13962,145.78,12414,(C) Major Private Banks,09/21/2016
Major Private Banks Sub Total,5247666,3319240,8566906,158742.4,7912233,(C) Major Private Banks,09/21/2016
Public Sector Banks,110290443,86297396,196587839,3455068.73,154522897,Summary,09/28/2016
Regional Rural Banks,36282712,5894648,42177360,740190.3,28444786,Summary,09/28/2016
Private Sector Banks,5259998,3332700,8592698,158007.55,7974477,Summary,09/28/2016
Grand Total,151833153,95524744,247357897,4353266.58,190942160,Summary,09/28/2016
Allahabad Bank,4450149,1022250,5472399,69736.86,4406094,(A) Public Sector Banks,09/28/2016
Andhra Bank,1511759,722921,2234680,23893.06,1918100,(A) Public Sector Banks,09/28/2016
Bank of Baroda,6766884,8642671,15409555,307466.9,14314918,(A) Public Sector Banks,09/28/2016
Bank of India,6757414,7789626,14547040,216421.04,13078045,(A) Public Sector Banks,09/28/2016
Bank of Maharashtra,2707110,872976,3580086,60941.01,1723509,(A) Public Sector Banks,09/28/2016
Bhartiya Mahila Bank,0,68942,68942,1653.34,68942,(A) Public Sector Banks,09/28/2016
Canara Bank,5364335,2386834,7751169,139027.2,7159371,(A) Public Sector Banks,09/28/2016
Central Bank of India,6578781,1665128,8243909,106145.32,6054565,(A) Public Sector Banks,09/28/2016
Corporation Bank,1342276,1332297,2674573,76333.89,2579275,(A) Public Sector Banks,09/28/2016
Dena Bank,2600043,855796,3455839,40316.39,2301545,(A) Public Sector Banks,09/28/2016
IDBI Bank Ltd.,619584,520560,1140144,14599.76,949644,(A) Public Sector Banks,09/28/2016
Indian Bank,2016933,1021528,3038461,32667.37,2253369,(A) Public Sector Banks,09/28/2016
Indian Overseas Bank,1460021,2566473,4026494,58969.76,3840159,(A) Public Sector Banks,09/28/2016
Oriental Bank of Commerce,2286215,1529000,3815215,318014.87,3630462,(A) Public Sector Banks,09/28/2016
Punjab & Sind Bank,833980,426445,1260425,48701.08,1252728,(A) Public Sector Banks,09/28/2016
Punjab National Bank,12037099,2203055,14240154,202753.82,9980620,(A) Public Sector Banks,09/28/2016
State Bank of Bikaner & Jaipur,1944992,1871423,3816415,105316.42,3264931,(A) Public Sector Banks,09/28/2016
State Bank of Hyderabad,996688,1810375,2807063,31308.48,2740078,(A) Public Sector Banks,09/28/2016
State Bank of India,31085247,36946831,68032078,650988.66,48342075,(A) Public Sector Banks,09/28/2016
State Bank of Mysore,799111,221810,1020921,9340.72,842603,(A) Public Sector Banks,09/28/2016
State Bank of Patiala,426505,783227,1209732,20994.65,1143112,(A) Public Sector Banks,09/28/2016
State Bank of Travancore,74606,658089,732695,14636.87,374253,(A) Public Sector Banks,09/28/2016
Syndicate Bank,2853581,1257984,4111565,93695.75,3679216,(A) Public Sector Banks,09/28/2016
UCO Bank,3803680,3730943,7534623,179094.75,6947725,(A) Public Sector Banks,09/28/2016
Union Bank of India,4715156,1307354,6022510,97131.8,5398026,(A) Public Sector Banks,09/28/2016
United Bank of India,5430965,3489293,8920258,520266.05,4876361,(A) Public Sector Banks,09/28/2016
Vijaya Bank,827329,593565,1420894,14652.93,1403171,(A) Public Sector Banks,09/28/2016
Public Sector Banks Sub Total,110290443,86297396,196587839,3455068.73,154522897,(A) Public Sector Banks,09/28/2016
Allahabad Bank,674847,157223,832070,10107.02,765673,(B) Regional Rural Bank,09/28/2016
Andhra Bank,152381,13523,165904,1747.12,142962,(B) Regional Rural Bank,09/28/2016
Bank of Baroda,3701156,984780,4685936,86099.48,3760046,(B) Regional Rural Bank,09/28/2016
Bank of India,2567737,832024,3399761,33326.12,3202089,(B) Regional Rural Bank,09/28/2016
Bank of Maharashtra,381865,68491,450356,6412.41,450356,(B) Regional Rural Bank,09/28/2016
Canara Bank,590683,404824,995507,21458.81,995507,(B) Regional Rural Bank,09/28/2016
Central Bank of India,3529567,671583,4201150,97550.38,3880449,(B) Regional Rural Bank,09/28/2016
Dena Bank,293355,21579,314934,4581.09,285792,(B) Regional Rural Bank,09/28/2016
Indian Bank,354433,81288,435721,3921.73,347091,(B) Regional Rural Bank,09/28/2016
Indian Overseas Bank,929840,9717,939557,17855.13,616138,(B) Regional Rural Bank,09/28/2016
Jammu & Kashmir Bank Ltd,77542,14862,92404,3314.86,17171,(B) Regional Rural Bank,09/28/2016
Punjab & Sind Bank,17107,691,17798,27.27,12110,(B) Regional Rural Bank,09/28/2016
Punjab National Bank,3003209,370982,3374191,74872.21,2538825,(B) Regional Rural Bank,09/28/2016
State Bank of Bikaner & Jaipur,2130229,48293,2178522,34021.11,1307510,(B) Regional Rural Bank,09/28/2016
State Bank of Hyderabad,773844,133682,907526,26066.3,508374,(B) Regional Rural Bank,09/28/2016
State Bank of India,6538007,1197933,7735940,124065.25,3067682,(B) Regional Rural Bank,09/28/2016
State Bank of Mysore,278918,84571,363489,1442.17,316743,(B) Regional Rural Bank,09/28/2016
State Bank of Patiala,51579,672,52251,1326.79,36788,(B) Regional Rural Bank,09/28/2016
Syndicate Bank,1977503,473702,2451205,62510.59,2163772,(B) Regional Rural Bank,09/28/2016
UCO Bank,1110889,39107,1149996,21.56,558602,(B) Regional Rural Bank,09/28/2016
Union Bank of India,654968,190282,845250,4265.57,747145,(B) Regional Rural Bank,09/28/2016
United Bank of India,6493053,94839,6587892,125197.33,2723961,(B) Regional Rural Bank,09/28/2016
Regional Rural Banks Sub Total,36282712,5894648,42177360,740190.3,28444786,(B) Regional Rural Bank,09/28/2016
Axis Bank Ltd,152708,467903,620611,12469.24,558264,(C) Major Private Banks,09/28/2016
City Union Bank Ltd,14413,64163,78576,1050.77,69595,(C) Major Private Banks,09/28/2016
Federal Bank Ltd,381459,74792,456251,14634.22,411426,(C) Major Private Banks,09/28/2016
HDFC Bank Ltd,351881,1355445,1707326,69625.25,1706648,(C) Major Private Banks,09/28/2016
ICICI Bank Ltd,2813741,322058,3135799,14433.58,3074902,(C) Major Private Banks,09/28/2016
IndusInd Bank Ltd,40276,396582,436858,1940.49,419388,(C) Major Private Banks,09/28/2016
Jammu & Kashmir Bank Ltd,1205965,127260,1333225,35847.24,1133416,(C) Major Private Banks,09/28/2016
Karur Vysya Bank,21914,137863,159777,1343.84,146051,(C) Major Private Banks,09/28/2016
Kotak Mahindra Bank Ltd,108493,75254,183747,1666.07,113464,(C) Major Private Banks,09/28/2016
Lakshmi Vilas Bank Ltd,61104,106802,167906,1258.99,165113,(C) Major Private Banks,09/28/2016
RBL Bank Ltd,59787,35520,95307,177.19,95307,(C) Major Private Banks,09/28/2016
South Indian Bank Ltd,40364,162938,203302,3414.15,68489,(C) Major Private Banks,09/28/2016
Yes Bank Ltd,7893,6120,14013,146.51,12414,(C) Major Private Banks,09/28/2016
Major Private Banks Sub Total,5259998,3332700,8592698,158007.55,7974477,(C) Major Private Banks,09/28/2016
Public Sector Banks,111552789,87290056,198842845,3513779.24,155444521,Summary,10/05/2016
Regional Rural Banks,36471785,5917304,42389089,747906.21,28485016,Summary,10/05/2016
Private Sector Banks,5232529,3374324,8606853,160441.49,7984774,Summary,10/05/2016
Grand Total,153257103,96581684,249838787,4422126.94,191914311,Summary,10/05/2016
Allahabad Bank,4499820,1027048,5526868,70950.39,4411839,(A) Public Sector Banks,10/05/2016
Andhra Bank,1517549,723201,2240750,23672.72,1918100,(A) Public Sector Banks,10/05/2016
Bank of Baroda,6840828,8735378,15576206,310567.34,14462342,(A) Public Sector Banks,10/05/2016
Bank of India,6833620,7861025,14694645,220456.56,13150535,(A) Public Sector Banks,10/05/2016
Bank of Maharashtra,2736917,880638,3617555,62450.37,1723509,(A) Public Sector Banks,10/05/2016
Bhartiya Mahila Bank,0,68943,68943,1683.54,68943,(A) Public Sector Banks,10/05/2016
Canara Bank,5388190,2384320,7772510,140964.17,7162888,(A) Public Sector Banks,10/05/2016
Central Bank of India,6632995,1675078,8308073,107102.49,6087819,(A) Public Sector Banks,10/05/2016
Corporation Bank,1344576,1334288,2678864,76166.2,2580576,(A) Public Sector Banks,10/05/2016
Dena Bank,2607496,856965,3464461,40464.08,2273670,(A) Public Sector Banks,10/05/2016
IDBI Bank Ltd.,620107,520727,1140834,14663.63,950071,(A) Public Sector Banks,10/05/2016
Indian Bank,2021684,1022895,3044579,32938.11,2253369,(A) Public Sector Banks,10/05/2016
Indian Overseas Bank,1460021,2566473,4026494,58969.76,3840159,(A) Public Sector Banks,10/05/2016
Oriental Bank of Commerce,2290618,1531201,3821819,322106.61,3629574,(A) Public Sector Banks,10/05/2016
Punjab & Sind Bank,833991,426445,1260436,48510.08,1252728,(A) Public Sector Banks,10/05/2016
Punjab National Bank,12101449,2209200,14310649,203794.43,9986861,(A) Public Sector Banks,10/05/2016
State Bank of Bikaner & Jaipur,1948430,1873934,3822364,107197.19,3264725,(A) Public Sector Banks,10/05/2016
State Bank of Hyderabad,996688,1810375,2807063,31301.49,2740078,(A) Public Sector Banks,10/05/2016
State Bank of India,31878391,37704039,69582430,673695.86,49019669,(A) Public Sector Banks,10/05/2016
State Bank of Mysore,804276,222533,1026809,9537.59,845488,(A) Public Sector Banks,10/05/2016
State Bank of Patiala,426525,783231,1209756,20960.91,1143116,(A) Public Sector Banks,10/05/2016
State Bank of Travancore,74847,660343,735190,14808.53,375132,(A) Public Sector Banks,10/05/2016
Syndicate Bank,2857434,1259240,4116674,93881.95,3678052,(A) Public Sector Banks,10/05/2016
UCO Bank,3826076,3742842,7568918,182591.82,6947725,(A) Public Sector Banks,10/05/2016
Union Bank of India,4736464,1312385,6048849,99041.8,5393722,(A) Public Sector Banks,10/05/2016
United Bank of India,5444475,3503741,8948216,530647.6,4879644,(A) Public Sector Banks,10/05/2016
Vijaya Bank,829322,593568,1422890,14654.03,1404187,(A) Public Sector Banks,10/05/2016
Public Sector Banks Sub Total,111552789,87290056,198842845,3513779.24,155444521,(A) Public Sector Banks,10/05/2016
Allahabad Bank,699787,157223,857010,11413.35,766263,(B) Regional Rural Bank,10/05/2016
Andhra Bank,153577,13533,167110,1746,142962,(B) Regional Rural Bank,10/05/2016
Bank of Baroda,3723526,988992,4712518,87321.39,3777374,(B) Regional Rural Bank,10/05/2016
Bank of India,2582019,835660,3417679,33632.2,3202089,(B) Regional Rural Bank,10/05/2016
Bank of Maharashtra,381865,68491,450356,6412.41,450356,(B) Regional Rural Bank,10/05/2016
Canara Bank,594617,407243,1001860,21461.71,1001860,(B) Regional Rural Bank,10/05/2016
Central Bank of India,3524893,670102,4194995,97751.09,3874568,(B) Regional Rural Bank,10/05/2016
Dena Bank,294229,21591,315820,4721.04,285792,(B) Regional Rural Bank,10/05/2016
Indian Bank,357902,81325,439227,4063.03,347091,(B) Regional Rural Bank,10/05/2016
Indian Overseas Bank,929840,9717,939557,17855.13,616138,(B) Regional Rural Bank,10/05/2016
Jammu & Kashmir Bank Ltd,77650,14877,92527,3328.87,17191,(B) Regional Rural Bank,10/05/2016
Punjab & Sind Bank,17143,691,17834,27.67,12110,(B) Regional Rural Bank,10/05/2016
Punjab National Bank,3008310,372399,3380709,74703.19,2553480,(B) Regional Rural Bank,10/05/2016
State Bank of Bikaner & Jaipur,2138583,48612,2187195,34349,1307942,(B) Regional Rural Bank,10/05/2016
State Bank of Hyderabad,773844,133682,907526,26066.3,508374,(B) Regional Rural Bank,10/05/2016
State Bank of India,6561783,1205016,7766799,126003.92,3073045,(B) Regional Rural Bank,10/05/2016
State Bank of Mysore,279004,84601,363605,1443.02,316743,(B) Regional Rural Bank,10/05/2016
State Bank of Patiala,51666,672,52338,1311.85,36788,(B) Regional Rural Bank,10/05/2016
Syndicate Bank,1983844,474988,2458832,63755.46,2163772,(B) Regional Rural Bank,10/05/2016
UCO Bank,1126991,40305,1167296,21.57,558602,(B) Regional Rural Bank,10/05/2016
Union Bank of India,658645,191867,850512,4298.34,747392,(B) Regional Rural Bank,10/05/2016
United Bank of India,6552067,95717,6647784,126219.69,2725084,(B) Regional Rural Bank,10/05/2016
Regional Rural Banks Sub Total,36471785,5917304,42389089,747906.21,28485016,(B) Regional Rural Bank,10/05/2016
Axis Bank Ltd,152708,467903,620611,12469.24,558264,(C) Major Private Banks,10/05/2016
City Union Bank Ltd,14413,64163,78576,1050.77,69595,(C) Major Private Banks,10/05/2016
Federal Bank Ltd,383736,74967,458703,14974.88,413608,(C) Major Private Banks,10/05/2016
HDFC Bank Ltd,352876,1357564,1710440,71298.42,1709762,(C) Major Private Banks,10/05/2016
ICICI Bank Ltd,2815610,322249,3137859,14110.99,3076955,(C) Major Private Banks,10/05/2016
IndusInd Bank Ltd,40560,400270,440830,2652.94,422043,(C) Major Private Banks,10/05/2016
Jammu & Kashmir Bank Ltd,1205965,127260,1333225,35847.24,1133416,(C) Major Private Banks,10/05/2016
Karur Vysya Bank,21962,138267,160229,1319.17,146332,(C) Major Private Banks,10/05/2016
Kotak Mahindra Bank Ltd,75271,109224,184495,1703.71,113472,(C) Major Private Banks,10/05/2016
Lakshmi Vilas Bank Ltd,61104,106802,167906,1258.99,165113,(C) Major Private Banks,10/05/2016
RBL Bank Ltd,59787,35520,95307,181.18,95307,(C) Major Private Banks,10/05/2016
South Indian Bank Ltd,40622,163969,204591,3426.85,68493,(C) Major Private Banks,10/05/2016
Yes Bank Ltd,7915,6166,14081,147.09,12414,(C) Major Private Banks,10/05/2016
Major Private Banks Sub Total,5232529,3374324,8606853,160441.49,7984774,(C) Major Private Banks,10/05/2016
Public Sector Banks,112015487,87638087,199653574,3551421.82,155761260,Summary,10/12/2016
Regional Rural Banks,36374405,5934868,42309273,745265.21,28471237,Summary,10/12/2016
Private Sector Banks,5222456,3331208,8553664,151324.86,7944182,Summary,10/12/2016
Grand Total,153612348,96904163,250516511,4448011.89,192176679,Summary,10/12/2016
Allahabad Bank,4532736,1029561,5562297,71518.07,4417010,(A) Public Sector Banks,10/12/2016
Andhra Bank,1519339,723377,2242716,23818.57,1918100,(A) Public Sector Banks,10/12/2016
Bank of Baroda,6872276,8775556,15647832,315315.07,14525315,(A) Public Sector Banks,10/12/2016
Bank of India,6873557,7898044,14771601,223012.48,13199231,(A) Public Sector Banks,10/12/2016
Bank of Maharashtra,2753359,883829,3637188,62717.91,1723509,(A) Public Sector Banks,10/12/2016
Bhartiya Mahila Bank,0,68943,68943,1683.54,68943,(A) Public Sector Banks,10/12/2016
Canara Bank,5385979,2393130,7779109,139522.31,7165662,(A) Public Sector Banks,10/12/2016
Central Bank of India,6650690,1678058,8328748,106920.05,6102534,(A) Public Sector Banks,10/12/2016
Corporation Bank,1345099,1334706,2679805,77616.79,2580862,(A) Public Sector Banks,10/12/2016
Dena Bank,2627744,859533,3487277,40384.01,2273670,(A) Public Sector Banks,10/12/2016
IDBI Bank Ltd.,620590,520816,1141406,14606.29,950194,(A) Public Sector Banks,10/12/2016
Indian Bank,2022901,1023109,3046010,32751.18,2253369,(A) Public Sector Banks,10/12/2016
Indian Overseas Bank,1460021,2566473,4026494,58969.76,3840159,(A) Public Sector Banks,10/12/2016
Oriental Bank of Commerce,2292356,1532112,3824468,321734.59,3632754,(A) Public Sector Banks,10/12/2016
Punjab & Sind Bank,833622,426445,1260067,48290.88,1252506,(A) Public Sector Banks,10/12/2016
Punjab National Bank,12125475,2211366,14336841,203888.25,9989498,(A) Public Sector Banks,10/12/2016
State Bank of Bikaner & Jaipur,1950332,1875322,3825654,107097.39,3264581,(A) Public Sector Banks,10/12/2016
State Bank of Hyderabad,996688,1810375,2807063,31346.39,2740078,(A) Public Sector Banks,10/12/2016
State Bank of India,32104982,37914872,70019854,681681.91,49192770,(A) Public Sector Banks,10/12/2016
State Bank of Mysore,804276,222533,1026809,9576.42,845488,(A) Public Sector Banks,10/12/2016
State Bank of Patiala,426555,783235,1209790,21255.38,1143118,(A) Public Sector Banks,10/12/2016
State Bank of Travancore,75013,661047,736060,14444.55,375688,(A) Public Sector Banks,10/12/2016
Syndicate Bank,2858768,1259587,4118355,92802.54,3679525,(A) Public Sector Banks,10/12/2016
UCO Bank,3826076,3742842,7568918,182591.82,6947725,(A) Public Sector Banks,10/12/2016
Union Bank of India,4739789,1314200,6053989,99803.18,5390467,(A) Public Sector Banks,10/12/2016
United Bank of India,5484589,3532524,9017113,553417.87,4881317,(A) Public Sector Banks,10/12/2016
Vijaya Bank,832675,596492,1429167,14654.63,1407187,(A) Public Sector Banks,10/12/2016
Public Sector Banks Sub Total,112015487,87638087,199653574,3551421.82,155761260,(A) Public Sector Banks,10/12/2016
Allahabad Bank,702094,157480,859574,11445.25,766387,(B) Regional Rural Bank,10/12/2016
Andhra Bank,153849,13534,167383,1746,142962,(B) Regional Rural Bank,10/12/2016
Bank of Baroda,3592808,998634,4591442,83552.2,3736209,(B) Regional Rural Bank,10/12/2016
Bank of India,2588765,837808,3426573,33715.43,3202089,(B) Regional Rural Bank,10/12/2016
Bank of Maharashtra,381865,68491,450356,6412.41,450356,(B) Regional Rural Bank,10/12/2016
Canara Bank,596147,408159,1004306,21462.13,1004306,(B) Regional Rural Bank,10/12/2016
Central Bank of India,3524422,669700,4194122,97931.92,3873540,(B) Regional Rural Bank,10/12/2016
Dena Bank,294712,21599,316311,4811.43,285792,(B) Regional Rural Bank,10/12/2016
Indian Bank,358387,81337,439724,4005.22,347091,(B) Regional Rural Bank,10/12/2016
Indian Overseas Bank,929840,9717,939557,17855.13,616138,(B) Regional Rural Bank,10/12/2016
Jammu & Kashmir Bank Ltd,77650,14877,92527,3328.87,17191,(B) Regional Rural Bank,10/12/2016
Punjab & Sind Bank,17218,691,17909,27.31,12110,(B) Regional Rural Bank,10/12/2016
Punjab National Bank,3009802,372764,3382566,74694.68,2557208,(B) Regional Rural Bank,10/12/2016
State Bank of Bikaner & Jaipur,2142344,48736,2191080,34463.91,1308019,(B) Regional Rural Bank,10/12/2016
State Bank of Hyderabad,773844,133682,907526,26066.3,508374,(B) Regional Rural Bank,10/12/2016
State Bank of India,6574934,1208470,7783404,126337.39,3074699,(B) Regional Rural Bank,10/12/2016
State Bank of Mysore,279018,84609,363627,1443.23,316743,(B) Regional Rural Bank,10/12/2016
State Bank of Patiala,51734,672,52406,1292.78,36789,(B) Regional Rural Bank,10/12/2016
Syndicate Bank,1985555,475399,2460954,63676.96,2184077,(B) Regional Rural Bank,10/12/2016
UCO Bank,1126991,40305,1167296,21.57,558602,(B) Regional Rural Bank,10/12/2016
Union Bank of India,659990,192442,852432,4307.54,747471,(B) Regional Rural Bank,10/12/2016
United Bank of India,6552436,95762,6648198,126667.58,2725084,(B) Regional Rural Bank,10/12/2016
Regional Rural Banks Sub Total,36374405,5934868,42309273,745265.21,28471237,(B) Regional Rural Bank,10/12/2016
Axis Bank Ltd,152708,467903,620611,12469.24,558264,(C) Major Private Banks,10/12/2016
City Union Bank Ltd,14413,64163,78576,1050.77,69595,(C) Major Private Banks,10/12/2016
Federal Bank Ltd,338081,63226,401307,7716.08,362092,(C) Major Private Banks,10/12/2016
HDFC Bank Ltd,353154,1358514,1711668,69896.24,1710990,(C) Major Private Banks,10/12/2016
ICICI Bank Ltd,2816683,322337,3139020,13946.87,3078121,(C) Major Private Banks,10/12/2016
IndusInd Bank Ltd,40655,401431,442086,2326.18,430164,(C) Major Private Banks,10/12/2016
Jammu & Kashmir Bank Ltd,1205965,127260,1333225,35847.24,1133416,(C) Major Private Banks,10/12/2016
Karur Vysya Bank,21974,138395,160369,1323,146342,(C) Major Private Banks,10/12/2016
Kotak Mahindra Bank Ltd,109224,75271,184495,1686.88,113472,(C) Major Private Banks,10/12/2016
Lakshmi Vilas Bank Ltd,61241,107052,168293,1300.53,165512,(C) Major Private Banks,10/12/2016
RBL Bank Ltd,59787,35520,95307,184.64,95307,(C) Major Private Banks,10/12/2016
South Indian Bank Ltd,40622,163969,204591,3426.85,68493,(C) Major Private Banks,10/12/2016
Yes Bank Ltd,7949,6167,14116,150.33,12414,(C) Major Private Banks,10/12/2016
Major Private Banks Sub Total,5222456,3331208,8553664,151324.86,7944182,(C) Major Private Banks,10/12/2016
Public Sector Banks,112593820,88037751,200631571,3564925.42,156120167,Summary,10/19/2016
Regional Rural Banks,36649037,5946185,42595222,752981.74,28594243,Summary,10/19/2016
Private Sector Banks,5272020,3345339,8617359,159548.5,8003394,Summary,10/19/2016
Grand Total,154514877,97329275,251844152,4477455.66,192717804,Summary,10/19/2016
Allahabad Bank,4560250,1031629,5591879,72571.98,4421089,(A) Public Sector Banks,10/19/2016
Andhra Bank,1526466,723804,2250270,23849.56,1918100,(A) Public Sector Banks,10/19/2016
Bank of Baroda,6925100,8848717,15773817,319327.98,14635263,(A) Public Sector Banks,10/19/2016
Bank of India,6912200,7932857,14845057,224305.75,13245431,(A) Public Sector Banks,10/19/2016
Bank of Maharashtra,2767143,886473,3653616,63290.83,1723509,(A) Public Sector Banks,10/19/2016
Bhartiya Mahila Bank,0,68943,68943,1683.54,68943,(A) Public Sector Banks,10/19/2016
Canara Bank,5400294,2390339,7790633,140668.32,7168827,(A) Public Sector Banks,10/19/2016
Central Bank of India,6690689,1684136,8374825,107758.41,6104646,(A) Public Sector Banks,10/19/2016
Corporation Bank,1346664,1336038,2682702,77176.74,2581737,(A) Public Sector Banks,10/19/2016
Dena Bank,2636701,860463,3497164,40657.18,2273670,(A) Public Sector Banks,10/19/2016
IDBI Bank Ltd.,618436,524300,1142736,14843.29,950626,(A) Public Sector Banks,10/19/2016
Indian Bank,2024722,1023430,3048152,33334.79,2253369,(A) Public Sector Banks,10/19/2016
Indian Overseas Bank,1460021,2566473,4026494,58969.76,3840159,(A) Public Sector Banks,10/19/2016
Oriental Bank of Commerce,2294691,1533211,3827902,320932.52,3633025,(A) Public Sector Banks,10/19/2016
Punjab & Sind Bank,832660,426445,1259105,48269.88,1251459,(A) Public Sector Banks,10/19/2016
Punjab National Bank,12171355,2215434,14386789,207990.4,9993438,(A) Public Sector Banks,10/19/2016
State Bank of Bikaner & Jaipur,1953947,1877872,3831819,106562.33,3264234,(A) Public Sector Banks,10/19/2016
State Bank of Hyderabad,996688,1810375,2807063,31851.99,2740078,(A) Public Sector Banks,10/19/2016
State Bank of India,32327468,38133367,70460835,681693.63,49369801,(A) Public Sector Banks,10/19/2016
State Bank of Mysore,806448,222686,1029134,9712.31,846748,(A) Public Sector Banks,10/19/2016
State Bank of Patiala,426585,783239,1209824,21122.9,1143119,(A) Public Sector Banks,10/19/2016
State Bank of Travancore,75351,662751,738102,14243.87,376056,(A) Public Sector Banks,10/19/2016
Syndicate Bank,2862592,1260225,4122817,92814.96,3679147,(A) Public Sector Banks,10/19/2016
UCO Bank,3844615,3751932,7596547,182099.42,6947725,(A) Public Sector Banks,10/19/2016
Union Bank of India,4756393,1317220,6073613,100755.81,5386485,(A) Public Sector Banks,10/19/2016
United Bank of India,5534688,3559691,9094379,553782.65,4882394,(A) Public Sector Banks,10/19/2016
Vijaya Bank,841653,605701,1447354,14654.63,1421089,(A) Public Sector Banks,10/19/2016
Public Sector Banks Sub Total,112593820,88037751,200631571,3564925.42,156120167,(A) Public Sector Banks,10/19/2016
Allahabad Bank,718357,162751,881108,12078.26,766779,(B) Regional Rural Bank,10/19/2016
Andhra Bank,154325,13547,167872,1745.81,142962,(B) Regional Rural Bank,10/19/2016
Bank of Baroda,3742508,993249,4735757,89089.1,3790145,(B) Regional Rural Bank,10/19/2016
Bank of India,2604291,840385,3444676,33784.13,3202089,(B) Regional Rural Bank,10/19/2016
Bank of Maharashtra,381865,68491,450356,6415.05,450356,(B) Regional Rural Bank,10/19/2016
Canara Bank,597999,409284,1007283,21462.72,1007283,(B) Regional Rural Bank,10/19/2016
Central Bank of India,3523571,669531,4193102,97248.96,3872155,(B) Regional Rural Bank,10/19/2016
Dena Bank,295379,21611,316990,4937.3,285792,(B) Regional Rural Bank,10/19/2016
Indian Bank,359644,81331,440975,4048.83,347091,(B) Regional Rural Bank,10/19/2016
Indian Overseas Bank,929840,9717,939557,17855.13,616138,(B) Regional Rural Bank,10/19/2016
Jammu & Kashmir Bank Ltd,78060,14924,92984,3356.77,17272,(B) Regional Rural Bank,10/19/2016
Punjab & Sind Bank,17283,693,17976,28.96,12110,(B) Regional Rural Bank,10/19/2016
Punjab National Bank,3011592,372805,3384397,75559.75,2569979,(B) Regional Rural Bank,10/19/2016
State Bank of Bikaner & Jaipur,2148379,48916,2197295,34663.93,1308228,(B) Regional Rural Bank,10/19/2016
State Bank of Hyderabad,773844,133682,907526,26066.3,508374,(B) Regional Rural Bank,10/19/2016
State Bank of India,6591308,1211764,7803072,127442.35,3076270,(B) Regional Rural Bank,10/19/2016
State Bank of Mysore,279082,84625,363707,1443.61,316752,(B) Regional Rural Bank,10/19/2016
State Bank of Patiala,51836,672,52508,1281.64,36789,(B) Regional Rural Bank,10/19/2016
Syndicate Bank,1991210,476605,2467815,63491.04,2235304,(B) Regional Rural Bank,10/19/2016
UCO Bank,1149122,41454,1190576,21.65,558602,(B) Regional Rural Bank,10/19/2016
Union Bank of India,662338,193686,856024,4335.44,747688,(B) Regional Rural Bank,10/19/2016
United Bank of India,6587204,96462,6683666,126624.98,2726085,(B) Regional Rural Bank,10/19/2016
Regional Rural Banks Sub Total,36649037,5946185,42595222,752981.74,28594243,(B) Regional Rural Bank,10/19/2016
Axis Bank Ltd,152708,467903,620611,12469.24,558264,(C) Major Private Banks,10/19/2016
City Union Bank Ltd,14413,64163,78576,1050.77,69595,(C) Major Private Banks,10/19/2016
Federal Bank Ltd,385462,75107,460569,14760.33,415091,(C) Major Private Banks,10/19/2016
HDFC Bank Ltd,353544,1359767,1713311,68914.58,1712633,(C) Major Private Banks,10/19/2016
ICICI Bank Ltd,2817781,322459,3140240,15070.71,3079341,(C) Major Private Banks,10/19/2016
IndusInd Bank Ltd,40900,404212,445112,3285.45,432627,(C) Major Private Banks,10/19/2016
Jammu & Kashmir Bank Ltd,1205965,123863,1329828,35847.24,1133720,(C) Major Private Banks,10/19/2016
Karur Vysya Bank,22046,138726,160772,1336.99,146929,(C) Major Private Banks,10/19/2016
Kotak Mahindra Bank Ltd,109224,75271,184495,1688.32,113472,(C) Major Private Banks,10/19/2016
Lakshmi Vilas Bank Ltd,61309,107187,168496,1392.73,165512,(C) Major Private Banks,10/19/2016
RBL Bank Ltd,59787,35520,95307,190.52,95307,(C) Major Private Banks,10/19/2016
South Indian Bank Ltd,40918,164994,205912,3391.54,68438,(C) Major Private Banks,10/19/2016
Yes Bank Ltd,7963,6167,14130,150.08,12465,(C) Major Private Banks,10/19/2016
Major Private Banks Sub Total,5272020,3345339,8617359,159548.5,8003394,(C) Major Private Banks,10/19/2016
Public Sector Banks,113187536,88496516,201684052,3575441.6,156488190,Summary,10/26/2016
Regional Rural Banks,36879337,5974469,42853806,754197.6,29396013,Summary,10/26/2016
Private Sector Banks,5275811,3350598,8626409,157088.58,8010755,Summary,10/26/2016
Grand Total,155342684,97821583,253164267,4486727.78,193894958,Summary,10/26/2016
Allahabad Bank,4604943,1034806,5639749,73289.29,4427081,(A) Public Sector Banks,10/26/2016
Andhra Bank,1529275,723999,2253274,23716.84,1918100,(A) Public Sector Banks,10/26/2016
Bank of Baroda,6975505,8921977,15897482,320832.31,14744046,(A) Public Sector Banks,10/26/2016
Bank of India,6978757,7990138,14968895,226039,13309135,(A) Public Sector Banks,10/26/2016
Bank of Maharashtra,2782798,890819,3673617,63341.24,1723509,(A) Public Sector Banks,10/26/2016
Bhartiya Mahila Bank,0,69165,69165,1649.31,69165,(A) Public Sector Banks,10/26/2016
Canara Bank,5400962,2400664,7801626,139997.32,7171730,(A) Public Sector Banks,10/26/2016
Central Bank of India,6703816,1689120,8392936,107435.62,6083477,(A) Public Sector Banks,10/26/2016
Corporation Bank,1347878,1337345,2685223,76658.85,2582510,(A) Public Sector Banks,10/26/2016
Dena Bank,2647523,862265,3509788,40961.24,2273670,(A) Public Sector Banks,10/26/2016
IDBI Bank Ltd.,619391,524610,1144001,15260.24,950780,(A) Public Sector Banks,10/26/2016
Indian Bank,2024722,1023430,3048152,33334.79,2253369,(A) Public Sector Banks,10/26/2016
Indian Overseas Bank,1460021,2566473,4026494,58969.76,3840159,(A) Public Sector Banks,10/26/2016
Oriental Bank of Commerce,2299505,1535151,3834656,320372.45,3632604,(A) Public Sector Banks,10/26/2016
Punjab & Sind Bank,831572,426445,1258017,47976.58,1250451,(A) Public Sector Banks,10/26/2016
Punjab National Bank,12214496,2219114,14433610,207262.95,9994659,(A) Public Sector Banks,10/26/2016
State Bank of Bikaner & Jaipur,1956882,1880366,3837248,106707.79,3264941,(A) Public Sector Banks,10/26/2016
State Bank of Hyderabad,996688,1810375,2807063,31851.99,2740078,(A) Public Sector Banks,10/26/2016
State Bank of India,32596421,38386503,70982924,694410.04,49567622,(A) Public Sector Banks,10/26/2016
State Bank of Mysore,807102,222758,1029860,9742.05,846800,(A) Public Sector Banks,10/26/2016
State Bank of Patiala,426625,783243,1209868,21182.33,1143120,(A) Public Sector Banks,10/26/2016
State Bank of Travancore,75543,664955,740498,14182.17,376547,(A) Public Sector Banks,10/26/2016
Syndicate Bank,2865150,1260688,4125838,93116.45,3682430,(A) Public Sector Banks,10/26/2016
UCO Bank,3852361,3753388,7605749,181189.92,6947725,(A) Public Sector Banks,10/26/2016
Union Bank of India,4764145,1321708,6085853,100808.84,5383466,(A) Public Sector Banks,10/26/2016
United Bank of India,5580802,3591310,9172112,550497.61,4883927,(A) Public Sector Banks,10/26/2016
Vijaya Bank,844653,605701,1450354,14654.63,1427089,(A) Public Sector Banks,10/26/2016
Public Sector Banks Sub Total,113187536,88496516,201684052,3575441.6,156488190,(A) Public Sector Banks,10/26/2016
Allahabad Bank,750392,162751,913143,13101.66,767107,(B) Regional Rural Bank,10/26/2016
Andhra Bank,154746,13574,168320,1745.5,142962,(B) Regional Rural Bank,10/26/2016
Bank of Baroda,3753863,995627,4749490,89144.36,3798527,(B) Regional Rural Bank,10/26/2016
Bank of India,2612904,843117,3456021,33891.35,3202089,(B) Regional Rural Bank,10/26/2016
Bank of Maharashtra,381865,68491,450356,6416.09,450356,(B) Regional Rural Bank,10/26/2016
Canara Bank,599948,410476,1010424,21465.04,1010424,(B) Regional Rural Bank,10/26/2016
Central Bank of India,3524162,669896,4194058,96443.25,3871834,(B) Regional Rural Bank,10/26/2016
Dena Bank,295821,21618,317439,5057.02,285792,(B) Regional Rural Bank,10/26/2016
Indian Bank,359644,81331,440975,4048.83,347091,(B) Regional Rural Bank,10/26/2016
Indian Overseas Bank,929840,9717,939557,17855.13,616138,(B) Regional Rural Bank,10/26/2016
Jammu & Kashmir Bank Ltd,78060,14924,92984,3356.77,17272,(B) Regional Rural Bank,10/26/2016
Punjab & Sind Bank,17292,694,17986,28.97,12110,(B) Regional Rural Bank,10/26/2016
Punjab National Bank,3011592,372805,3384397,75580.96,2582972,(B) Regional Rural Bank,10/26/2016
State Bank of Bikaner & Jaipur,2152909,49094,2202003,34899.92,1308353,(B) Regional Rural Bank,10/26/2016
State Bank of Hyderabad,773844,133682,907526,26066.3,508374,(B) Regional Rural Bank,10/26/2016
State Bank of India,6607110,1215675,7822785,127587.33,3852634,(B) Regional Rural Bank,10/26/2016
State Bank of Mysore,279140,84648,363788,1444.18,316752,(B) Regional Rural Bank,10/26/2016
State Bank of Patiala,51892,672,52564,1279.93,36789,(B) Regional Rural Bank,10/26/2016
Syndicate Bank,1995677,479241,2474918,63556.08,2235304,(B) Regional Rural Bank,10/26/2016
UCO Bank,1201455,42076,1243531,21.66,558602,(B) Regional Rural Bank,10/26/2016
Union Bank of India,694344,207390,901734,4368.67,747907,(B) Regional Rural Bank,10/26/2016
United Bank of India,6652837,96970,6749807,126838.6,2726624,(B) Regional Rural Bank,10/26/2016
Regional Rural Banks Sub Total,36879337,5974469,42853806,754197.6,29396013,(B) Regional Rural Bank,10/26/2016
Axis Bank Ltd,152708,467903,620611,12469.24,558264,(C) Major Private Banks,10/26/2016
City Union Bank Ltd,14413,64163,78576,1050.77,69595,(C) Major Private Banks,10/26/2016
Federal Bank Ltd,386772,75216,461988,14617.37,416035,(C) Major Private Banks,10/26/2016
HDFC Bank Ltd,353676,1360418,1714094,68221.67,1713416,(C) Major Private Banks,10/26/2016
ICICI Bank Ltd,2819683,322641,3142324,14726.91,3081425,(C) Major Private Banks,10/26/2016
IndusInd Bank Ltd,41116,407395,448511,2093.47,436311,(C) Major Private Banks,10/26/2016
Jammu & Kashmir Bank Ltd,1205965,123863,1329828,35847.24,1133720,(C) Major Private Banks,10/26/2016
Karur Vysya Bank,22128,139240,161368,1353.51,146829,(C) Major Private Banks,10/26/2016
Kotak Mahindra Bank Ltd,109224,75271,184495,1673.56,113472,(C) Major Private Banks,10/26/2016
Lakshmi Vilas Bank Ltd,61330,107287,168617,1335.44,165512,(C) Major Private Banks,10/26/2016
RBL Bank Ltd,59787,35520,95307,190.05,95307,(C) Major Private Banks,10/26/2016
South Indian Bank Ltd,41036,165509,206545,3363.15,68404,(C) Major Private Banks,10/26/2016
Yes Bank Ltd,7973,6172,14145,146.2,12465,(C) Major Private Banks,10/26/2016
Major Private Banks Sub Total,5275811,3350598,8626409,157088.58,8010755,(C) Major Private Banks,10/26/2016
Public Sector Banks,113865263,88959398,202824661,3607462.11,156921236,Summary,11/02/2016
Regional Rural Banks,37039532,5984825,43024357,762164.42,29496762,Summary,11/02/2016
Private Sector Banks,5279988,3360230,8640218,160621.86,8025475,Summary,11/02/2016
Grand Total,156184783,98304453,254489236,4530248.39,194443473,Summary,11/02/2016
Allahabad Bank,4627079,1036479,5663558,74136.1,4431065,(A) Public Sector Banks,11/02/2016
Andhra Bank,1531575,724207,2255782,23865.45,1918100,(A) Public Sector Banks,11/02/2016
Bank of Baroda,6997374,8954760,15952134,323888.96,14792267,(A) Public Sector Banks,11/02/2016
Bank of India,7017064,8019496,15036560,227692.76,13347975,(A) Public Sector Banks,11/02/2016
Bank of Maharashtra,2797936,894318,3692254,64565.05,1723509,(A) Public Sector Banks,11/02/2016
Bhartiya Mahila Bank,0,69165,69165,1649.31,69165,(A) Public Sector Banks,11/02/2016
Canara Bank,5411659,2402101,7813760,141271.67,7174762,(A) Public Sector Banks,11/02/2016
Central Bank of India,6765232,1694615,8459847,108384.57,6102859,(A) Public Sector Banks,11/02/2016
Corporation Bank,1348512,1338026,2686538,76640.03,2582918,(A) Public Sector Banks,11/02/2016
Dena Bank,2649940,862914,3512854,41386.59,2267203,(A) Public Sector Banks,11/02/2016
IDBI Bank Ltd.,619770,524844,1144614,15151.85,950948,(A) Public Sector Banks,11/02/2016
Indian Bank,2037773,1028415,3066188,33533.98,2271405,(A) Public Sector Banks,11/02/2016
Indian Overseas Bank,1484524,2594813,4079337,60202.41,3853540,(A) Public Sector Banks,11/02/2016
Oriental Bank of Commerce,2302706,1536604,3839310,322749.48,3631791,(A) Public Sector Banks,11/02/2016
Punjab & Sind Bank,830863,426445,1257308,48235.58,1249941,(A) Public Sector Banks,11/02/2016
Punjab National Bank,12254289,2222201,14476490,208317.72,9995112,(A) Public Sector Banks,11/02/2016
State Bank of Bikaner & Jaipur,1958286,1881694,3839980,107734.69,3264658,(A) Public Sector Banks,11/02/2016
State Bank of Hyderabad,996688,1810375,2807063,31578.03,2740078,(A) Public Sector Banks,11/02/2016
State Bank of India,32963802,38708013,71671815,699745.21,49831495,(A) Public Sector Banks,11/02/2016
State Bank of Mysore,807102,222758,1029860,9700.07,846800,(A) Public Sector Banks,11/02/2016
State Bank of Patiala,426636,783246,1209882,21304.01,1143128,(A) Public Sector Banks,11/02/2016
State Bank of Travancore,78221,664487,742708,14456.52,375335,(A) Public Sector Banks,11/02/2016
Syndicate Bank,2867656,1261090,4128746,93195.02,3682050,(A) Public Sector Banks,11/02/2016
UCO Bank,3856276,3755283,7611559,182028.69,6947725,(A) Public Sector Banks,11/02/2016
Union Bank of India,4771701,1323034,6094735,101260.04,5380758,(A) Public Sector Banks,11/02/2016
United Bank of India,5615926,3612814,9228740,560133.7,4914304,(A) Public Sector Banks,11/02/2016
Vijaya Bank,846673,607201,1453874,14654.63,1432345,(A) Public Sector Banks,11/02/2016
Public Sector Banks Sub Total,113865263,88959398,202824661,3607462.11,156921236,(A) Public Sector Banks,11/02/2016
Allahabad Bank,761537,162774,924311,13332.42,767384,(B) Regional Rural Bank,11/02/2016
Andhra Bank,155235,13578,168813,1744.7,142962,(B) Regional Rural Bank,11/02/2016
Bank of Baroda,3861882,1000869,4862751,94221.8,3889138,(B) Regional Rural Bank,11/02/2016
Bank of India,2617465,844284,3461749,33954.81,3202089,(B) Regional Rural Bank,11/02/2016
Bank of Maharashtra,381865,68491,450356,6417.02,450356,(B) Regional Rural Bank,11/02/2016
Canara Bank,600708,410945,1011653,21465.74,1011653,(B) Regional Rural Bank,11/02/2016
Central Bank of India,3524576,670824,4195400,96726.14,3871486,(B) Regional Rural Bank,11/02/2016
Dena Bank,296064,21620,317684,5160.26,285792,(B) Regional Rural Bank,11/02/2016
Indian Bank,361595,81363,442958,4130.24,347091,(B) Regional Rural Bank,11/02/2016
Indian Overseas Bank,929840,9717,939557,17855.13,616138,(B) Regional Rural Bank,11/02/2016
Jammu & Kashmir Bank Ltd,78060,14924,92984,3356.77,17272,(B) Regional Rural Bank,11/02/2016
Punjab & Sind Bank,17297,694,17991,28.28,12110,(B) Regional Rural Bank,11/02/2016
Punjab National Bank,3007434,371381,3378815,76007.86,2589882,(B) Regional Rural Bank,11/02/2016
State Bank of Bikaner & Jaipur,2156808,49193,2206001,35091.02,1308374,(B) Regional Rural Bank,11/02/2016
State Bank of Hyderabad,773844,133682,907526,26066.3,508374,(B) Regional Rural Bank,11/02/2016
State Bank of India,6618941,1217179,7836120,128759.69,3854129,(B) Regional Rural Bank,11/02/2016
State Bank of Mysore,279181,84663,363844,1444.71,316768,(B) Regional Rural Bank,11/02/2016
State Bank of Patiala,51924,672,52596,1303.93,36789,(B) Regional Rural Bank,11/02/2016
Syndicate Bank,1997852,479772,2477624,63516.78,2235304,(B) Regional Rural Bank,11/02/2016
UCO Bank,1211357,42565,1253922,21.89,558602,(B) Regional Rural Bank,11/02/2016
Union Bank of India,696237,208203,904440,4390.74,748086,(B) Regional Rural Bank,11/02/2016
United Bank of India,6659830,97432,6757262,127168.19,2726983,(B) Regional Rural Bank,11/02/2016
Regional Rural Banks Sub Total,37039532,5984825,43024357,762164.42,29496762,(B) Regional Rural Bank,11/02/2016
Axis Bank Ltd,152708,467903,620611,12469.24,558264,(C) Major Private Banks,11/02/2016
City Union Bank Ltd,15652,67991,83643,1709.48,76453,(C) Major Private Banks,11/02/2016
Federal Bank Ltd,388006,75307,463313,14796.32,417216,(C) Major Private Banks,11/02/2016
HDFC Bank Ltd,354118,1362489,1716607,70792.99,1715929,(C) Major Private Banks,11/02/2016
ICICI Bank Ltd,2820522,322804,3143326,14679.15,3082427,(C) Major Private Banks,11/02/2016
IndusInd Bank Ltd,41435,410621,452056,2282.07,439138,(C) Major Private Banks,11/02/2016
Jammu & Kashmir Bank Ltd,1205965,123863,1329828,35847.24,1133720,(C) Major Private Banks,11/02/2016
Karur Vysya Bank,22176,139441,161617,1327.09,147166,(C) Major Private Banks,11/02/2016
Kotak Mahindra Bank Ltd,109225,75272,184497,1711.83,113474,(C) Major Private Banks,11/02/2016
Lakshmi Vilas Bank Ltd,61366,107339,168705,1302.53,165512,(C) Major Private Banks,11/02/2016
RBL Bank Ltd,59787,35520,95307,193.21,95307,(C) Major Private Banks,11/02/2016
South Indian Bank Ltd,41036,165509,206545,3363.15,68404,(C) Major Private Banks,11/02/2016
Yes Bank Ltd,7992,6171,14163,147.55,12465,(C) Major Private Banks,11/02/2016
Major Private Banks Sub Total,5279988,3360230,8640218,160621.86,8025475,(C) Major Private Banks,11/02/2016
Public Sector Banks,114344933,89257680,203602613,3640384.72,157169922,Summary,11/09/2016
Regional Rural Banks,37140172,5994797,43134969,763075.08,29428136,Summary,11/09/2016
Private Sector Banks,5263656,3115567,8379223,160201.13,7768364,Summary,11/09/2016
Grand Total,156748761,98368044,255116805,4563660.93,194366422,Summary,11/09/2016
Allahabad Bank,4656482,1038355,5694837,75286.26,4434159,(A) Public Sector Banks,11/09/2016
Andhra Bank,1533257,724136,2257393,23953.09,1918100,(A) Public Sector Banks,11/09/2016
Bank of Baroda,7018762,8984831,16003593,326880.93,14835544,(A) Public Sector Banks,11/09/2016
Bank of India,7054864,8050493,15105357,233341.7,13352208,(A) Public Sector Banks,11/09/2016
Bank of Maharashtra,2806589,895996,3702585,64769.75,1723509,(A) Public Sector Banks,11/09/2016
Bhartiya Mahila Bank,0,69165,69165,1649.31,69165,(A) Public Sector Banks,11/09/2016
Canara Bank,5427633,2398588,7826221,142791.01,7178006,(A) Public Sector Banks,11/09/2016
Central Bank of India,6785737,1697759,8483496,109783.04,6102008,(A) Public Sector Banks,11/09/2016
Corporation Bank,1349366,1338743,2688109,77670.51,2583420,(A) Public Sector Banks,11/09/2016
Dena Bank,2667305,864081,3531386,41499.7,2267203,(A) Public Sector Banks,11/09/2016
IDBI Bank Ltd.,620218,524955,1145173,15086.81,950940,(A) Public Sector Banks,11/09/2016
Indian Bank,2044150,1029673,3073823,38347.49,2279040,(A) Public Sector Banks,11/09/2016
Indian Overseas Bank,1484524,2594813,4079337,60202.41,3853540,(A) Public Sector Banks,11/09/2016
Oriental Bank of Commerce,2306924,1538124,3845048,323711.77,3634901,(A) Public Sector Banks,11/09/2016
Punjab & Sind Bank,830728,426445,1257173,53546.58,1249895,(A) Public Sector Banks,11/09/2016
Punjab National Bank,12274434,2224373,14498807,211525.33,9995249,(A) Public Sector Banks,11/09/2016
State Bank of Bikaner & Jaipur,1960401,1883568,3843969,107987.81,3264341,(A) Public Sector Banks,11/09/2016
State Bank of Hyderabad,996688,1810375,2807063,31670.86,2740078,(A) Public Sector Banks,11/09/2016
State Bank of India,33189084,38901320,72090404,704099.46,50009551,(A) Public Sector Banks,11/09/2016
State Bank of Mysore,810403,222889,1033292,9926.18,849293,(A) Public Sector Banks,11/09/2016
State Bank of Patiala,426644,783250,1209894,21973.6,1143131,(A) Public Sector Banks,11/09/2016
State Bank of Travancore,75949,668586,744535,14470.6,380022,(A) Public Sector Banks,11/09/2016
Syndicate Bank,2871137,1261501,4132638,92489.43,3683758,(A) Public Sector Banks,11/09/2016
UCO Bank,3860756,3756147,7616903,182793.35,6947725,(A) Public Sector Banks,11/09/2016
Union Bank of India,4781988,1325161,6107149,102107.64,5375724,(A) Public Sector Banks,11/09/2016
United Bank of India,5662654,3637152,9299806,558163.56,4915369,(A) Public Sector Banks,11/09/2016
Vijaya Bank,848256,607201,1455457,14656.53,1434043,(A) Public Sector Banks,11/09/2016
Public Sector Banks Sub Total,114344933,89257680,203602613,3640384.72,157169922,(A) Public Sector Banks,11/09/2016
Allahabad Bank,785671,162774,948445,14140.45,767729,(B) Regional Rural Bank,11/09/2016
Andhra Bank,155497,13604,169101,1743.8,142962,(B) Regional Rural Bank,11/09/2016
Bank of Baroda,3770608,999078,4769686,90317.34,3811001,(B) Regional Rural Bank,11/09/2016
Bank of India,2627059,846841,3473900,34091.48,3202089,(B) Regional Rural Bank,11/09/2016
Bank of Maharashtra,400457,70131,470588,6418.24,450356,(B) Regional Rural Bank,11/09/2016
Canara Bank,601180,411288,1012468,21466.38,1012468,(B) Regional Rural Bank,11/09/2016
Central Bank of India,3525203,671474,4196677,97604.37,3870500,(B) Regional Rural Bank,11/09/2016
Dena Bank,296393,21629,318022,5251.25,285792,(B) Regional Rural Bank,11/09/2016
Indian Bank,361829,81369,443198,4154.02,347091,(B) Regional Rural Bank,11/09/2016
Indian Overseas Bank,929840,9717,939557,17855.13,616138,(B) Regional Rural Bank,11/09/2016
Jammu & Kashmir Bank Ltd,78060,14924,92984,3356.77,17272,(B) Regional Rural Bank,11/09/2016
Punjab & Sind Bank,17386,694,18080,28.28,12110,(B) Regional Rural Bank,11/09/2016
Punjab National Bank,3007700,371651,3379351,76376.04,2595477,(B) Regional Rural Bank,11/09/2016
State Bank of Bikaner & Jaipur,2162208,49404,2211612,35276.94,1308412,(B) Regional Rural Bank,11/09/2016
State Bank of Hyderabad,773844,133682,907526,26066.3,508374,(B) Regional Rural Bank,11/09/2016
State Bank of India,6627365,1220193,7847558,130073.6,3857007,(B) Regional Rural Bank,11/09/2016
State Bank of Mysore,279238,84684,363922,1445.32,316778,(B) Regional Rural Bank,11/09/2016
State Bank of Patiala,51983,672,52655,1296.78,36789,(B) Regional Rural Bank,11/09/2016
Syndicate Bank,2001660,480644,2482304,63660.72,2235304,(B) Regional Rural Bank,11/09/2016
UCO Bank,1211357,42565,1253922,21.89,558602,(B) Regional Rural Bank,11/09/2016
Union Bank of India,698393,209130,907523,4408.77,748313,(B) Regional Rural Bank,11/09/2016
United Bank of India,6777241,98649,6875890,128021.21,2727572,(B) Regional Rural Bank,11/09/2016
Regional Rural Banks Sub Total,37140172,5994797,43134969,763075.08,29428136,(B) Regional Rural Bank,11/09/2016
Axis Bank Ltd,152708,467903,620611,12469.24,558264,(C) Major Private Banks,11/09/2016
City Union Bank Ltd,15652,67909,83561,1706.59,76389,(C) Major Private Banks,11/09/2016
Federal Bank Ltd,389227,75420,464647,14907.49,418524,(C) Major Private Banks,11/09/2016
HDFC Bank Ltd,354302,1363277,1717579,70869.36,1716901,(C) Major Private Banks,11/09/2016
ICICI Bank Ltd,2820702,322912,3143614,15053.72,3082716,(C) Major Private Banks,11/09/2016
IndusInd Bank Ltd,23154,163520,186674,1188.09,179456,(C) Major Private Banks,11/09/2016
Jammu & Kashmir Bank Ltd,1205965,123863,1329828,35847.24,1133720,(C) Major Private Banks,11/09/2016
Karur Vysya Bank,22209,139647,161856,1359.55,147304,(C) Major Private Banks,11/09/2016
Kotak Mahindra Bank Ltd,109232,75275,184507,1689.8,113477,(C) Major Private Banks,11/09/2016
Lakshmi Vilas Bank Ltd,61417,107447,168864,1350.36,165512,(C) Major Private Banks,11/09/2016
RBL Bank Ltd,59787,35520,95307,198.17,95307,(C) Major Private Banks,11/09/2016
South Indian Bank Ltd,41305,166702,208007,3410.7,68329,(C) Major Private Banks,11/09/2016
Yes Bank Ltd,7996,6172,14168,150.81,12465,(C) Major Private Banks,11/09/2016
Major Private Banks Sub Total,5263656,3115567,8379223,160201.13,7768364,(C) Major Private Banks,11/09/2016
Public Sector Banks,114303272,89578254,203881526,5093377.72,157360505,Summary,11/16/2016
Regional Rural Banks,37299030,6012513,43311543,1093502.98,29525802,Summary,11/16/2016
Private Sector Banks,5199902,3418735,8618637,238334.9,8042997,Summary,11/16/2016
Grand Total,156802204,99009502,255811706,6425215.6,194929304,Summary,11/16/2016
Allahabad Bank,4667495,1040006,5707501,112967.89,4437115,(A) Public Sector Banks,11/16/2016
Andhra Bank,1533177,723780,2256957,45617.57,1918100,(A) Public Sector Banks,11/16/2016
Bank of Baroda,7046274,9039530,16085804,513788.56,14909637,(A) Public Sector Banks,11/16/2016
Bank of India,7071495,8065720,15137215,342842.87,13385450,(A) Public Sector Banks,11/16/2016
Bank of Maharashtra,2807321,896170,3703491,85368.79,1723509,(A) Public Sector Banks,11/16/2016
Bhartiya Mahila Bank,0,68937,68937,2440.05,68937,(A) Public Sector Banks,11/16/2016
Canara Bank,5374573,2392656,7767229,217879.22,7180880,(A) Public Sector Banks,11/16/2016
Central Bank of India,6798491,1698064,8496555,177247.06,6100412,(A) Public Sector Banks,11/16/2016
Corporation Bank,1349367,1338943,2688310,99692.38,2583464,(A) Public Sector Banks,11/16/2016
Dena Bank,2654079,861806,3515885,67344.35,2267203,(A) Public Sector Banks,11/16/2016
IDBI Bank Ltd.,620360,525001,1145361,24881.12,951105,(A) Public Sector Banks,11/16/2016
Indian Bank,2044623,1030034,3074657,61131.3,2279874,(A) Public Sector Banks,11/16/2016
Indian Overseas Bank,1486072,2597630,4083702,86834.07,3849212,(A) Public Sector Banks,11/16/2016
Oriental Bank of Commerce,2148905,1698167,3847072,438446.79,3635908,(A) Public Sector Banks,11/16/2016
Punjab & Sind Bank,830667,426445,1257112,72423.88,1249803,(A) Public Sector Banks,11/16/2016
Punjab National Bank,12280013,2225328,14505341,321327.28,9995316,(A) Public Sector Banks,11/16/2016
State Bank of Bikaner & Jaipur,1960682,1884168,3844850,151779.78,3264125,(A) Public Sector Banks,11/16/2016
State Bank of Hyderabad,996688,1810375,2807063,53276.51,2740078,(A) Public Sector Banks,11/16/2016
State Bank of India,33281233,38985460,72266693,867864.45,50087329,(A) Public Sector Banks,11/16/2016
State Bank of Mysore,810520,222914,1033434,16923.28,849375,(A) Public Sector Banks,11/16/2016
State Bank of Patiala,426652,783254,1209906,32777.7,1143133,(A) Public Sector Banks,11/16/2016
State Bank of Travancore,75950,668695,744645,19384.57,380022,(A) Public Sector Banks,11/16/2016
Syndicate Bank,2873422,1261617,4135039,153919.25,3686674,(A) Public Sector Banks,11/16/2016
UCO Bank,3861790,3756332,7618122,282483.48,6947725,(A) Public Sector Banks,11/16/2016
Union Bank of India,4785265,1325724,6110989,154941.37,5373921,(A) Public Sector Banks,11/16/2016
United Bank of India,5668720,3644297,9313017,665266.02,4916149,(A) Public Sector Banks,11/16/2016
Vijaya Bank,849438,607201,1456639,24528.13,1436049,(A) Public Sector Banks,11/16/2016
Public Sector Banks Sub Total,114303272,89578254,203881526,5093377.72,157360505,(A) Public Sector Banks,11/16/2016
Allahabad Bank,806045,167041,973086,22124.43,767782,(B) Regional Rural Bank,11/16/2016
Andhra Bank,155805,13606,169411,1744.2,142962,(B) Regional Rural Bank,11/16/2016
Bank of Baroda,3879358,1004570,4883928,152875.96,3902662,(B) Regional Rural Bank,11/16/2016
Bank of India,2627964,847087,3475051,50782.24,3202089,(B) Regional Rural Bank,11/16/2016
Bank of Maharashtra,400457,70131,470588,6418.3,450356,(B) Regional Rural Bank,11/16/2016
Canara Bank,603644,412897,1016541,41525.65,1015479,(B) Regional Rural Bank,11/16/2016
Central Bank of India,3525394,671549,4196943,110622.91,3870599,(B) Regional Rural Bank,11/16/2016
Dena Bank,296469,21633,318102,15562.68,285792,(B) Regional Rural Bank,11/16/2016
Indian Bank,362038,81369,443407,9400.68,347091,(B) Regional Rural Bank,11/16/2016
Indian Overseas Bank,929840,9717,939557,17855.13,616138,(B) Regional Rural Bank,11/16/2016
Jammu & Kashmir Bank Ltd,79342,15419,94761,5337.47,17455,(B) Regional Rural Bank,11/16/2016
Punjab & Sind Bank,17368,683,18051,48.78,12110,(B) Regional Rural Bank,11/16/2016
Punjab National Bank,3009124,371848,3380972,119274.94,2596856,(B) Regional Rural Bank,11/16/2016
State Bank of Bikaner & Jaipur,2167086,49778,2216864,36200.94,1308594,(B) Regional Rural Bank,11/16/2016
State Bank of Hyderabad,773844,133682,907526,26066.3,508374,(B) Regional Rural Bank,11/16/2016
State Bank of India,6636728,1223683,7860411,156010.06,3857759,(B) Regional Rural Bank,11/16/2016
State Bank of Mysore,279380,84759,364139,2754.29,316778,(B) Regional Rural Bank,11/16/2016
State Bank of Patiala,52118,672,52790,2226.94,36789,(B) Regional Rural Bank,11/16/2016
Syndicate Bank,2004500,481383,2485883,102729.75,2235304,(B) Regional Rural Bank,11/16/2016
UCO Bank,1212058,42593,1254651,25.94,558602,(B) Regional Rural Bank,11/16/2016
Union Bank of India,698867,209438,908305,29501.99,748458,(B) Regional Rural Bank,11/16/2016
United Bank of India,6781601,98975,6880576,184413.41,2727773,(B) Regional Rural Bank,11/16/2016
Regional Rural Banks Sub Total,37299030,6012513,43311543,1093502.98,29525802,(B) Regional Rural Bank,11/16/2016
Axis Bank Ltd,109466,523080,632546,23080.94,561170,(C) Major Private Banks,11/16/2016
City Union Bank Ltd,15652,67909,83561,1706.59,76389,(C) Major Private Banks,11/16/2016
Federal Bank Ltd,389485,75423,464908,24331.78,419546,(C) Major Private Banks,11/16/2016
HDFC Bank Ltd,354472,1364616,1719088,93230.55,1718410,(C) Major Private Banks,11/16/2016
ICICI Bank Ltd,2820781,322999,3143780,15279.9,3082882,(C) Major Private Banks,11/16/2016
IndusInd Bank Ltd,42124,418804,460928,5092.32,447019,(C) Major Private Banks,11/16/2016
Jammu & Kashmir Bank Ltd,1165911,114685,1280596,60390.37,1133720,(C) Major Private Banks,11/16/2016
Karur Vysya Bank,22212,139718,161930,2918.92,147326,(C) Major Private Banks,11/16/2016
Kotak Mahindra Bank Ltd,109237,75275,184512,3132.03,113479,(C) Major Private Banks,11/16/2016
Lakshmi Vilas Bank Ltd,61406,107586,168992,2715.71,166913,(C) Major Private Banks,11/16/2016
RBL Bank Ltd,59787,35520,95307,203.31,95307,(C) Major Private Banks,11/16/2016
South Indian Bank Ltd,41369,166948,208317,5996.49,68292,(C) Major Private Banks,11/16/2016
Yes Bank Ltd,8000,6172,14172,256,12544,(C) Major Private Banks,11/16/2016
Major Private Banks Sub Total,5199902,3418735,8618637,238334.9,8042997,(C) Major Private Banks,11/16/2016
Public Sector Banks,114571528,89860739,204432267,5666805.36,157684148,Summary,11/23/2016
Regional Rural Banks,37604898,6107059,43711957,1350709.42,29464045,Summary,11/23/2016
Private Sector Banks,5194562,3425699,8620261,265957.56,8054141,Summary,11/23/2016
Grand Total,157370988,99393497,256764485,7283472.34,195202334,Summary,11/23/2016
Allahabad Bank,4684787,1044367,5729154,134490.82,4439460,(A) Public Sector Banks,11/23/2016
Andhra Bank,1532654,722722,2255376,47472.64,1918100,(A) Public Sector Banks,11/23/2016
Bank of Baroda,7086369,9140120,16226489,567955.86,15050043,(A) Public Sector Banks,11/23/2016
Bank of India,7090507,8091635,15182142,374230.73,13383763,(A) Public Sector Banks,11/23/2016
Bank of Maharashtra,2806679,896010,3702689,101706.82,1723509,(A) Public Sector Banks,11/23/2016
Bhartiya Mahila Bank,0,68938,68938,2641.31,68938,(A) Public Sector Banks,11/23/2016
Canara Bank,5375824,2392656,7768480,234183.53,7182159,(A) Public Sector Banks,11/23/2016
Central Bank of India,6812803,1699536,8512339,195178.65,6099152,(A) Public Sector Banks,11/23/2016
Corporation Bank,1349596,1339345,2688941,138379.08,2583635,(A) Public Sector Banks,11/23/2016
Dena Bank,2662710,862223,3524933,80097.49,2267203,(A) Public Sector Banks,11/23/2016
IDBI Bank Ltd.,620479,524959,1145438,26662.85,951077,(A) Public Sector Banks,11/23/2016
Indian Bank,2047091,1032483,3079574,63606.81,2284791,(A) Public Sector Banks,11/23/2016
Indian Overseas Bank,1483827,2594935,4078762,98143.07,3840924,(A) Public Sector Banks,11/23/2016
Oriental Bank of Commerce,2150164,1698977,3849141,480331.03,3636175,(A) Public Sector Banks,11/23/2016
Punjab & Sind Bank,830728,426445,1257173,77996.79,1249803,(A) Public Sector Banks,11/23/2016
Punjab National Bank,12298735,2229834,14528569,352999.46,9995533,(A) Public Sector Banks,11/23/2016
State Bank of Bikaner & Jaipur,1962245,1886496,3848741,171495.58,3263933,(A) Public Sector Banks,11/23/2016
State Bank of Hyderabad,996688,1810375,2807063,57290.93,2740078,(A) Public Sector Banks,11/23/2016
State Bank of India,33402185,39108630,72510815,1008385.38,50207039,(A) Public Sector Banks,11/23/2016
State Bank of Mysore,811846,222981,1034827,16841.59,908188,(A) Public Sector Banks,11/23/2016
State Bank of Patiala,426660,783258,1209918,36655.04,1143135,(A) Public Sector Banks,11/23/2016
State Bank of Travancore,76207,670702,746909,19931.82,380701,(A) Public Sector Banks,11/23/2016
Syndicate Bank,2877399,1261941,4139340,161321.76,3686534,(A) Public Sector Banks,11/23/2016
UCO Bank,3863340,3756332,7619672,304525.12,6947725,(A) Public Sector Banks,11/23/2016
Union Bank of India,4787337,1324099,6111436,165263.52,5360244,(A) Public Sector Banks,11/23/2016
United Bank of India,5681861,3663539,9345400,723858.85,4933257,(A) Public Sector Banks,11/23/2016
Vijaya Bank,852807,607201,1460008,25158.82,1439049,(A) Public Sector Banks,11/23/2016
Public Sector Banks Sub Total,114571528,89860739,204432267,5666805.36,157684148,(A) Public Sector Banks,11/23/2016
Allahabad Bank,833973,167041,1001014,26621.36,767875,(B) Regional Rural Bank,11/23/2016
Andhra Bank,155902,13609,169511,3862.23,142962,(B) Regional Rural Bank,11/23/2016
Bank of Baroda,3791944,1005413,4797357,158510.31,3828553,(B) Regional Rural Bank,11/23/2016
Bank of India,2635233,845636,3480869,69762.49,3202089,(B) Regional Rural Bank,11/23/2016
Bank of Maharashtra,569357,131831,701188,27084.35,450356,(B) Regional Rural Bank,11/23/2016
Canara Bank,612024,418524,1030548,78615.2,1022440,(B) Regional Rural Bank,11/23/2016
Central Bank of India,3526147,672088,4198235,146517.89,3870435,(B) Regional Rural Bank,11/23/2016
Dena Bank,296559,21639,318198,18959.1,285792,(B) Regional Rural Bank,11/23/2016
Indian Bank,372688,100940,473628,9753.09,347463,(B) Regional Rural Bank,11/23/2016
Indian Overseas Bank,979353,9757,989110,32148.74,616138,(B) Regional Rural Bank,11/23/2016
Jammu & Kashmir Bank Ltd,79683,15498,95181,5645.37,17480,(B) Regional Rural Bank,11/23/2016
Punjab & Sind Bank,17381,584,17965,48.98,12110,(B) Regional Rural Bank,11/23/2016
Punjab National Bank,3011057,372444,3383501,143899.92,2598626,(B) Regional Rural Bank,11/23/2016
State Bank of Bikaner & Jaipur,2178715,50366,2229081,37194.46,1308594,(B) Regional Rural Bank,11/23/2016
State Bank of Hyderabad,773844,133682,907526,26066.3,508374,(B) Regional Rural Bank,11/23/2016
State Bank of India,6649088,1226470,7875558,173766.92,3860124,(B) Regional Rural Bank,11/23/2016
State Bank of Mysore,281109,85321,366430,18763.05,316778,(B) Regional Rural Bank,11/23/2016
State Bank of Patiala,52233,672,52905,2555.73,36789,(B) Regional Rural Bank,11/23/2016
Syndicate Bank,2006797,481844,2488641,108127.74,2235304,(B) Regional Rural Bank,11/23/2016
UCO Bank,1255020,44542,1299562,32026.38,558643,(B) Regional Rural Bank,11/23/2016
Union Bank of India,699094,209547,908641,31575.24,748618,(B) Regional Rural Bank,11/23/2016
United Bank of India,6827697,99611,6927308,199204.57,2728502,(B) Regional Rural Bank,11/23/2016
Regional Rural Banks Sub Total,37604898,6107059,43711957,1350709.42,29464045,(B) Regional Rural Bank,11/23/2016
Axis Bank Ltd,109831,524342,634173,25218.07,562170,(C) Major Private Banks,11/23/2016
City Union Bank Ltd,15652,67909,83561,1706.59,76389,(C) Major Private Banks,11/23/2016
Federal Bank Ltd,389577,75421,464998,24911.79,419670,(C) Major Private Banks,11/23/2016
HDFC Bank Ltd,354640,1365675,1720315,104661.01,1719637,(C) Major Private Banks,11/23/2016
ICICI Bank Ltd,2822889,323080,3145969,24698.07,3085071,(C) Major Private Banks,11/23/2016
IndusInd Bank Ltd,42761,424428,467189,5066.42,453711,(C) Major Private Banks,11/23/2016
Jammu & Kashmir Bank Ltd,1157257,113488,1270745,63183.61,1133720,(C) Major Private Banks,11/23/2016
Karur Vysya Bank,22217,139869,162086,3100.28,147419,(C) Major Private Banks,11/23/2016
Kotak Mahindra Bank Ltd,109237,75275,184512,3414.71,113479,(C) Major Private Banks,11/23/2016
Lakshmi Vilas Bank Ltd,61403,107592,168995,2896.35,166913,(C) Major Private Banks,11/23/2016
RBL Bank Ltd,59787,35520,95307,207.97,95307,(C) Major Private Banks,11/23/2016
South Indian Bank Ltd,41308,166928,208236,6612.63,68111,(C) Major Private Banks,11/23/2016
Yes Bank Ltd,8003,6172,14175,280.05,12544,(C) Major Private Banks,11/23/2016
Major Private Banks Sub Total,5194562,3425699,8620261,265957.56,8054141,(C) Major Private Banks,11/23/2016
Public Sector Banks,114400248,90714165,205114413,5793974.53,156000458,Summary,11/30/2016
Regional Rural Banks,37944591,6165537,44110128,1368211.92,29497136,Summary,11/30/2016
Private Sector Banks,5191584,3431389,8622973,269968.81,8065238,Summary,11/30/2016
Grand Total,157536423,100311091,257847514,7432155.26,193562832,Summary,11/30/2016
Allahabad Bank,4731363,1051762,5783125,138043,4444504,(A) Public Sector Banks,11/30/2016
Andhra Bank,1565913,723977,2289890,45419.64,1918100,(A) Public Sector Banks,11/30/2016
Bank of Baroda,7149269,9288261,16437530,573514.26,15241167,(A) Public Sector Banks,11/30/2016
Bank of India,7116255,8130761,15247016,378551.56,13381903,(A) Public Sector Banks,11/30/2016
Bank of Maharashtra,2812654,896846,3709500,103359.63,1723509,(A) Public Sector Banks,11/30/2016
Bhartiya Mahila Bank,0,68964,68964,2645.67,68964,(A) Public Sector Banks,11/30/2016
Canara Bank,5375824,2393868,7769692,232602.99,7185041,(A) Public Sector Banks,11/30/2016
Central Bank of India,6837432,1703024,8540456,196887.26,6098442,(A) Public Sector Banks,11/30/2016
Corporation Bank,1350532,1340043,2690575,144687.47,2584148,(A) Public Sector Banks,11/30/2016
Dena Bank,2668682,863398,3532080,81518.71,2267203,(A) Public Sector Banks,11/30/2016
IDBI Bank Ltd.,620642,525009,1145651,26897.88,951030,(A) Public Sector Banks,11/30/2016
Indian Bank,2059098,1038225,3097323,62301.41,2302540,(A) Public Sector Banks,11/30/2016
Indian Overseas Bank,909628,3171990,4081618,98142.41,3838946,(A) Public Sector Banks,11/30/2016
Oriental Bank of Commerce,2153357,1700530,3853887,492559.95,3638638,(A) Public Sector Banks,11/30/2016
Punjab & Sind Bank,831972,426445,1258417,77779.79,1249803,(A) Public Sector Banks,11/30/2016
Punjab National Bank,12355573,2244238,14599811,355476.47,9996325,(A) Public Sector Banks,11/30/2016
State Bank of Bikaner & Jaipur,1964629,1886120,3850749,179311.03,3266361,(A) Public Sector Banks,11/30/2016
State Bank of Hyderabad,998230,1813087,2811317,56486.85,2740078,(A) Public Sector Banks,11/30/2016
State Bank of India,33415862,39129546,72545408,1049668.08,50226646,(A) Public Sector Banks,11/30/2016
State Bank of Mysore,822033,223301,1045334,16042.72,855967,(A) Public Sector Banks,11/30/2016
State Bank of Patiala,442091,713971,1156062,28780.98,1043324,(A) Public Sector Banks,11/30/2016
State Bank of Travancore,76390,672509,748899,19865.36,382945,(A) Public Sector Banks,11/30/2016
Syndicate Bank,2882610,1263281,4145891,157945.23,3686345,(A) Public Sector Banks,11/30/2016
UCO Bank,3863340,3790073,7653413,341163.46,3860899,(A) Public Sector Banks,11/30/2016
Union Bank of India,4814081,1330453,6144534,163944.42,5354479,(A) Public Sector Banks,11/30/2016
United Bank of India,5716252,3696213,9412465,745543,6253308,(A) Public Sector Banks,11/30/2016
Vijaya Bank,866536,628270,1494806,24835.28,1439843,(A) Public Sector Banks,11/30/2016
Public Sector Banks Sub Total,114400248,90714165,205114413,5793974.53,156000458,(A) Public Sector Banks,11/30/2016
Allahabad Bank,846870,167041,1013911,27380.9,767889,(B) Regional Rural Bank,11/30/2016
Andhra Bank,156164,13618,169782,3668.1,142962,(B) Regional Rural Bank,11/30/2016
Bank of Baroda,3818909,1012955,4831864,159304.19,3848767,(B) Regional Rural Bank,11/30/2016
Bank of India,2640026,847357,3487383,71044.89,3202089,(B) Regional Rural Bank,11/30/2016
Bank of Maharashtra,603583,142939,746522,27343.35,450356,(B) Regional Rural Bank,11/30/2016
Canara Bank,625462,427552,1053014,79905.84,1032508,(B) Regional Rural Bank,11/30/2016
Central Bank of India,3526755,672437,4199192,148559.36,3870146,(B) Regional Rural Bank,11/30/2016
Dena Bank,296644,21656,318300,19515.43,285792,(B) Regional Rural Bank,11/30/2016
Indian Bank,379653,101420,481073,9389.65,347479,(B) Regional Rural Bank,11/30/2016
Indian Overseas Bank,978635,9758,988393,31120.59,616138,(B) Regional Rural Bank,11/30/2016
Jammu & Kashmir Bank Ltd,82624,14485,97109,5603.5,17538,(B) Regional Rural Bank,11/30/2016
Punjab & Sind Bank,17184,683,17867,39.74,12110,(B) Regional Rural Bank,11/30/2016
Punjab National Bank,3016984,374453,3391437,141837.99,2597437,(B) Regional Rural Bank,11/30/2016
State Bank of Bikaner & Jaipur,2191433,50845,2242278,37686.91,1308594,(B) Regional Rural Bank,11/30/2016
State Bank of Hyderabad,874301,150959,1025260,23550,508374,(B) Regional Rural Bank,11/30/2016
State Bank of India,6672039,1232226,7904265,181383.13,3863540,(B) Regional Rural Bank,11/30/2016
State Bank of Mysore,280977,85232,366209,18053.68,316628,(B) Regional Rural Bank,11/30/2016
State Bank of Patiala,52518,672,53190,2642.13,36789,(B) Regional Rural Bank,11/30/2016
Syndicate Bank,2010753,482539,2493292,108704.76,2235304,(B) Regional Rural Bank,11/30/2016
UCO Bank,1266829,45668,1312497,37341.39,558643,(B) Regional Rural Bank,11/30/2016
Union Bank of India,701780,210680,912460,31470.5,748650,(B) Regional Rural Bank,11/30/2016
United Bank of India,6904468,100362,7004830,202665.91,2729403,(B) Regional Rural Bank,11/30/2016
Regional Rural Banks Sub Total,37944591,6165537,44110128,1368211.92,29497136,(B) Regional Rural Bank,11/30/2016
Axis Bank Ltd,110067,526220,636287,25361.59,564007,(C) Major Private Banks,11/30/2016
City Union Bank Ltd,15652,67909,83561,1706.59,76389,(C) Major Private Banks,11/30/2016
Federal Bank Ltd,390112,75497,465609,25243.72,419615,(C) Major Private Banks,11/30/2016
HDFC Bank Ltd,354706,1366116,1720822,107702.88,1720144,(C) Major Private Banks,11/30/2016
ICICI Bank Ltd,2826148,323146,3149294,25648.36,3088397,(C) Major Private Banks,11/30/2016
IndusInd Bank Ltd,42998,427418,470416,5224.69,457701,(C) Major Private Banks,11/30/2016
Jammu & Kashmir Bank Ltd,1149901,113494,1263395,62842.29,1133720,(C) Major Private Banks,11/30/2016
Karur Vysya Bank,22241,140047,162288,2933.31,147561,(C) Major Private Banks,11/30/2016
Kotak Mahindra Bank Ltd,109240,75275,184515,3414.32,113481,(C) Major Private Banks,11/30/2016
Lakshmi Vilas Bank Ltd,61414,107646,169060,2799.22,167083,(C) Major Private Banks,11/30/2016
RBL Bank Ltd,59787,35520,95307,207.78,95307,(C) Major Private Banks,11/30/2016
South Indian Bank Ltd,41308,166928,208236,6612.63,68111,(C) Major Private Banks,11/30/2016
Yes Bank Ltd,8010,6173,14183,271.44,13722,(C) Major Private Banks,11/30/2016
Major Private Banks Sub Total,5191584,3431389,8622973,269968.81,8065238,(C) Major Private Banks,11/30/2016
Public Sector Banks,114174546,90954958,205129504,5816594.45,160728767,Summary,12/07/2016
Regional Rural Banks,38222178,6251593,44473771,1369793.69,32798508,Summary,12/07/2016
Private Sector Banks,5178487,3446954,8625441,274561.46,8054770,Summary,12/07/2016
Grand Total,157575211,100653505,258228716,7460949.6,201582045,Summary,12/07/2016
Allahabad Bank,4836874,1072147,5909021,137142.49,4511766,(A) Public Sector Banks,12/07/2016
Andhra Bank,1577433,735836,2313269,44559.16,1918100,(A) Public Sector Banks,12/07/2016
Bank of Baroda,7243421,9489856,16733277,568636.48,15505653,(A) Public Sector Banks,12/07/2016
Bank of India,7173134,8214345,15387479,379452.53,13516439,(A) Public Sector Banks,12/07/2016
Bank of Maharashtra,2826087,900683,3726770,103395.24,1723509,(A) Public Sector Banks,12/07/2016
Bhartiya Mahila Bank,0,69095,69095,2593.71,69095,(A) Public Sector Banks,12/07/2016
Canara Bank,4339685,1842671,6182356,229099.57,4275277,(A) Public Sector Banks,12/07/2016
Central Bank of India,6893567,1712671,8606238,195271.45,6097866,(A) Public Sector Banks,12/07/2016
Corporation Bank,1352926,1342518,2695444,143462.96,2585644,(A) Public Sector Banks,12/07/2016
Dena Bank,2711759,872631,3584390,82699.24,2615429,(A) Public Sector Banks,12/07/2016
IDBI Bank Ltd.,581704,565910,1147614,26199.52,951033,(A) Public Sector Banks,12/07/2016
Indian Bank,2079569,1047566,3127135,61514.11,2504524,(A) Public Sector Banks,12/07/2016
Indian Overseas Bank,912375,3182964,4095339,94459.9,3837249,(A) Public Sector Banks,12/07/2016
Oriental Bank of Commerce,2158422,1702924,3861346,497945.01,3642681,(A) Public Sector Banks,12/07/2016
Punjab & Sind Bank,833497,426445,1259942,77381.79,1249803,(A) Public Sector Banks,12/07/2016
Punjab National Bank,12478522,2281060,14759582,358295.16,13801345,(A) Public Sector Banks,12/07/2016
State Bank of Bikaner & Jaipur,1976589,1896604,3873193,180060.38,3279105,(A) Public Sector Banks,12/07/2016
State Bank of Hyderabad,999211,1815698,2814909,56218.1,2740078,(A) Public Sector Banks,12/07/2016
State Bank of India,33603094,39402859,73005953,1073089.23,50480928,(A) Public Sector Banks,12/07/2016
State Bank of Mysore,820607,223930,1044537,16079.94,858874,(A) Public Sector Banks,12/07/2016
State Bank of Patiala,442705,715233,1157938,28468.87,1043324,(A) Public Sector Banks,12/07/2016
State Bank of Travancore,76804,676596,753400,20458.99,382945,(A) Public Sector Banks,12/07/2016
Syndicate Bank,2892946,1267175,4160121,153329.38,3689759,(A) Public Sector Banks,12/07/2016
UCO Bank,3867194,3790188,7657382,349207.42,4189521,(A) Public Sector Banks,12/07/2016
Union Bank of India,4851965,1342346,6194311,164240.74,5349526,(A) Public Sector Banks,12/07/2016
United Bank of India,5777247,3736737,9513984,749325.99,8467448,(A) Public Sector Banks,12/07/2016
Vijaya Bank,867209,628270,1495479,24007.09,1441846,(A) Public Sector Banks,12/07/2016
Public Sector Banks Sub Total,114174546,90954958,205129504,5816594.45,160728767,(A) Public Sector Banks,12/07/2016
Allahabad Bank,859644,167400,1027044,28684.28,767889,(B) Regional Rural Bank,12/07/2016
Andhra Bank,157227,13769,170996,3533.72,97348,(B) Regional Rural Bank,12/07/2016
Bank of Baroda,3855936,1025797,4881733,158774.86,3879949,(B) Regional Rural Bank,12/07/2016
Bank of India,2648371,850501,3498872,71968.89,3202089,(B) Regional Rural Bank,12/07/2016
Bank of Maharashtra,672249,174473,846722,27069.35,450356,(B) Regional Rural Bank,12/07/2016
Canara Bank,636942,436251,1073193,77770.99,1040063,(B) Regional Rural Bank,12/07/2016
Central Bank of India,3527970,673958,4201928,147588.93,3869882,(B) Regional Rural Bank,12/07/2016
Dena Bank,296975,21666,318641,19600.48,285792,(B) Regional Rural Bank,12/07/2016
Indian Bank,385269,101420,486689,9332.53,368341,(B) Regional Rural Bank,12/07/2016
Indian Overseas Bank,979152,9756,988908,30884.53,616138,(B) Regional Rural Bank,12/07/2016
Jammu & Kashmir Bank Ltd,82880,14581,97461,5436.49,17555,(B) Regional Rural Bank,12/07/2016
Punjab & Sind Bank,17217,691,17908,38.92,12110,(B) Regional Rural Bank,12/07/2016
Punjab National Bank,3029654,379357,3409011,139653,2598736,(B) Regional Rural Bank,12/07/2016
State Bank of Bikaner & Jaipur,2209211,51337,2260548,38096.59,1308594,(B) Regional Rural Bank,12/07/2016
State Bank of Hyderabad,875890,151658,1027548,30642.93,508374,(B) Regional Rural Bank,12/07/2016
State Bank of India,6667452,1247155,7914607,182771.77,3733440,(B) Regional Rural Bank,12/07/2016
State Bank of Mysore,280879,85091,365970,17403.71,316158,(B) Regional Rural Bank,12/07/2016
State Bank of Patiala,52779,672,53451,2688.77,36789,(B) Regional Rural Bank,12/07/2016
Syndicate Bank,2019972,482279,2502251,105869.56,2235304,(B) Regional Rural Bank,12/07/2016
UCO Bank,1276677,45554,1322231,36749.73,558643,(B) Regional Rural Bank,12/07/2016
Union Bank of India,722226,217072,939298,33035.72,748671,(B) Regional Rural Bank,12/07/2016
United Bank of India,6967606,101155,7068761,202197.94,6146287,(B) Regional Rural Bank,12/07/2016
Regional Rural Banks Sub Total,38222178,6251593,44473771,1369793.69,32798508,(B) Regional Rural Bank,12/07/2016
Axis Bank Ltd,110236,527502,637738,25736.95,566074,(C) Major Private Banks,12/07/2016
City Union Bank Ltd,15669,68052,83721,2874.27,58884,(C) Major Private Banks,12/07/2016
Federal Bank Ltd,383497,81758,465255,24735.67,417885,(C) Major Private Banks,12/07/2016
HDFC Bank Ltd,355036,1367577,1722613,111593.16,1721935,(C) Major Private Banks,12/07/2016
ICICI Bank Ltd,2828566,323299,3151865,25944.85,3090968,(C) Major Private Banks,12/07/2016
IndusInd Bank Ltd,43604,432704,476308,5587.67,461630,(C) Major Private Banks,12/07/2016
Jammu & Kashmir Bank Ltd,1139617,113417,1253034,62368.61,1133720,(C) Major Private Banks,12/07/2016
Karur Vysya Bank,22344,141019,163363,2950.37,147072,(C) Major Private Banks,12/07/2016
Kotak Mahindra Bank Ltd,109305,75275,184580,3365.62,113481,(C) Major Private Banks,12/07/2016
Lakshmi Vilas Bank Ltd,61418,107736,169154,2635.02,167191,(C) Major Private Banks,12/07/2016
RBL Bank Ltd,59787,35520,95307,212.76,95307,(C) Major Private Banks,12/07/2016
South Indian Bank Ltd,41391,166919,208310,6288.61,67763,(C) Major Private Banks,12/07/2016
Yes Bank Ltd,8017,6176,14193,267.9,12860,(C) Major Private Banks,12/07/2016
Major Private Banks Sub Total,5178487,3446954,8625441,274561.46,8054770,(C) Major Private Banks,12/07/2016
Public Sector Banks,115200716,91837121,207037837,5798844.97,162947682,Summary,12/14/2016
Regional Rural Banks,37985156,6135477,44120633,1341111.73,32915004,Summary,12/14/2016
Private Sector Banks,5167032,3457146,8624178,272354.85,8096702,Summary,12/14/2016
Grand Total,158352904,101429744,259782648,7412311.55,203959388,Summary,12/14/2016
Allahabad Bank,4907528,1089042,5996570,135933.36,4635781,(A) Public Sector Banks,12/14/2016
Andhra Bank,1584333,742778,2327111,43901.42,1918100,(A) Public Sector Banks,12/14/2016
Bank of Baroda,7335584,9693921,17029505,566224.64,15773936,(A) Public Sector Banks,12/14/2016
Bank of India,7231907,8307540,15539447,383395.2,14123225,(A) Public Sector Banks,12/14/2016
Bank of Maharashtra,2841738,904664,3746402,103934.45,1723509,(A) Public Sector Banks,12/14/2016
Bhartiya Mahila Bank,0,69115,69115,2541.22,69115,(A) Public Sector Banks,12/14/2016
Canara Bank,4350458,1848179,6198637,226252.96,4275428,(A) Public Sector Banks,12/14/2016
Central Bank of India,6893567,1712671,8606238,193437.4,6134727,(A) Public Sector Banks,12/14/2016
Corporation Bank,1355133,1344466,2699599,141422.4,2586925,(A) Public Sector Banks,12/14/2016
Dena Bank,2766008,881638,3647646,83213.69,2618091,(A) Public Sector Banks,12/14/2016
IDBI Bank Ltd.,584073,566956,1151029,26310.5,951316,(A) Public Sector Banks,12/14/2016
Indian Bank,2096364,1054198,3150562,61283.62,2527951,(A) Public Sector Banks,12/14/2016
Indian Overseas Bank,914700,3189988,4104688,93329.72,3836073,(A) Public Sector Banks,12/14/2016
Oriental Bank of Commerce,2161813,1704569,3866382,497215.4,3645339,(A) Public Sector Banks,12/14/2016
Punjab & Sind Bank,834710,426445,1261155,76843.79,1249803,(A) Public Sector Banks,12/14/2016
Punjab National Bank,12667131,2323903,14991034,354748.46,13787735,(A) Public Sector Banks,12/14/2016
State Bank of Bikaner & Jaipur,1988697,1910675,3899372,179691.82,3462779,(A) Public Sector Banks,12/14/2016
State Bank of Hyderabad,999211,1815698,2814909,55687.68,2740078,(A) Public Sector Banks,12/14/2016
State Bank of India,33884290,39813060,73697350,1076233.17,50888131,(A) Public Sector Banks,12/14/2016
State Bank of Mysore,823126,224492,1047618,15853.91,860836,(A) Public Sector Banks,12/14/2016
State Bank of Patiala,442705,715233,1157938,28468.87,1043324,(A) Public Sector Banks,12/14/2016
State Bank of Travancore,77097,679215,756312,20029.27,383048,(A) Public Sector Banks,12/14/2016
Syndicate Bank,2900914,1270036,4170950,149912.23,3700618,(A) Public Sector Banks,12/14/2016
UCO Bank,3939328,3793383,7732711,347766.73,4675081,(A) Public Sector Banks,12/14/2016
Union Bank of India,4918602,1353608,6272210,163737.48,5346519,(A) Public Sector Banks,12/14/2016
United Bank of India,5830490,3773378,9603868,748024.31,8547444,(A) Public Sector Banks,12/14/2016
Vijaya Bank,871209,628270,1499479,23451.25,1442770,(A) Public Sector Banks,12/14/2016
Public Sector Banks Sub Total,115200716,91837121,207037837,5798844.97,162947682,(A) Public Sector Banks,12/14/2016
Allahabad Bank,868090,168636,1036726,28865.13,767889,(B) Regional Rural Bank,12/14/2016
Andhra Bank,157929,13824,171753,3299.65,97348,(B) Regional Rural Bank,12/14/2016
Bank of Baroda,3894898,1037134,4932032,159493.16,3912660,(B) Regional Rural Bank,12/14/2016
Bank of India,2659111,853832,3512943,72111.89,3202089,(B) Regional Rural Bank,12/14/2016
Bank of Maharashtra,672446,174473,846919,27042.35,450356,(B) Regional Rural Bank,12/14/2016
Canara Bank,638531,437310,1075841,77164.53,1040982,(B) Regional Rural Bank,12/14/2016
Central Bank of India,3527965,673956,4201921,147687.86,3869875,(B) Regional Rural Bank,12/14/2016
Dena Bank,297096,21668,318764,19363.14,285792,(B) Regional Rural Bank,12/14/2016
Indian Bank,386636,101412,488048,9072.55,368399,(B) Regional Rural Bank,12/14/2016
Indian Overseas Bank,979343,9756,989099,30678.46,616138,(B) Regional Rural Bank,12/14/2016
Jammu & Kashmir Bank Ltd,83103,14693,97796,5324.87,17562,(B) Regional Rural Bank,12/14/2016
Punjab & Sind Bank,17289,691,17980,39.77,12110,(B) Regional Rural Bank,12/14/2016
Punjab National Bank,3039287,385158,3424445,136546.03,2600541,(B) Regional Rural Bank,12/14/2016
State Bank of Bikaner & Jaipur,2222692,51623,2274315,38377.41,1308594,(B) Regional Rural Bank,12/14/2016
State Bank of Hyderabad,877585,151869,1029454,31945.28,508374,(B) Regional Rural Bank,12/14/2016
State Bank of India,6293580,1102693,7396273,158269.99,3782803,(B) Regional Rural Bank,12/14/2016
State Bank of Mysore,280778,85115,365893,16771.03,315953,(B) Regional Rural Bank,12/14/2016
State Bank of Patiala,52981,672,53653,2683.63,36797,(B) Regional Rural Bank,12/14/2016
Syndicate Bank,2026578,483345,2509923,104371.5,2235304,(B) Regional Rural Bank,12/14/2016
UCO Bank,1276677,45554,1322231,36749.73,558643,(B) Regional Rural Bank,12/14/2016
Union Bank of India,729203,220064,949267,32811.43,748688,(B) Regional Rural Bank,12/14/2016
United Bank of India,7003358,101999,7105357,202442.35,6178107,(B) Regional Rural Bank,12/14/2016
Regional Rural Banks Sub Total,37985156,6135477,44120633,1341111.73,32915004,(B) Regional Rural Bank,12/14/2016
Axis Bank Ltd,111313,532692,644005,25608.38,567960,(C) Major Private Banks,12/14/2016
City Union Bank Ltd,15673,68055,83728,2753.03,66941,(C) Major Private Banks,12/14/2016
Federal Bank Ltd,384648,82448,467096,24400.93,418022,(C) Major Private Banks,12/14/2016
HDFC Bank Ltd,355164,1367842,1723006,111598.72,1722328,(C) Major Private Banks,12/14/2016
ICICI Bank Ltd,2834213,323526,3157739,25870.24,3096842,(C) Major Private Banks,12/14/2016
IndusInd Bank Ltd,43749,436344,480093,5406.59,466427,(C) Major Private Banks,12/14/2016
Jammu & Kashmir Bank Ltd,1119973,113025,1232998,61451.21,1133720,(C) Major Private Banks,12/14/2016
Karur Vysya Bank,22424,141833,164257,2896.12,147449,(C) Major Private Banks,12/14/2016
Kotak Mahindra Bank Ltd,109313,75276,184589,3335.81,134196,(C) Major Private Banks,12/14/2016
Lakshmi Vilas Bank Ltd,61420,107898,169318,2601.64,167290,(C) Major Private Banks,12/14/2016
RBL Bank Ltd,59787,35520,95307,218.11,95307,(C) Major Private Banks,12/14/2016
South Indian Bank Ltd,41328,166507,207835,5947.48,67360,(C) Major Private Banks,12/14/2016
Yes Bank Ltd,8027,6180,14207,266.59,12860,(C) Major Private Banks,12/14/2016
Major Private Banks Sub Total,5167032,3457146,8624178,272354.85,8096702,(C) Major Private Banks,12/14/2016
Public Sector Banks,115243986,92081472,207325458,5566195.7,164387772,Summary,12/21/2016
Regional Rural Banks,38188449,6171709,44360158,1323235.73,26784493,Summary,12/21/2016
Private Sector Banks,5166377,3470106,8636483,266359.04,8129023,Summary,12/21/2016
Grand Total,158598812,101723287,260322099,7155790.47,199301288,Summary,12/21/2016
Allahabad Bank,4994759,1102642,6097401,133724.33,4738821,(A) Public Sector Banks,12/21/2016
Andhra Bank,1594295,756263,2350558,42717.75,1924548,(A) Public Sector Banks,12/21/2016
Bank of Baroda,7479014,9987126,17466140,558844.03,16174293,(A) Public Sector Banks,12/21/2016
Bank of India,7303783,8420704,15724487,381569.59,15031962,(A) Public Sector Banks,12/21/2016
Bank of Maharashtra,2864997,909990,3774987,103227.61,1723509,(A) Public Sector Banks,12/21/2016
Bhartiya Mahila Bank,0,69134,69134,2482.4,69134,(A) Public Sector Banks,12/21/2016
Canara Bank,4279653,1951403,6231056,222318.16,4276787,(A) Public Sector Banks,12/21/2016
Central Bank of India,6893567,1712671,8606238,190230.88,6130529,(A) Public Sector Banks,12/21/2016
Corporation Bank,1357296,1348278,2705574,138115.51,2589020,(A) Public Sector Banks,12/21/2016
Dena Bank,2812479,890094,3702573,84057.87,2618658,(A) Public Sector Banks,12/21/2016
IDBI Bank Ltd.,585524,568172,1153696,26142.48,951951,(A) Public Sector Banks,12/21/2016
Indian Bank,2118810,1063220,3182030,60140.8,2619680,(A) Public Sector Banks,12/21/2016
Indian Overseas Bank,919049,3204151,4123200,92062.02,3832757,(A) Public Sector Banks,12/21/2016
Oriental Bank of Commerce,2170067,1708142,3878209,489988.21,3649944,(A) Public Sector Banks,12/21/2016
Punjab & Sind Bank,836027,426463,1262490,75662.28,1249803,(A) Public Sector Banks,12/21/2016
Punjab National Bank,12958067,2391323,15349390,348493.73,13784533,(A) Public Sector Banks,12/21/2016
State Bank of Bikaner & Jaipur,1991608,1916577,3908185,177705.43,3460375,(A) Public Sector Banks,12/21/2016
State Bank of Hyderabad,1002111,1823871,2825982,55302.7,2740078,(A) Public Sector Banks,12/21/2016
State Bank of India,34298438,40495617,74794055,1095607.39,51572120,(A) Public Sector Banks,12/21/2016
State Bank of Mysore,831834,225530,1057364,15440.82,865421,(A) Public Sector Banks,12/21/2016
State Bank of Patiala,448696,724364,1173060,27728.36,1043324,(A) Public Sector Banks,12/21/2016
State Bank of Travancore,77410,682619,760029,19573.48,383056,(A) Public Sector Banks,12/21/2016
Syndicate Bank,2830645,1358011,4188656,146077.89,3711863,(A) Public Sector Banks,12/21/2016
UCO Bank,2868643,2532428,5401071,149743.17,3807094,(A) Public Sector Banks,12/21/2016
Union Bank of India,4957236,1364701,6321937,160487.01,5342496,(A) Public Sector Banks,12/21/2016
United Bank of India,5896330,3819708,9716038,741070.29,8647287,(A) Public Sector Banks,12/21/2016
Vijaya Bank,873648,628270,1501918,27681.55,1448729,(A) Public Sector Banks,12/21/2016
Public Sector Banks Sub Total,115243986,92081472,207325458,5566195.7,164387772,(A) Public Sector Banks,12/21/2016
Allahabad Bank,880646,168636,1049282,28628.03,767889,(B) Regional Rural Bank,12/21/2016
Andhra Bank,158951,13844,172795,3124.83,98254,(B) Regional Rural Bank,12/21/2016
Bank of Baroda,3943183,1049839,4993022,158292.44,3955172,(B) Regional Rural Bank,12/21/2016
Bank of India,2673290,859111,3532401,72080.89,3202089,(B) Regional Rural Bank,12/21/2016
Bank of Maharashtra,672730,174473,847203,26910.35,450356,(B) Regional Rural Bank,12/21/2016
Canara Bank,638823,437462,1076285,74076.56,1041119,(B) Regional Rural Bank,12/21/2016
Central Bank of India,3531028,676359,4207387,146171.88,3869428,(B) Regional Rural Bank,12/21/2016
Dena Bank,297223,21672,318895,19010.2,285792,(B) Regional Rural Bank,12/21/2016
Indian Bank,390571,101416,491987,8556.5,368445,(B) Regional Rural Bank,12/21/2016
Indian Overseas Bank,979943,9752,989695,30482.68,616138,(B) Regional Rural Bank,12/21/2016
Jammu & Kashmir Bank Ltd,83495,14794,98289,5305.93,17570,(B) Regional Rural Bank,12/21/2016
Punjab & Sind Bank,17360,691,18051,0,12110,(B) Regional Rural Bank,12/21/2016
Punjab National Bank,3051009,389728,3440737,133202.21,2604608,(B) Regional Rural Bank,12/21/2016
State Bank of Bikaner & Jaipur,2237002,51940,2288942,38615.82,1308594,(B) Regional Rural Bank,12/21/2016
State Bank of Hyderabad,877585,151869,1029454,31945.28,508374,(B) Regional Rural Bank,12/21/2016
State Bank of India,6321353,1110078,7431431,155360.27,3783904,(B) Regional Rural Bank,12/21/2016
State Bank of Mysore,280710,85300,366010,16073.98,315193,(B) Regional Rural Bank,12/21/2016
State Bank of Patiala,53296,672,53968,2603,36797,(B) Regional Rural Bank,12/21/2016
Syndicate Bank,2037180,485117,2522297,103230.29,2235304,(B) Regional Rural Bank,12/21/2016
UCO Bank,1291366,45829,1337195,35388.96,558643,(B) Regional Rural Bank,12/21/2016
Union Bank of India,731118,220894,952012,32779.11,748714,(B) Regional Rural Bank,12/21/2016
United Bank of India,7040587,102233,7142820,201396.5,0,(B) Regional Rural Bank,12/21/2016
Regional Rural Banks Sub Total,38188449,6171709,44360158,1323235.73,26784493,(B) Regional Rural Bank,12/21/2016
Axis Bank Ltd,113040,539066,652106,23417.36,577715,(C) Major Private Banks,12/21/2016
City Union Bank Ltd,15669,68054,83723,2580.33,66928,(C) Major Private Banks,12/21/2016
Federal Bank Ltd,385130,82752,467882,23403.64,416689,(C) Major Private Banks,12/21/2016
HDFC Bank Ltd,355414,1368851,1724265,110583.59,1723587,(C) Major Private Banks,12/21/2016
ICICI Bank Ltd,2850241,323942,3174183,26372.3,3114542,(C) Major Private Banks,12/21/2016
IndusInd Bank Ltd,44092,440114,484206,5066.16,469683,(C) Major Private Banks,12/21/2016
Jammu & Kashmir Bank Ltd,1100142,112644,1212786,60155.59,1133720,(C) Major Private Banks,12/21/2016
Karur Vysya Bank,22497,143234,165731,2760.54,149213,(C) Major Private Banks,12/21/2016
Kotak Mahindra Bank Ltd,109358,75276,184634,3277.48,134198,(C) Major Private Banks,12/21/2016
Lakshmi Vilas Bank Ltd,61534,108172,169706,2514.09,167290,(C) Major Private Banks,12/21/2016
RBL Bank Ltd,59787,35520,95307,221.22,95307,(C) Major Private Banks,12/21/2016
South Indian Bank Ltd,41405,166269,207674,5747.55,67102,(C) Major Private Banks,12/21/2016
Yes Bank Ltd,8068,6212,14280,259.19,13049,(C) Major Private Banks,12/21/2016
Major Private Banks Sub Total,5166377,3470106,8636483,266359.04,8129023,(C) Major Private Banks,12/21/2016
Public Sector Banks,116090272,92965073,209055345,5524652.27,165829240,Summary,12/28/2016
Regional Rural Banks,38332809,6100608,44433417,1316826.6,32955450,Summary,12/28/2016
Private Sector Banks,5186801,3343895,8530696,262180.04,8204533,Summary,12/28/2016
Grand Total,159609882,102409576,262019458,7103658.91,206989223,Summary,12/28/2016
Allahabad Bank,5089664,1116680,6206344,131571.49,4829947,(A) Public Sector Banks,12/28/2016
Andhra Bank,1600545,764467,2365012,41748.94,1924639,(A) Public Sector Banks,12/28/2016
Bank of Baroda,7624996,10277163,17902159,553919.33,16922665,(A) Public Sector Banks,12/28/2016
Bank of India,7369319,8513861,15883180,379388.69,15190609,(A) Public Sector Banks,12/28/2016
Bank of Maharashtra,2884040,914533,3798573,102666.63,1723509,(A) Public Sector Banks,12/28/2016
Bhartiya Mahila Bank,0,69145,69145,2436.46,69145,(A) Public Sector Banks,12/28/2016
Canara Bank,4260352,1985355,6245707,220099.57,4277686,(A) Public Sector Banks,12/28/2016
Central Bank of India,6893567,1712671,8606238,187203.45,6126766,(A) Public Sector Banks,12/28/2016
Corporation Bank,1359541,1350627,2710168,134218.62,2590414,(A) Public Sector Banks,12/28/2016
Dena Bank,2814551,890916,3705467,84600.47,2596157,(A) Public Sector Banks,12/28/2016
IDBI Bank Ltd.,586565,569553,1156118,26024.3,953028,(A) Public Sector Banks,12/28/2016
Indian Bank,2134164,1069157,3203321,58824.78,2640971,(A) Public Sector Banks,12/28/2016
Indian Overseas Bank,921564,3212108,4133672,91596.28,3830694,(A) Public Sector Banks,12/28/2016
Oriental Bank of Commerce,2175947,1710785,3886732,480267.55,3652910,(A) Public Sector Banks,12/28/2016
Punjab & Sind Bank,837735,426496,1264231,74529.29,1249803,(A) Public Sector Banks,12/28/2016
Punjab National Bank,13123986,2431174,15555160,342275.84,13782118,(A) Public Sector Banks,12/28/2016
State Bank of Bikaner & Jaipur,1993705,1918889,3912594,176528.13,3474751,(A) Public Sector Banks,12/28/2016
State Bank of Hyderabad,1002111,1823871,2825982,53905.46,2740078,(A) Public Sector Banks,12/28/2016
State Bank of India,34485389,40809159,75294548,1102932.61,51908501,(A) Public Sector Banks,12/28/2016
State Bank of Mysore,834972,226140,1061112,15369.19,868506,(A) Public Sector Banks,12/28/2016
State Bank of Patiala,457319,724272,1181591,27135.5,1043324,(A) Public Sector Banks,12/28/2016
State Bank of Travancore,77499,684417,761916,20644.78,383071,(A) Public Sector Banks,12/28/2016
Syndicate Bank,2844373,1361760,4206133,144277.76,3711604,(A) Public Sector Banks,12/28/2016
UCO Bank,2892896,2544540,5437436,147937.13,3828962,(A) Public Sector Banks,12/28/2016
Union Bank of India,5008365,1374081,6382446,157721.11,5339090,(A) Public Sector Banks,12/28/2016
United Bank of India,5939359,3854981,9794340,744128.1,8718556,(A) Public Sector Banks,12/28/2016
Vijaya Bank,877748,628272,1506020,22700.81,1451736,(A) Public Sector Banks,12/28/2016
Public Sector Banks Sub Total,116090272,92965073,209055345,5524652.27,165829240,(A) Public Sector Banks,12/28/2016
Allahabad Bank,892346,168636,1060982,28647.08,767889,(B) Regional Rural Bank,12/28/2016
Andhra Bank,158895,14634,173529,3027.68,98514,(B) Regional Rural Bank,12/28/2016
Bank of Baroda,3989002,1061699,5050701,157565.46,3995604,(B) Regional Rural Bank,12/28/2016
Bank of India,2691452,863574,3555026,72703.89,3202089,(B) Regional Rural Bank,12/28/2016
Bank of Maharashtra,672897,174473,847370,26584.35,450356,(B) Regional Rural Bank,12/28/2016
Canara Bank,639096,437593,1076689,73823.06,1041215,(B) Regional Rural Bank,12/28/2016
Central Bank of India,3533516,678067,4211583,144467.21,3869262,(B) Regional Rural Bank,12/28/2016
Dena Bank,297444,21675,319119,18764.61,288934,(B) Regional Rural Bank,12/28/2016
Indian Bank,392835,101426,494261,8286.14,368450,(B) Regional Rural Bank,12/28/2016
Indian Overseas Bank,980671,9749,990420,30353.11,616138,(B) Regional Rural Bank,12/28/2016
Jammu & Kashmir Bank Ltd,83770,14865,98635,5193.63,17574,(B) Regional Rural Bank,12/28/2016
Punjab & Sind Bank,17395,699,18094,0,12110,(B) Regional Rural Bank,12/28/2016
Punjab National Bank,3063762,396285,3460047,131933.67,2607781,(B) Regional Rural Bank,12/28/2016
State Bank of Bikaner & Jaipur,2251324,52495,2303819,38926.62,1308594,(B) Regional Rural Bank,12/28/2016
State Bank of Hyderabad,882701,152701,1035402,35390.48,508374,(B) Regional Rural Bank,12/28/2016
State Bank of India,6279997,1002591,7282588,154398.31,3660314,(B) Regional Rural Bank,12/28/2016
State Bank of Mysore,280880,85615,366495,15744.25,312928,(B) Regional Rural Bank,12/28/2016
State Bank of Patiala,53660,672,54332,2670.86,36797,(B) Regional Rural Bank,12/28/2016
Syndicate Bank,2045075,486606,2531681,102746.33,2235304,(B) Regional Rural Bank,12/28/2016
UCO Bank,1293893,46352,1340245,34048.29,558643,(B) Regional Rural Bank,12/28/2016
Union Bank of India,746306,227410,973716,32345.03,748737,(B) Regional Rural Bank,12/28/2016
United Bank of India,7085892,102791,7188683,199206.56,6249843,(B) Regional Rural Bank,12/28/2016
Regional Rural Banks Sub Total,38332809,6100608,44433417,1316826.6,32955450,(B) Regional Rural Bank,12/28/2016
Axis Bank Ltd,114158,378874,493032,22157.38,583857,(C) Major Private Banks,12/28/2016
City Union Bank Ltd,15677,68114,83791,2475.33,69538,(C) Major Private Banks,12/28/2016
Federal Bank Ltd,385741,82810,468551,23547.39,415720,(C) Major Private Banks,12/28/2016
HDFC Bank Ltd,355494,1369295,1724789,109547.54,1724111,(C) Major Private Banks,12/28/2016
ICICI Bank Ltd,2886499,349363,3235862,25787.65,3176220,(C) Major Private Banks,12/28/2016
IndusInd Bank Ltd,44165,441770,485935,4665.88,472435,(C) Major Private Banks,12/28/2016
Jammu & Kashmir Bank Ltd,1088919,112263,1201182,59590.95,1133720,(C) Major Private Banks,12/28/2016
Karur Vysya Bank,22534,143947,166481,2573.4,150029,(C) Major Private Banks,12/28/2016
Kotak Mahindra Bank Ltd,102590,80995,183585,3208.81,135863,(C) Major Private Banks,12/28/2016
Lakshmi Vilas Bank Ltd,61631,108415,170046,2405.37,167401,(C) Major Private Banks,12/28/2016
RBL Bank Ltd,59787,35520,95307,223.08,95307,(C) Major Private Banks,12/28/2016
South Indian Bank Ltd,41405,166269,207674,5747.55,67102,(C) Major Private Banks,12/28/2016
Yes Bank Ltd,8201,6260,14461,249.72,13230,(C) Major Private Banks,12/28/2016
Major Private Banks Sub Total,5186801,3343895,8530696,262180.04,8204533,(C) Major Private Banks,12/28/2016
