Bank Name / Type,Number of Beneficiaries at rural/semiurban centre bank branches,Number of Beneficiaries at urban metro centre bank branches,Number of Total Beneficiaries,Deposits in Accounts(In lac),Number of Rupay Debit Cards issued to beneficiaries,level,date
Public Sector Banks,133527523,115387510,248915033,5771809.71,187100549,Summary,01/03/2018
Regional Rural Banks,41951169,7678547,49629716,1235348.58,36435980,Summary,01/03/2018
Private Sector Banks,5987093,3890745,9877838,219535.31,9203253,Summary,01/03/2018
Grand Total,181465785,126956802,308422587,7226693.6,232739782,Summary,01/03/2018
Allahabad Bank,5723228,1473211,7196439,177674.18,5319995,(A) Public Sector Banks,01/03/2018
Andhra Bank,1482791,881051,2363842,30929.58,1777418,(A) Public Sector Banks,01/03/2018
Bank of Baroda,8631957,13698197,22330154,572354.97,21110804,(A) Public Sector Banks,01/03/2018
Bank of India,8977957,9891609,18869566,399917.72,17587661,(A) Public Sector Banks,01/03/2018
Bank of Maharashtra,3921116,1171070,5092186,103170.06,1015089,(A) Public Sector Banks,01/03/2018
Canara Bank,4614453,2120758,6735211,188321.97,4249405,(A) Public Sector Banks,01/03/2018
Central Bank of India,8622804,2120947,10743751,193134.5,8169026,(A) Public Sector Banks,01/03/2018
Corporation Bank,1366326,1344165,2710491,101422.55,2572731,(A) Public Sector Banks,01/03/2018
Dena Bank,3433135,921613,4354748,89303.6,2529668,(A) Public Sector Banks,01/03/2018
IDBI Bank Ltd.,460292,362743,823035,20207.8,667024,(A) Public Sector Banks,01/03/2018
Indian Bank,2200173,1097738,3297911,46790.52,3274676,(A) Public Sector Banks,01/03/2018
Indian Overseas Bank,976807,3405042,4381849,75990.93,4118136,(A) Public Sector Banks,01/03/2018
Oriental Bank of Commerce,2375267,1816686,4191953,424351.62,3768170,(A) Public Sector Banks,01/03/2018
Punjab & Sind Bank,663519,427914,1091433,57705.49,1004248,(A) Public Sector Banks,01/03/2018
Punjab National Bank,15270631,2777704,18048335,343223.99,15263629,(A) Public Sector Banks,01/03/2018
State Bank of India,44397058,60667904,105064962,1527983.13,70324018,(A) Public Sector Banks,01/03/2018
Syndicate Bank,3055372,1385090,4440462,131790.43,3855775,(A) Public Sector Banks,01/03/2018
UCO Bank,3455142,2832736,6287878,150281.08,3996239,(A) Public Sector Banks,01/03/2018
Union Bank of India,5844988,1623418,7468406,136636.25,4809915,(A) Public Sector Banks,01/03/2018
United Bank of India,7227891,4730255,11958146,981076.19,10223431,(A) Public Sector Banks,01/03/2018
Vijaya Bank,826616,637659,1464275,19543.15,1463491,(A) Public Sector Banks,01/03/2018
Public Sector Banks Sub Total,133527523,115387510,248915033,5771809.71,187100549,(A) Public Sector Banks,01/03/2018
Allahabad Bank,923537,169280,1092817,26597.29,768124,(B) Regional Rural Bank,01/03/2018
Andhra Bank,166290,17301,183591,2682.03,100898,(B) Regional Rural Bank,01/03/2018
Bank of Baroda,4593151,1273156,5866307,153941.28,4825183,(B) Regional Rural Bank,01/03/2018
Bank of India,3014484,990171,4004655,78564.91,3706467,(B) Regional Rural Bank,01/03/2018
Bank of Maharashtra,804415,125824,930239,20518.27,798373,(B) Regional Rural Bank,01/03/2018
Canara Bank,645664,440287,1085951,53266.21,1057343,(B) Regional Rural Bank,01/03/2018
Central Bank of India,3422389,779947,4202336,114528.84,3794116,(B) Regional Rural Bank,01/03/2018
Dena Bank,408732,13695,422427,12904.69,289136,(B) Regional Rural Bank,01/03/2018
Indian Bank,422165,132847,555012,6951.56,493164,(B) Regional Rural Bank,01/03/2018
Indian Overseas Bank,987454,29966,1017420,25071.53,616138,(B) Regional Rural Bank,01/03/2018
Jammu & Kashmir Bank Ltd,88940,16066,105006,4972.13,21067,(B) Regional Rural Bank,01/03/2018
Punjab & Sind Bank,19163,1104,20267,309.57,18223,(B) Regional Rural Bank,01/03/2018
Punjab National Bank,3108614,478532,3587146,116547.82,3157879,(B) Regional Rural Bank,01/03/2018
State Bank of India,10693992,2165866,12859858,274238.52,6325177,(B) Regional Rural Bank,01/03/2018
Syndicate Bank,2018729,552777,2571506,91704.6,2469730,(B) Regional Rural Bank,01/03/2018
UCO Bank,1387544,49775,1437319,28157.92,559347,(B) Regional Rural Bank,01/03/2018
Union Bank of India,998327,335280,1333607,31331.36,754848,(B) Regional Rural Bank,01/03/2018
United Bank of India,8247579,106673,8354252,193060.04,6680767,(B) Regional Rural Bank,01/03/2018
Regional Rural Banks Sub Total,41951169,7678547,49629716,1235348.58,36435980,(B) Regional Rural Bank,01/03/2018
Axis Bank Ltd,115839,661521,777360,21279.52,689164,(C) Major Private Banks,01/03/2018
City Union Bank Ltd,15854,68152,84006,1386.05,79235,(C) Major Private Banks,01/03/2018
Federal Bank Ltd,397725,81345,479070,19420.85,420243,(C) Major Private Banks,01/03/2018
HDFC Bank Ltd,331712,1440021,1771733,88284.8,1771055,(C) Major Private Banks,01/03/2018
ICICI Bank Ltd,3454612,552445,4007057,20463.45,4007057,(C) Major Private Banks,01/03/2018
IndusInd Bank Ltd,40883,401902,442785,3107.6,418403,(C) Major Private Banks,01/03/2018
Jammu & Kashmir Bank Ltd,1361017,137110,1498127,55873.39,1176977,(C) Major Private Banks,01/03/2018
Karur Vysya Bank,25133,161022,186155,1639.82,183823,(C) Major Private Banks,01/03/2018
Kotak Mahindra Bank Ltd,107709,71867,179576,1855.17,132259,(C) Major Private Banks,01/03/2018
Lakshmi Vilas Bank Ltd,38523,95920,134443,1534.81,124265,(C) Major Private Banks,01/03/2018
RBL Bank Ltd,59787,35520,95307,221.93,94529,(C) Major Private Banks,01/03/2018
South Indian Bank Ltd,30675,178311,208986,4244,94535,(C) Major Private Banks,01/03/2018
Yes Bank Ltd,7624,5609,13233,223.92,11708,(C) Major Private Banks,01/03/2018
Major Private Banks Sub Total,5987093,3890745,9877838,219535.31,9203253,(C) Major Private Banks,01/03/2018
Public Sector Banks,133857918,115887046,249744964,5860095.29,187512401,Summary,01/10/2018
Regional Rural Banks,41991131,7693907,49685038,1245325.67,36443815,Summary,01/10/2018
Private Sector Banks,5990249,3894804,9885053,220427.87,9209874,Summary,01/10/2018
Grand Total,181839298,127475757,309315055,7325848.83,233166090,Summary,01/10/2018
Allahabad Bank,5746898,1494144,7241042,178618.88,5353830,(A) Public Sector Banks,01/10/2018
Andhra Bank,1480271,880142,2360413,30643.82,1774988,(A) Public Sector Banks,01/10/2018
Bank of Baroda,8706243,14084976,22791219,584579.93,21196007,(A) Public Sector Banks,01/10/2018
Bank of India,8995868,9907383,18903251,404763.13,17583100,(A) Public Sector Banks,01/10/2018
Bank of Maharashtra,3929091,1172062,5101153,104772.33,1018709,(A) Public Sector Banks,01/10/2018
Canara Bank,4605166,2110582,6715748,190492.6,4241755,(A) Public Sector Banks,01/10/2018
Central Bank of India,8660857,2123701,10784558,194352.88,8208713,(A) Public Sector Banks,01/10/2018
Corporation Bank,1366326,1344165,2710491,101422.55,2574447,(A) Public Sector Banks,01/10/2018
Dena Bank,3445669,921429,4367098,91954.17,2523056,(A) Public Sector Banks,01/10/2018
IDBI Bank Ltd.,460332,362603,822935,20454.12,666773,(A) Public Sector Banks,01/10/2018
Indian Bank,2201113,1098539,3299652,47987.6,3276429,(A) Public Sector Banks,01/10/2018
Indian Overseas Bank,976963,3405468,4382431,76843.22,4116950,(A) Public Sector Banks,01/10/2018
Oriental Bank of Commerce,2377689,1818368,4196057,427308.99,3769078,(A) Public Sector Banks,01/10/2018
Punjab & Sind Bank,663460,426568,1090028,59159.46,1003621,(A) Public Sector Banks,01/10/2018
Punjab National Bank,15318963,2782168,18101131,345622.13,15532706,(A) Public Sector Banks,01/10/2018
State Bank of India,44397371,60668382,105065753,1575830.75,70324018,(A) Public Sector Banks,01/10/2018
Syndicate Bank,3056194,1385374,4441568,133787.4,3855030,(A) Public Sector Banks,01/10/2018
UCO Bank,3556899,2905241,6462140,152070.92,3997697,(A) Public Sector Banks,01/10/2018
Union Bank of India,5853473,1624912,7478385,138554.34,4806793,(A) Public Sector Banks,01/10/2018
United Bank of India,7232779,4733402,11966181,981010.44,10225566,(A) Public Sector Banks,01/10/2018
Vijaya Bank,826293,637437,1463730,19865.61,1463135,(A) Public Sector Banks,01/10/2018
Public Sector Banks Sub Total,133857918,115887046,249744964,5860095.29,187512401,(A) Public Sector Banks,01/10/2018
Allahabad Bank,923930,169285,1093215,26985.54,768124,(B) Regional Rural Bank,01/10/2018
Andhra Bank,166357,17298,183655,2601.51,100902,(B) Regional Rural Bank,01/10/2018
Bank of Baroda,4601981,1276413,5878394,154201.84,4829008,(B) Regional Rural Bank,01/10/2018
Bank of India,3019419,992218,4011637,78331.04,3706467,(B) Regional Rural Bank,01/10/2018
Bank of Maharashtra,804769,125824,930593,20518.27,798373,(B) Regional Rural Bank,01/10/2018
Canara Bank,645716,440301,1086017,53184.68,1057357,(B) Regional Rural Bank,01/10/2018
Central Bank of India,3422840,780960,4203800,114283.26,3793164,(B) Regional Rural Bank,01/10/2018
Dena Bank,409049,13715,422764,12925.13,289136,(B) Regional Rural Bank,01/10/2018
Indian Bank,423103,133074,556177,6987.97,493212,(B) Regional Rural Bank,01/10/2018
Indian Overseas Bank,987859,30078,1017937,29068.96,616138,(B) Regional Rural Bank,01/10/2018
Jammu & Kashmir Bank Ltd,89005,16086,105091,5017.84,21096,(B) Regional Rural Bank,01/10/2018
Punjab & Sind Bank,19166,1109,20275,308.05,18194,(B) Regional Rural Bank,01/10/2018
Punjab National Bank,3108985,482910,3591895,117379.03,3161805,(B) Regional Rural Bank,01/10/2018
State Bank of India,10709194,2167747,12876941,281201.86,6325086,(B) Regional Rural Bank,01/10/2018
Syndicate Bank,2014030,553834,2567864,91704.6,2469730,(B) Regional Rural Bank,01/10/2018
UCO Bank,1398229,50214,1448443,28250.8,559347,(B) Regional Rural Bank,01/10/2018
Union Bank of India,1000443,336188,1336631,31422.15,754970,(B) Regional Rural Bank,01/10/2018
United Bank of India,8247056,106653,8353709,190953.14,6681706,(B) Regional Rural Bank,01/10/2018
Regional Rural Banks Sub Total,41991131,7693907,49685038,1245325.67,36443815,(B) Regional Rural Bank,01/10/2018
Axis Bank Ltd,116290,662113,778403,22439.06,690136,(C) Major Private Banks,01/10/2018
City Union Bank Ltd,15867,67761,83628,491.29,78875,(C) Major Private Banks,01/10/2018
Federal Bank Ltd,397993,81383,479376,19357.99,420464,(C) Major Private Banks,01/10/2018
HDFC Bank Ltd,331736,1440032,1771768,87841.45,1771090,(C) Major Private Banks,01/10/2018
ICICI Bank Ltd,3455845,552445,4008290,20182.13,4008290,(C) Major Private Banks,01/10/2018
IndusInd Bank Ltd,41120,405008,446128,3148.29,421589,(C) Major Private Banks,01/10/2018
Jammu & Kashmir Bank Ltd,1361964,137170,1499134,56630.7,1177899,(C) Major Private Banks,01/10/2018
Karur Vysya Bank,25157,161198,186355,1767.72,184030,(C) Major Private Banks,01/10/2018
Kotak Mahindra Bank Ltd,107698,71843,179541,1869.32,132226,(C) Major Private Banks,01/10/2018
Lakshmi Vilas Bank Ltd,38547,96181,134728,1652.74,124515,(C) Major Private Banks,01/10/2018
RBL Bank Ltd,59787,35520,95307,223.91,94527,(C) Major Private Banks,01/10/2018
South Indian Bank Ltd,30619,178541,209160,4589.53,94535,(C) Major Private Banks,01/10/2018
Yes Bank Ltd,7626,5609,13235,233.75,11698,(C) Major Private Banks,01/10/2018
Major Private Banks Sub Total,5990249,3894804,9885053,220427.87,9209874,(C) Major Private Banks,01/10/2018
Public Sector Banks,134079117,116022479,250101596,5898213.96,187867867,Summary,01/17/2018
Regional Rural Banks,42058879,7700029,49758908,1250110.8,36451260,Summary,01/17/2018
Private Sector Banks,5991144,3894400,9885544,220646.86,9211301,Summary,01/17/2018
Grand Total,182129140,127616908,309746048,7368971.62,233530428,Summary,01/17/2018
Allahabad Bank,5770005,1514721,7284726,179531.21,5405487,(A) Public Sector Banks,01/17/2018
Andhra Bank,1477829,879518,2357347,30838.91,1772458,(A) Public Sector Banks,01/17/2018
Bank of Baroda,8778777,14165321,22944098,589924.68,21276640,(A) Public Sector Banks,01/17/2018
Bank of India,9012631,9920715,18933346,407318.29,17624526,(A) Public Sector Banks,01/17/2018
Bank of Maharashtra,3936652,1172450,5109102,105481.69,1022008,(A) Public Sector Banks,01/17/2018
Canara Bank,4600284,2108117,6708401,189891.49,4238280,(A) Public Sector Banks,01/17/2018
Central Bank of India,8697813,2126148,10823961,196087.94,8246166,(A) Public Sector Banks,01/17/2018
Corporation Bank,1366326,1344165,2710491,101422.55,2574663,(A) Public Sector Banks,01/17/2018
Dena Bank,3447609,921577,4369186,93000.39,2520869,(A) Public Sector Banks,01/17/2018
IDBI Bank Ltd.,459342,363622,822964,20790.13,666678,(A) Public Sector Banks,01/17/2018
Indian Bank,2201685,1098680,3300365,47151.41,3277137,(A) Public Sector Banks,01/17/2018
Indian Overseas Bank,975234,3408179,4383413,76482.43,4115633,(A) Public Sector Banks,01/17/2018
Oriental Bank of Commerce,2379771,1819918,4199689,425473.04,3770580,(A) Public Sector Banks,01/17/2018
Punjab & Sind Bank,663339,425457,1088796,59010.68,1002876,(A) Public Sector Banks,01/17/2018
Punjab National Bank,15370185,2788937,18159122,350874.81,15678498,(A) Public Sector Banks,01/17/2018
State Bank of India,44397684,60668860,105066544,1587747.78,70324018,(A) Public Sector Banks,01/17/2018
Syndicate Bank,3057610,1384365,4441975,135082.8,3854161,(A) Public Sector Banks,01/17/2018
UCO Bank,3566823,2910414,6477237,152818.44,4001924,(A) Public Sector Banks,01/17/2018
Union Bank of India,5855448,1627251,7482699,139551.86,4804399,(A) Public Sector Banks,01/17/2018
United Bank of India,7237777,4736627,11974404,989867.8,10227731,(A) Public Sector Banks,01/17/2018
Vijaya Bank,826293,637437,1463730,19865.61,1463135,(A) Public Sector Banks,01/17/2018
Public Sector Banks Sub Total,134079117,116022479,250101596,5898213.96,187867867,(A) Public Sector Banks,01/17/2018
Allahabad Bank,924019,169285,1093304,27273.19,768124,(B) Regional Rural Bank,01/17/2018
Andhra Bank,166368,17297,183665,2695.1,100902,(B) Regional Rural Bank,01/17/2018
Bank of Baroda,4612208,1278548,5890756,155645.86,4832471,(B) Regional Rural Bank,01/17/2018
Bank of India,3023115,993666,4016781,79741.94,3706467,(B) Regional Rural Bank,01/17/2018
Bank of Maharashtra,806287,125841,932128,20517.27,798373,(B) Regional Rural Bank,01/17/2018
Canara Bank,645776,440328,1086104,53184.99,1057370,(B) Regional Rural Bank,01/17/2018
Central Bank of India,3423233,781465,4204698,114324.73,3792553,(B) Regional Rural Bank,01/17/2018
Dena Bank,409222,13744,422966,13363.68,289136,(B) Regional Rural Bank,01/17/2018
Indian Bank,423242,133068,556310,6906.3,493212,(B) Regional Rural Bank,01/17/2018
Indian Overseas Bank,988214,30109,1018323,29066.32,616138,(B) Regional Rural Bank,01/17/2018
Jammu & Kashmir Bank Ltd,89037,16107,105144,5075.05,21111,(B) Regional Rural Bank,01/17/2018
Punjab & Sind Bank,19167,1112,20279,316.15,18191,(B) Regional Rural Bank,01/17/2018
Punjab National Bank,3109226,486542,3595768,117582.34,3164112,(B) Regional Rural Bank,01/17/2018
State Bank of India,10724235,2171337,12895572,281092.19,6325261,(B) Regional Rural Bank,01/17/2018
Syndicate Bank,2017484,547175,2564659,92334.95,2469730,(B) Regional Rural Bank,01/17/2018
UCO Bank,1411542,51187,1462729,28420.8,559347,(B) Regional Rural Bank,01/17/2018
Union Bank of India,1001304,336551,1337855,31505.61,755089,(B) Regional Rural Bank,01/17/2018
United Bank of India,8265200,106667,8371867,191064.33,6683673,(B) Regional Rural Bank,01/17/2018
Regional Rural Banks Sub Total,42058879,7700029,49758908,1250110.8,36451260,(B) Regional Rural Bank,01/17/2018
Axis Bank Ltd,116346,661450,777796,22315.8,689659,(C) Major Private Banks,01/17/2018
City Union Bank Ltd,15867,68182,84049,494.68,79235,(C) Major Private Banks,01/17/2018
Federal Bank Ltd,398218,81389,479607,19281.26,420719,(C) Major Private Banks,01/17/2018
HDFC Bank Ltd,331751,1440040,1771791,87619.92,1771113,(C) Major Private Banks,01/17/2018
ICICI Bank Ltd,3456661,552445,4009106,20523.89,4009106,(C) Major Private Banks,01/17/2018
IndusInd Bank Ltd,41154,405194,446348,3354.7,421742,(C) Major Private Banks,01/17/2018
Jammu & Kashmir Bank Ltd,1362166,137196,1499362,56963.65,1178943,(C) Major Private Banks,01/17/2018
Karur Vysya Bank,25174,161287,186461,1641.87,184128,(C) Major Private Banks,01/17/2018
Kotak Mahindra Bank Ltd,107698,71839,179537,1861.36,132225,(C) Major Private Banks,01/17/2018
Lakshmi Vilas Bank Ltd,38562,96291,134853,1555.03,124631,(C) Major Private Banks,01/17/2018
RBL Bank Ltd,59787,35520,95307,221.26,94523,(C) Major Private Banks,01/17/2018
South Indian Bank Ltd,30619,178541,209160,4589.53,94535,(C) Major Private Banks,01/17/2018
Yes Bank Ltd,7141,5026,12167,223.91,10742,(C) Major Private Banks,01/17/2018
Major Private Banks Sub Total,5991144,3894400,9885544,220646.86,9211301,(C) Major Private Banks,01/17/2018
Public Sector Banks,134243915,116142688,250386603,5891354.13,188309460,Summary,01/24/2018
Regional Rural Banks,42051099,7774855,49825954,1249218.9,36516570,Summary,01/24/2018
Private Sector Banks,5992359,3894239,9886598,218282.85,9213730,Summary,01/24/2018
Grand Total,182287373,127811782,310099155,7358855.88,234039760,Summary,01/24/2018
Allahabad Bank,5784601,1527671,7312272,180375.54,5431141,(A) Public Sector Banks,01/24/2018
Andhra Bank,1473688,878420,2352108,30703.35,1767589,(A) Public Sector Banks,01/24/2018
Bank of Baroda,8821152,14236117,23057269,590473.68,21376317,(A) Public Sector Banks,01/24/2018
Bank of India,9033176,9938888,18972064,406286.7,17661494,(A) Public Sector Banks,01/24/2018
Bank of Maharashtra,3940345,1172328,5112673,105920.87,1025591,(A) Public Sector Banks,01/24/2018
Canara Bank,4594420,2103795,6698215,189050.32,4231656,(A) Public Sector Banks,01/24/2018
Central Bank of India,8737677,2129750,10867427,197016.58,8287274,(A) Public Sector Banks,01/24/2018
Corporation Bank,1366326,1344165,2710491,101422.55,2574663,(A) Public Sector Banks,01/24/2018
Dena Bank,3454578,922133,4376711,92825.29,2517400,(A) Public Sector Banks,01/24/2018
IDBI Bank Ltd.,459338,363578,822916,20687.31,666552,(A) Public Sector Banks,01/24/2018
Indian Bank,2202593,1099353,3301946,46520.73,3278720,(A) Public Sector Banks,01/24/2018
Indian Overseas Bank,975331,3409382,4384713,76009.76,4114327,(A) Public Sector Banks,01/24/2018
Oriental Bank of Commerce,2381885,1821371,4203256,424993,3772351,(A) Public Sector Banks,01/24/2018
Punjab & Sind Bank,662339,424597,1086936,58100.14,1002116,(A) Public Sector Banks,01/24/2018
Punjab National Bank,15389343,2790897,18180240,350705.99,15905833,(A) Public Sector Banks,01/24/2018
State Bank of India,44400907,60669036,105069943,1591234.76,70324272,(A) Public Sector Banks,01/24/2018
Syndicate Bank,3058855,1384418,4443273,132926.68,3872619,(A) Public Sector Banks,01/24/2018
UCO Bank,3576545,2915895,6492440,153047.15,4005471,(A) Public Sector Banks,01/24/2018
Union Bank of India,5862136,1633330,7495466,139752.38,4801081,(A) Public Sector Banks,01/24/2018
United Bank of India,7243784,4740517,11984301,983513.02,10229858,(A) Public Sector Banks,01/24/2018
Vijaya Bank,824896,637047,1461943,19788.33,1463135,(A) Public Sector Banks,01/24/2018
Public Sector Banks Sub Total,134243915,116142688,250386603,5891354.13,188309460,(A) Public Sector Banks,01/24/2018
Allahabad Bank,924126,169285,1093411,27339.07,768124,(B) Regional Rural Bank,01/24/2018
Andhra Bank,166374,17297,183671,2755.39,100910,(B) Regional Rural Bank,01/24/2018
Bank of Baroda,4623067,1281606,5904673,155393.44,4837996,(B) Regional Rural Bank,01/24/2018
Bank of India,3027464,995139,4022603,79788.7,3761427,(B) Regional Rural Bank,01/24/2018
Bank of Maharashtra,807316,125856,933172,20501.79,798373,(B) Regional Rural Bank,01/24/2018
Canara Bank,645804,440337,1086141,53246.14,1057389,(B) Regional Rural Bank,01/24/2018
Central Bank of India,3423932,782290,4206222,114015.06,3796018,(B) Regional Rural Bank,01/24/2018
Dena Bank,409420,13775,423195,13284.26,289136,(B) Regional Rural Bank,01/24/2018
Indian Bank,424154,133649,557803,6906.3,493305,(B) Regional Rural Bank,01/24/2018
Indian Overseas Bank,988214,30109,1018323,29066.32,616138,(B) Regional Rural Bank,01/24/2018
Jammu & Kashmir Bank Ltd,89121,16121,105242,5012.44,21183,(B) Regional Rural Bank,01/24/2018
Punjab & Sind Bank,19167,1119,20286,306.86,18197,(B) Regional Rural Bank,01/24/2018
Punjab National Bank,3048102,549898,3598000,118217.86,3164594,(B) Regional Rural Bank,01/24/2018
State Bank of India,10753372,2175451,12928823,276930.63,6324121,(B) Regional Rural Bank,01/24/2018
Syndicate Bank,2017765,547386,2565151,93594.81,2469730,(B) Regional Rural Bank,01/24/2018
UCO Bank,1415380,51398,1466778,28477.79,559347,(B) Regional Rural Bank,01/24/2018
Union Bank of India,1003491,337488,1340979,31603.54,755210,(B) Regional Rural Bank,01/24/2018
United Bank of India,8264830,106651,8371481,192778.49,6685372,(B) Regional Rural Bank,01/24/2018
Regional Rural Banks Sub Total,42051099,7774855,49825954,1249218.9,36516570,(B) Regional Rural Bank,01/24/2018
Axis Bank Ltd,116284,660780,777064,21961.81,689071,(C) Major Private Banks,01/24/2018
City Union Bank Ltd,15867,68182,84049,494.68,79235,(C) Major Private Banks,01/24/2018
Federal Bank Ltd,398456,81377,479833,19116.72,420821,(C) Major Private Banks,01/24/2018
HDFC Bank Ltd,331776,1440050,1771826,86461.61,1771148,(C) Major Private Banks,01/24/2018
ICICI Bank Ltd,3457301,552445,4009746,20116.66,4009746,(C) Major Private Banks,01/24/2018
IndusInd Bank Ltd,41168,405351,446519,3036.66,421948,(C) Major Private Banks,01/24/2018
Jammu & Kashmir Bank Ltd,1362485,137221,1499706,57125.23,1179859,(C) Major Private Banks,01/24/2018
Karur Vysya Bank,25220,161481,186701,1609.77,184365,(C) Major Private Banks,01/24/2018
Kotak Mahindra Bank Ltd,107680,71810,179490,1867.18,132183,(C) Major Private Banks,01/24/2018
Lakshmi Vilas Bank Ltd,38569,96456,135025,1466.39,124768,(C) Major Private Banks,01/24/2018
RBL Bank Ltd,59787,35520,95307,215.1,95307,(C) Major Private Banks,01/24/2018
South Indian Bank Ltd,30619,178541,209160,4589.53,94535,(C) Major Private Banks,01/24/2018
Yes Bank Ltd,7147,5025,12172,221.5,10744,(C) Major Private Banks,01/24/2018
Major Private Banks Sub Total,5992359,3894239,9886598,218282.85,9213730,(C) Major Private Banks,01/24/2018
Public Sector Banks,134580619,116050432,250631051,5913881.52,188474612,Summary,01/31/2018
Regional Rural Banks,42081951,7772980,49854931,1255178.91,36504316,Summary,01/31/2018
Private Sector Banks,5994882,3893936,9888818,218812.97,9215114,Summary,01/31/2018
Grand Total,182657452,127717348,310374800,7387873.4,234194042,Summary,01/31/2018
Allahabad Bank,5800133,1541475,7341608,182048.58,5457470,(A) Public Sector Banks,01/31/2018
Andhra Bank,1512937,887535,2400472,31241.85,1808845,(A) Public Sector Banks,01/31/2018
Bank of Baroda,8853458,14298732,23152190,593808.9,21460426,(A) Public Sector Banks,01/31/2018
Bank of India,9041609,9957575,18999184,406170.13,17648009,(A) Public Sector Banks,01/31/2018
Bank of Maharashtra,3944463,1172938,5117401,105883.3,1027783,(A) Public Sector Banks,01/31/2018
Canara Bank,4592016,2106337,6698353,190486.31,4232293,(A) Public Sector Banks,01/31/2018
Central Bank of India,8738065,2128745,10866810,197256.09,8292273,(A) Public Sector Banks,01/31/2018
Corporation Bank,1575158,1130008,2705166,103405.51,2566936,(A) Public Sector Banks,01/31/2018
Dena Bank,3457473,922120,4379593,93160.88,2514774,(A) Public Sector Banks,01/31/2018
IDBI Bank Ltd.,459034,363870,822904,20620.11,666446,(A) Public Sector Banks,01/31/2018
Indian Bank,2203005,1099619,3302624,47251.14,3279991,(A) Public Sector Banks,01/31/2018
Indian Overseas Bank,975248,3409589,4384837,76145.97,4139790,(A) Public Sector Banks,01/31/2018
Oriental Bank of Commerce,2384655,1823182,4207837,425898.23,3773225,(A) Public Sector Banks,01/31/2018
Punjab & Sind Bank,662179,423708,1085887,59428.3,1001428,(A) Public Sector Banks,01/31/2018
Punjab National Bank,15389343,2790897,18180240,350705.99,15905833,(A) Public Sector Banks,01/31/2018
State Bank of India,44401220,60669514,105070734,1585534.31,70324272,(A) Public Sector Banks,01/31/2018
Syndicate Bank,3059680,1384670,4444350,131775.82,3876304,(A) Public Sector Banks,01/31/2018
UCO Bank,3591517,2921972,6513489,154561.99,4008463,(A) Public Sector Banks,01/31/2018
Union Bank of India,5864996,1636639,7501635,140037.83,4799151,(A) Public Sector Banks,01/31/2018
United Bank of India,7249606,4744283,11993889,998672.92,10231789,(A) Public Sector Banks,01/31/2018
Vijaya Bank,824824,637024,1461848,19787.35,1459111,(A) Public Sector Banks,01/31/2018
Public Sector Banks Sub Total,134580619,116050432,250631051,5913881.52,188474612,(A) Public Sector Banks,01/31/2018
Allahabad Bank,924204,169285,1093489,27513.37,768124,(B) Regional Rural Bank,01/31/2018
Andhra Bank,166448,17302,183750,2712.39,100911,(B) Regional Rural Bank,01/31/2018
Bank of Baroda,4635263,1285616,5920879,158581.06,4846134,(B) Regional Rural Bank,01/31/2018
Bank of India,3030972,995268,4026240,80083.94,3761427,(B) Regional Rural Bank,01/31/2018
Bank of Maharashtra,808291,125856,934147,20501.79,798373,(B) Regional Rural Bank,01/31/2018
Canara Bank,645834,440366,1086200,53269.77,1057397,(B) Regional Rural Bank,01/31/2018
Central Bank of India,3408043,772960,4181003,113097.34,3773296,(B) Regional Rural Bank,01/31/2018
Dena Bank,409682,13817,423499,13208.88,289136,(B) Regional Rural Bank,01/31/2018
Indian Bank,424892,133671,558563,7168.56,493356,(B) Regional Rural Bank,01/31/2018
Indian Overseas Bank,987887,30102,1017989,29297.92,616138,(B) Regional Rural Bank,01/31/2018
Jammu & Kashmir Bank Ltd,89163,16131,105294,5009.78,21243,(B) Regional Rural Bank,01/31/2018
Punjab & Sind Bank,19186,1130,20316,333.25,18210,(B) Regional Rural Bank,01/31/2018
Punjab National Bank,3051157,549994,3601151,118035.03,3165099,(B) Regional Rural Bank,01/31/2018
State Bank of India,10768065,2177424,12945489,278930.53,6324070,(B) Regional Rural Bank,01/31/2018
Syndicate Bank,2017236,547641,2564877,94316.13,2469730,(B) Regional Rural Bank,01/31/2018
UCO Bank,1423284,51586,1474870,28729.67,559347,(B) Regional Rural Bank,01/31/2018
Union Bank of India,1005145,338194,1343339,32001.61,755305,(B) Regional Rural Bank,01/31/2018
United Bank of India,8267199,106637,8373836,192387.9,6687020,(B) Regional Rural Bank,01/31/2018
Regional Rural Banks Sub Total,42081951,7772980,49854931,1255178.91,36504316,(B) Regional Rural Bank,01/31/2018
Axis Bank Ltd,116284,660780,777064,21961.81,689071,(C) Major Private Banks,01/31/2018
City Union Bank Ltd,16012,68240,84252,1455.04,79235,(C) Major Private Banks,01/31/2018
Federal Bank Ltd,398529,81403,479932,19317.86,420898,(C) Major Private Banks,01/31/2018
HDFC Bank Ltd,331795,1440080,1771875,85477.12,1771197,(C) Major Private Banks,01/31/2018
ICICI Bank Ltd,3459419,552445,4011864,20505.68,4011864,(C) Major Private Banks,01/31/2018
IndusInd Bank Ltd,41178,405563,446741,3082.56,421963,(C) Major Private Banks,01/31/2018
Jammu & Kashmir Bank Ltd,1362644,137241,1499885,57033.78,1180371,(C) Major Private Banks,01/31/2018
Karur Vysya Bank,25226,160701,185927,1582.52,183643,(C) Major Private Banks,01/31/2018
Kotak Mahindra Bank Ltd,107686,71801,179487,1858.74,132178,(C) Major Private Banks,01/31/2018
Lakshmi Vilas Bank Ltd,38550,96596,135146,1517.56,124892,(C) Major Private Banks,01/31/2018
RBL Bank Ltd,59787,35520,95307,212.51,94516,(C) Major Private Banks,01/31/2018
South Indian Bank Ltd,30619,178541,209160,4589.53,94535,(C) Major Private Banks,01/31/2018
Yes Bank Ltd,7153,5025,12178,218.27,10751,(C) Major Private Banks,01/31/2018
Major Private Banks Sub Total,5994882,3893936,9888818,218812.97,9215114,(C) Major Private Banks,01/31/2018
Public Sector Banks,134760548,116182546,250943094,5971958.69,188709087,Summary,02/07/2018
Regional Rural Banks,42108460,7780892,49889352,1262226.86,36426115,Summary,02/07/2018
Private Sector Banks,5996024,3896103,9892127,219293.32,9218253,Summary,02/07/2018
Grand Total,182865032,127859541,310724573,7453478.87,234353455,Summary,02/07/2018
Allahabad Bank,5815973,1555574,7371547,182802.25,5487199,(A) Public Sector Banks,02/07/2018
Andhra Bank,1513117,887444,2400561,31295.48,1808504,(A) Public Sector Banks,02/07/2018
Bank of Baroda,8889773,14373189,23262962,601940.35,21558472,(A) Public Sector Banks,02/07/2018
Bank of India,9068426,9977443,19045869,413344.23,17793160,(A) Public Sector Banks,02/07/2018
Bank of Maharashtra,3951466,1173655,5125121,108297.47,1031594,(A) Public Sector Banks,02/07/2018
Canara Bank,4604850,2099731,6704581,193185.63,4232986,(A) Public Sector Banks,02/07/2018
Central Bank of India,8775060,2135235,10910295,200104.61,8326092,(A) Public Sector Banks,02/07/2018
Corporation Bank,1575158,1130008,2705166,103405.51,2566936,(A) Public Sector Banks,02/07/2018
Dena Bank,3459961,922487,4382448,94389.57,2513276,(A) Public Sector Banks,02/07/2018
IDBI Bank Ltd.,459145,364040,823185,20650.5,554475,(A) Public Sector Banks,02/07/2018
Indian Bank,2204343,1100185,3304528,48564.19,3281516,(A) Public Sector Banks,02/07/2018
Indian Overseas Bank,975357,3410221,4385578,78333.3,4136889,(A) Public Sector Banks,02/07/2018
Oriental Bank of Commerce,2386911,1824345,4211256,426375.22,3775295,(A) Public Sector Banks,02/07/2018
Punjab & Sind Bank,662063,423349,1085412,59077.67,1001311,(A) Public Sector Banks,02/07/2018
Punjab National Bank,15408786,2798124,18206910,350720.87,15938038,(A) Public Sector Banks,02/07/2018
State Bank of India,44401220,60669514,105070734,1604336.31,70324272,(A) Public Sector Banks,02/07/2018
Syndicate Bank,3060820,1384790,4445610,130193.47,3878626,(A) Public Sector Banks,02/07/2018
UCO Bank,3602908,2926926,6529834,155498.69,4011986,(A) Public Sector Banks,02/07/2018
Union Bank of India,5868230,1643407,7511637,140434.68,4795594,(A) Public Sector Banks,02/07/2018
United Bank of India,7252347,4745987,11998334,1009129.52,10233035,(A) Public Sector Banks,02/07/2018
Vijaya Bank,824634,636892,1461526,19879.16,1459831,(A) Public Sector Banks,02/07/2018
Public Sector Banks Sub Total,134760548,116182546,250943094,5971958.69,188709087,(A) Public Sector Banks,02/07/2018
Allahabad Bank,924396,169285,1093681,27604.35,768124,(B) Regional Rural Bank,02/07/2018
Andhra Bank,166448,17315,183763,2710.06,100916,(B) Regional Rural Bank,02/07/2018
Bank of Baroda,4647146,1288774,5935920,159293.41,4853469,(B) Regional Rural Bank,02/07/2018
Bank of India,3035759,995923,4031682,80498.9,3761427,(B) Regional Rural Bank,02/07/2018
Bank of Maharashtra,808703,125856,934559,20502.92,798373,(B) Regional Rural Bank,02/07/2018
Canara Bank,645871,440389,1086260,53470.71,1057416,(B) Regional Rural Bank,02/07/2018
Central Bank of India,3406133,773699,4179832,113051.43,3770751,(B) Regional Rural Bank,02/07/2018
Dena Bank,409994,13855,423849,13232.45,289136,(B) Regional Rural Bank,02/07/2018
Indian Bank,425521,134303,559824,7191.89,493356,(B) Regional Rural Bank,02/07/2018
Indian Overseas Bank,988226,30100,1018326,29766.77,616138,(B) Regional Rural Bank,02/07/2018
Jammu & Kashmir Bank Ltd,89182,16133,105315,5054.01,21270,(B) Regional Rural Bank,02/07/2018
Punjab & Sind Bank,19198,1153,20351,328.42,18235,(B) Regional Rural Bank,02/07/2018
Punjab National Bank,3054733,550032,3604765,117639.69,3166559,(B) Regional Rural Bank,02/07/2018
State Bank of India,10753436,2178664,12932100,282172.75,6238179,(B) Regional Rural Bank,02/07/2018
Syndicate Bank,2018024,547862,2565886,94459.14,2469730,(B) Regional Rural Bank,02/07/2018
UCO Bank,1424477,51659,1476136,28901.65,559347,(B) Regional Rural Bank,02/07/2018
Union Bank of India,1007561,339226,1346787,32066.67,755451,(B) Regional Rural Bank,02/07/2018
United Bank of India,8283652,106664,8390316,194281.64,6688238,(B) Regional Rural Bank,02/07/2018
Regional Rural Banks Sub Total,42108460,7780892,49889352,1262226.86,36426115,(B) Regional Rural Bank,02/07/2018
Axis Bank Ltd,116530,660904,777434,20822.66,689401,(C) Major Private Banks,02/07/2018
City Union Bank Ltd,16039,68405,84444,1490.33,79443,(C) Major Private Banks,02/07/2018
Federal Bank Ltd,398799,81436,480235,19252.6,421164,(C) Major Private Banks,02/07/2018
HDFC Bank Ltd,331807,1440144,1771951,86584.58,1771273,(C) Major Private Banks,02/07/2018
ICICI Bank Ltd,3460036,552445,4012481,20587.31,4012481,(C) Major Private Banks,02/07/2018
IndusInd Bank Ltd,41178,405784,446962,3186.04,422378,(C) Major Private Banks,02/07/2018
Jammu & Kashmir Bank Ltd,1362644,137241,1499885,57033.78,1180371,(C) Major Private Banks,02/07/2018
Karur Vysya Bank,25247,161791,187038,1721.97,184699,(C) Major Private Banks,02/07/2018
Kotak Mahindra Bank Ltd,107686,71800,179486,1882.55,132183,(C) Major Private Banks,02/07/2018
Lakshmi Vilas Bank Ltd,38562,96753,135315,1704.42,125062,(C) Major Private Banks,02/07/2018
RBL Bank Ltd,59787,35520,95307,214.41,94512,(C) Major Private Banks,02/07/2018
South Indian Bank Ltd,30556,178855,209411,4594.39,94535,(C) Major Private Banks,02/07/2018
Yes Bank Ltd,7153,5025,12178,218.27,10751,(C) Major Private Banks,02/07/2018
Major Private Banks Sub Total,5996024,3896103,9892127,219293.32,9218253,(C) Major Private Banks,02/07/2018
Public Sector Banks,134900302,116304702,251205004,5980679.91,189058489,Summary,02/14/2018
Regional Rural Banks,42166743,7787081,49953824,1265362.99,36487655,Summary,02/14/2018
Private Sector Banks,5997365,3896469,9893834,219014.53,9220124,Summary,02/14/2018
Grand Total,183064410,127988252,311052662,7465057.43,234766268,Summary,02/14/2018
Allahabad Bank,5842095,1578828,7420923,184750.32,5590427,(A) Public Sector Banks,02/14/2018
Andhra Bank,1513318,887446,2400764,31436.08,1808502,(A) Public Sector Banks,02/14/2018
Bank of Baroda,8922242,14439447,23361689,607054.59,21646718,(A) Public Sector Banks,02/14/2018
Bank of India,9086639,9991189,19077828,418301.82,17798891,(A) Public Sector Banks,02/14/2018
Bank of Maharashtra,3956726,1174282,5131008,109344.12,1034337,(A) Public Sector Banks,02/14/2018
Canara Bank,4608466,2104194,6712660,193427.78,4233311,(A) Public Sector Banks,02/14/2018
Central Bank of India,8809108,2137735,10946843,201817.5,8344031,(A) Public Sector Banks,02/14/2018
Corporation Bank,1575158,1130008,2705166,103405.51,2568608,(A) Public Sector Banks,02/14/2018
Dena Bank,3460010,922762,4382772,94905.66,2512041,(A) Public Sector Banks,02/14/2018
IDBI Bank Ltd.,459181,364078,823259,20699.67,554396,(A) Public Sector Banks,02/14/2018
Indian Bank,2204905,1100378,3305283,48758.18,3282242,(A) Public Sector Banks,02/14/2018
Indian Overseas Bank,975348,3410592,4385940,77971.48,4134935,(A) Public Sector Banks,02/14/2018
Oriental Bank of Commerce,2390691,1826055,4216746,426953.17,3777980,(A) Public Sector Banks,02/14/2018
Punjab & Sind Bank,661258,422310,1083568,58540.69,1000632,(A) Public Sector Banks,02/14/2018
Punjab National Bank,15407831,2797953,18205784,350718.18,15937767,(A) Public Sector Banks,02/14/2018
State Bank of India,44401220,60669514,105070734,1604336.31,70324272,(A) Public Sector Banks,02/14/2018
Syndicate Bank,3061525,1385030,4446555,129439.53,3880199,(A) Public Sector Banks,02/14/2018
UCO Bank,3613533,2931812,6545345,156743.32,4018585,(A) Public Sector Banks,02/14/2018
Union Bank of India,5872645,1647429,7520074,141546.22,4792288,(A) Public Sector Banks,02/14/2018
United Bank of India,7253794,4746819,12000613,1000499.34,10358614,(A) Public Sector Banks,02/14/2018
Vijaya Bank,824609,636841,1461450,20030.44,1459713,(A) Public Sector Banks,02/14/2018
Public Sector Banks Sub Total,134900302,116304702,251205004,5980679.91,189058489,(A) Public Sector Banks,02/14/2018
Allahabad Bank,924505,169285,1093790,27514.87,771243,(B) Regional Rural Bank,02/14/2018
Andhra Bank,166492,17316,183808,2696.13,100911,(B) Regional Rural Bank,02/14/2018
Bank of Baroda,4656329,1291136,5947465,159006.57,4858594,(B) Regional Rural Bank,02/14/2018
Bank of India,3035759,995923,4031682,80498.9,3761427,(B) Regional Rural Bank,02/14/2018
Bank of Maharashtra,809277,125856,935133,20501.79,798373,(B) Regional Rural Bank,02/14/2018
Canara Bank,645943,440425,1086368,53471.32,1057430,(B) Regional Rural Bank,02/14/2018
Central Bank of India,3404523,773920,4178443,113877.51,3768457,(B) Regional Rural Bank,02/14/2018
Dena Bank,410300,13816,424116,13442.59,289136,(B) Regional Rural Bank,02/14/2018
Indian Bank,426472,134337,560809,7169.72,493693,(B) Regional Rural Bank,02/14/2018
Indian Overseas Bank,988679,30111,1018790,29905.18,616138,(B) Regional Rural Bank,02/14/2018
Jammu & Kashmir Bank Ltd,89192,16138,105330,5056.39,21289,(B) Regional Rural Bank,02/14/2018
Punjab & Sind Bank,19211,1157,20368,329.72,18241,(B) Regional Rural Bank,02/14/2018
Punjab National Bank,3057206,550364,3607570,119760.68,3167813,(B) Regional Rural Bank,02/14/2018
State Bank of India,10769225,2180299,12949524,281944.15,6238628,(B) Regional Rural Bank,02/14/2018
Syndicate Bank,2018168,548175,2566343,94562.37,2487837,(B) Regional Rural Bank,02/14/2018
UCO Bank,1433300,51975,1485275,29482.02,559347,(B) Regional Rural Bank,02/14/2018
Union Bank of India,1009731,340152,1349883,32151.67,755534,(B) Regional Rural Bank,02/14/2018
United Bank of India,8302431,106696,8409127,193991.39,6723564,(B) Regional Rural Bank,02/14/2018
Regional Rural Banks Sub Total,42166743,7787081,49953824,1265362.99,36487655,(B) Regional Rural Bank,02/14/2018
Axis Bank Ltd,116575,660999,777574,20454.3,689465,(C) Major Private Banks,02/14/2018
City Union Bank Ltd,16039,68405,84444,1490.33,79443,(C) Major Private Banks,02/14/2018
Federal Bank Ltd,399022,81488,480510,19112.87,421300,(C) Major Private Banks,02/14/2018
HDFC Bank Ltd,331825,1440152,1771977,85941.41,1771299,(C) Major Private Banks,02/14/2018
ICICI Bank Ltd,3460558,552445,4013003,20866.22,4013003,(C) Major Private Banks,02/14/2018
IndusInd Bank Ltd,41166,406197,447363,3307.55,422584,(C) Major Private Banks,02/14/2018
Jammu & Kashmir Bank Ltd,1363363,137307,1500670,57653.93,1182111,(C) Major Private Banks,02/14/2018
Karur Vysya Bank,25271,161962,187233,1668.74,184888,(C) Major Private Banks,02/14/2018
Kotak Mahindra Bank Ltd,107194,71123,178317,1876.27,131067,(C) Major Private Banks,02/14/2018
Lakshmi Vilas Bank Ltd,38582,96845,135427,1611.82,125170,(C) Major Private Banks,02/14/2018
RBL Bank Ltd,59787,35520,95307,210.82,94508,(C) Major Private Banks,02/14/2018
South Indian Bank Ltd,30556,178855,209411,4594.39,94535,(C) Major Private Banks,02/14/2018
Yes Bank Ltd,7427,5171,12598,225.89,10751,(C) Major Private Banks,02/14/2018
Major Private Banks Sub Total,5997365,3896469,9893834,219014.53,9220124,(C) Major Private Banks,02/14/2018
Public Sector Banks,134657799,116843995,251501794,5994929.97,189348955,Summary,02/21/2018
Regional Rural Banks,42187016,7794219,49981235,1263273.88,36528341,Summary,02/21/2018
Private Sector Banks,5999020,3896527,9895547,217620.3,9188287,Summary,02/21/2018
Grand Total,182843835,128534741,311378576,7475824.15,235065583,Summary,02/21/2018
Allahabad Bank,5870226,1603944,7474170,187202.78,5699679,(A) Public Sector Banks,02/21/2018
Andhra Bank,1513517,887503,2401020,31917.86,1808728,(A) Public Sector Banks,02/21/2018
Bank of Baroda,8952750,14505660,23458410,606449.24,21732272,(A) Public Sector Banks,02/21/2018
Bank of India,9111796,10013393,19125189,417230.66,17849002,(A) Public Sector Banks,02/21/2018
Bank of Maharashtra,3960623,1174946,5135569,109214.84,1036885,(A) Public Sector Banks,02/21/2018
Canara Bank,4613847,2101903,6715750,192942.97,4233666,(A) Public Sector Banks,02/21/2018
Central Bank of India,8860391,2140160,11000551,202254.03,8392905,(A) Public Sector Banks,02/21/2018
Corporation Bank,1575158,1130008,2705166,103408.46,2570132,(A) Public Sector Banks,02/21/2018
Dena Bank,3458870,923006,4381876,95511.05,2509104,(A) Public Sector Banks,02/21/2018
IDBI Bank Ltd.,458955,364353,823308,20690.09,554396,(A) Public Sector Banks,02/21/2018
Indian Bank,2205912,1101465,3307377,47527.3,3284303,(A) Public Sector Banks,02/21/2018
Indian Overseas Bank,975367,3411638,4387005,77501.09,4132794,(A) Public Sector Banks,02/21/2018
Oriental Bank of Commerce,1984551,2237612,4222163,425753.75,3779918,(A) Public Sector Banks,02/21/2018
Punjab & Sind Bank,660687,422282,1082969,58684.11,1000310,(A) Public Sector Banks,02/21/2018
Punjab National Bank,15409272,2798165,18207437,350968.94,15937841,(A) Public Sector Banks,02/21/2018
State Bank of India,44403353,60672472,105075825,1622040.44,70324595,(A) Public Sector Banks,02/21/2018
Syndicate Bank,3053212,1381878,4435090,123035.79,3870642,(A) Public Sector Banks,02/21/2018
UCO Bank,3628087,2937780,6565867,156327.92,4023338,(A) Public Sector Banks,02/21/2018
Union Bank of India,5881187,1652618,7533805,142661.18,4789401,(A) Public Sector Banks,02/21/2018
United Bank of India,7255429,4747774,12003203,1003599.76,10360736,(A) Public Sector Banks,02/21/2018
Vijaya Bank,824609,635435,1460044,20007.69,1458308,(A) Public Sector Banks,02/21/2018
Public Sector Banks Sub Total,134657799,116843995,251501794,5994929.97,189348955,(A) Public Sector Banks,02/21/2018
Allahabad Bank,925581,169285,1094866,27793.73,780031,(B) Regional Rural Bank,02/21/2018
Andhra Bank,166523,17334,183857,2719.59,100913,(B) Regional Rural Bank,02/21/2018
Bank of Baroda,4666261,1295104,5961365,158495.38,4864361,(B) Regional Rural Bank,02/21/2018
Bank of India,3043413,999076,4042489,80305.13,3761427,(B) Regional Rural Bank,02/21/2018
Bank of Maharashtra,810361,125856,936217,20502.85,798604,(B) Regional Rural Bank,02/21/2018
Canara Bank,646003,440452,1086455,53327.04,1057440,(B) Regional Rural Bank,02/21/2018
Central Bank of India,3420138,784265,4204403,113986.23,3789451,(B) Regional Rural Bank,02/21/2018
Dena Bank,410389,13803,424192,13582.32,289136,(B) Regional Rural Bank,02/21/2018
Indian Bank,427480,134877,562357,7210.48,493693,(B) Regional Rural Bank,02/21/2018
Indian Overseas Bank,989320,30123,1019443,29550.64,616138,(B) Regional Rural Bank,02/21/2018
Jammu & Kashmir Bank Ltd,89213,16142,105355,5012.44,21376,(B) Regional Rural Bank,02/21/2018
Punjab & Sind Bank,19216,1157,20373,329.77,18244,(B) Regional Rural Bank,02/21/2018
Punjab National Bank,3058992,550966,3609958,119220.52,3169581,(B) Regional Rural Bank,02/21/2018
State Bank of India,10784446,2181574,12966020,280690.03,6313705,(B) Regional Rural Bank,02/21/2018
Syndicate Bank,1953586,533332,2486918,95660.56,2414115,(B) Regional Rural Bank,02/21/2018
UCO Bank,1463570,53577,1517147,29533.04,559347,(B) Regional Rural Bank,02/21/2018
Union Bank of India,1010798,340606,1351404,32415.93,755629,(B) Regional Rural Bank,02/21/2018
United Bank of India,8301726,106690,8408416,192938.21,6725150,(B) Regional Rural Bank,02/21/2018
Regional Rural Banks Sub Total,42187016,7794219,49981235,1263273.88,36528341,(B) Regional Rural Bank,02/21/2018
Axis Bank Ltd,116657,661826,778483,20160.06,690260,(C) Major Private Banks,02/21/2018
City Union Bank Ltd,16039,68405,84444,1490.33,79443,(C) Major Private Banks,02/21/2018
Federal Bank Ltd,399165,81440,480605,19004.9,421267,(C) Major Private Banks,02/21/2018
HDFC Bank Ltd,331834,1440164,1771998,85619.82,1771320,(C) Major Private Banks,02/21/2018
ICICI Bank Ltd,3461730,552445,4014175,20516.77,4014175,(C) Major Private Banks,02/21/2018
IndusInd Bank Ltd,41181,406685,447866,3138.93,423209,(C) Major Private Banks,02/21/2018
Jammu & Kashmir Bank Ltd,1363595,137347,1500942,57618.39,1183532,(C) Major Private Banks,02/21/2018
Karur Vysya Bank,25305,160368,185673,1697.79,183350,(C) Major Private Banks,02/21/2018
Kotak Mahindra Bank Ltd,107186,71108,178294,1875.93,130699,(C) Major Private Banks,02/21/2018
Lakshmi Vilas Bank Ltd,38583,97033,135616,1562.33,125311,(C) Major Private Banks,02/21/2018
RBL Bank Ltd,59787,35520,95307,208.54,94505,(C) Major Private Banks,02/21/2018
South Indian Bank Ltd,30535,179022,209557,4504.14,60465,(C) Major Private Banks,02/21/2018
Yes Bank Ltd,7423,5164,12587,222.36,10751,(C) Major Private Banks,02/21/2018
Major Private Banks Sub Total,5999020,3896527,9895547,217620.3,9188287,(C) Major Private Banks,02/21/2018
Public Sector Banks,135137585,116817944,251955529,6064998.44,189712585,Summary,02/28/2018
Regional Rural Banks,42341816,7812326,50154142,1275187.87,36683950,Summary,02/28/2018
Private Sector Banks,6000347,3899401,9899748,217022.88,9193075,Summary,02/28/2018
Grand Total,183479748,128529671,312009419,7557209.19,235589610,Summary,02/28/2018
Allahabad Bank,5895689,1626650,7522339,188420.02,5771485,(A) Public Sector Banks,02/28/2018
Andhra Bank,1513994,887547,2401541,32055.93,1808621,(A) Public Sector Banks,02/28/2018
Bank of Baroda,8983967,14569403,23553370,610395,21816351,(A) Public Sector Banks,02/28/2018
Bank of India,9132452,10032349,19164801,419682.7,17903978,(A) Public Sector Banks,02/28/2018
Bank of Maharashtra,3964453,1175449,5139902,109618.63,1038673,(A) Public Sector Banks,02/28/2018
Canara Bank,4617720,2103094,6720814,193628.43,4234120,(A) Public Sector Banks,02/28/2018
Central Bank of India,8896085,2149113,11045198,203705.82,8435257,(A) Public Sector Banks,02/28/2018
Corporation Bank,1364285,1350376,2714661,103967.17,2570178,(A) Public Sector Banks,02/28/2018
Dena Bank,3463180,923574,4386754,95992.21,2653275,(A) Public Sector Banks,02/28/2018
IDBI Bank Ltd.,458875,364499,823374,20871.49,477698,(A) Public Sector Banks,02/28/2018
Indian Bank,2207417,1101838,3309255,47474.59,3286071,(A) Public Sector Banks,02/28/2018
Indian Overseas Bank,975481,3411830,4387311,77853.83,4131358,(A) Public Sector Banks,02/28/2018
Oriental Bank of Commerce,2395977,1829841,4225818,425511.04,3782650,(A) Public Sector Banks,02/28/2018
Punjab & Sind Bank,659609,422132,1081741,59206.4,1001287,(A) Public Sector Banks,02/28/2018
Punjab National Bank,15421121,2799854,18220975,351331.94,15937720,(A) Public Sector Banks,02/28/2018
State Bank of India,44403353,60672472,105075825,1636443.97,70324595,(A) Public Sector Banks,02/28/2018
Syndicate Bank,3054466,1381168,4435634,122911.88,3882279,(A) Public Sector Banks,02/28/2018
UCO Bank,3639219,2943217,6582436,158184.86,4028274,(A) Public Sector Banks,02/28/2018
Union Bank of India,6006474,1686494,7692968,147718.22,4806605,(A) Public Sector Banks,02/28/2018
United Bank of India,7259256,4750241,12009497,1039947.83,10362322,(A) Public Sector Banks,02/28/2018
Vijaya Bank,824512,636803,1461315,20076.51,1459788,(A) Public Sector Banks,02/28/2018
Public Sector Banks Sub Total,135137585,116817944,251955529,6064998.44,189712585,(A) Public Sector Banks,02/28/2018
Allahabad Bank,925727,169285,1095012,27630.12,781002,(B) Regional Rural Bank,02/28/2018
Andhra Bank,166558,17340,183898,2682.19,100929,(B) Regional Rural Bank,02/28/2018
Bank of Baroda,4675659,1298523,5974182,159202.97,4868853,(B) Regional Rural Bank,02/28/2018
Bank of India,3047145,1000607,4047752,80544.44,3761427,(B) Regional Rural Bank,02/28/2018
Bank of Maharashtra,810872,125856,936728,20501.85,798607,(B) Regional Rural Bank,02/28/2018
Canara Bank,646030,440401,1086431,53584.29,1057475,(B) Regional Rural Bank,02/28/2018
Central Bank of India,3420605,785284,4205889,114829.77,3788533,(B) Regional Rural Bank,02/28/2018
Dena Bank,410479,13782,424261,13552.63,289136,(B) Regional Rural Bank,02/28/2018
Indian Bank,428364,134891,563255,7214.96,493744,(B) Regional Rural Bank,02/28/2018
Indian Overseas Bank,989898,30139,1020037,29816.09,616138,(B) Regional Rural Bank,02/28/2018
Jammu & Kashmir Bank Ltd,89236,16147,105383,5070.4,21386,(B) Regional Rural Bank,02/28/2018
Punjab & Sind Bank,19223,1198,20421,305.48,18381,(B) Regional Rural Bank,02/28/2018
Punjab National Bank,3062181,550808,3612989,119730.63,3170621,(B) Regional Rural Bank,02/28/2018
State Bank of India,10844778,2177415,13022193,282073.06,6388495,(B) Regional Rural Bank,02/28/2018
Syndicate Bank,2019559,548715,2568274,95813.31,2487837,(B) Regional Rural Bank,02/28/2018
UCO Bank,1464048,53656,1517704,29664.92,559347,(B) Regional Rural Bank,02/28/2018
Union Bank of India,1013100,341589,1354689,32896.02,755752,(B) Regional Rural Bank,02/28/2018
United Bank of India,8308354,106690,8415044,200074.75,6726287,(B) Regional Rural Bank,02/28/2018
Regional Rural Banks Sub Total,42341816,7812326,50154142,1275187.87,36683950,(B) Regional Rural Bank,02/28/2018
Axis Bank Ltd,116821,662233,779054,20173.02,690641,(C) Major Private Banks,02/28/2018
City Union Bank Ltd,16046,68294,84340,1479.55,79500,(C) Major Private Banks,02/28/2018
Federal Bank Ltd,399377,81451,480828,19001.08,421347,(C) Major Private Banks,02/28/2018
HDFC Bank Ltd,331843,1440178,1772021,85242.74,1771343,(C) Major Private Banks,02/28/2018
ICICI Bank Ltd,3462242,552445,4014687,20375.78,4014687,(C) Major Private Banks,02/28/2018
IndusInd Bank Ltd,41186,406905,448091,3233.05,423417,(C) Major Private Banks,02/28/2018
Jammu & Kashmir Bank Ltd,1363986,137370,1501356,57465.03,1184846,(C) Major Private Banks,02/28/2018
Karur Vysya Bank,25321,162531,187852,1654,185417,(C) Major Private Banks,02/28/2018
Kotak Mahindra Bank Ltd,107187,71108,178295,1890.41,130706,(C) Major Private Banks,02/28/2018
Lakshmi Vilas Bank Ltd,38596,97182,135778,1575.53,125451,(C) Major Private Banks,02/28/2018
RBL Bank Ltd,59787,35520,95307,208.76,94504,(C) Major Private Banks,02/28/2018
South Indian Bank Ltd,30535,179022,209557,4504.14,60465,(C) Major Private Banks,02/28/2018
Yes Bank Ltd,7420,5162,12582,219.8,10751,(C) Major Private Banks,02/28/2018
Major Private Banks Sub Total,6000347,3899401,9899748,217022.88,9193075,(C) Major Private Banks,02/28/2018
Public Sector Banks,135959387,117027527,252986914,6115600.64,190121463,Summary,03/07/2018
Regional Rural Banks,42381146,7818009,50199155,1278086.49,36697475,Summary,03/07/2018
Private Sector Banks,6001609,3901566,9903175,218001.3,9196279,Summary,03/07/2018
Grand Total,184342142,128747102,313089244,7611688.43,236015217,Summary,03/07/2018
Allahabad Bank,5910572,1639947,7550519,193917.15,5796714,(A) Public Sector Banks,03/07/2018
Andhra Bank,1514136,887533,2401669,32177.31,1808736,(A) Public Sector Banks,03/07/2018
Bank of Baroda,9003713,14607747,23611460,614228.28,21868397,(A) Public Sector Banks,03/07/2018
Bank of India,9143415,10042468,19185883,423519.56,17918600,(A) Public Sector Banks,03/07/2018
Bank of Maharashtra,3969210,1176286,5145496,110660.57,1041711,(A) Public Sector Banks,03/07/2018
Canara Bank,4621324,2104686,6726010,195661.79,4235094,(A) Public Sector Banks,03/07/2018
Central Bank of India,8920042,2151135,11071177,206380.59,8469535,(A) Public Sector Banks,03/07/2018
Corporation Bank,1364285,1350376,2714661,104767.33,2570283,(A) Public Sector Banks,03/07/2018
Dena Bank,3467180,924176,4391356,97024.08,2652058,(A) Public Sector Banks,03/07/2018
IDBI Bank Ltd.,458232,364556,822788,21096.24,676339,(A) Public Sector Banks,03/07/2018
Indian Bank,2208082,1101884,3309966,48761.66,3286755,(A) Public Sector Banks,03/07/2018
Indian Overseas Bank,975590,3412137,4387727,78947.23,4129934,(A) Public Sector Banks,03/07/2018
Oriental Bank of Commerce,2398235,1831314,4229549,427867.36,3784009,(A) Public Sector Banks,03/07/2018
Punjab & Sind Bank,659113,422131,1081244,59398.22,1001263,(A) Public Sector Banks,03/07/2018
Punjab National Bank,15440199,2802666,18242865,351657.93,15937497,(A) Public Sector Banks,03/07/2018
State Bank of India,44403353,60672472,105075825,1622040.85,70324595,(A) Public Sector Banks,03/07/2018
Syndicate Bank,3055363,1380996,4436359,124785.33,3883004,(A) Public Sector Banks,03/07/2018
UCO Bank,3649340,2947475,6596815,158156.11,4030886,(A) Public Sector Banks,03/07/2018
Union Bank of India,6712073,1819004,8531077,172957.57,4882691,(A) Public Sector Banks,03/07/2018
United Bank of India,7261714,4751773,12013487,1051519.96,10363574,(A) Public Sector Banks,03/07/2018
Vijaya Bank,824216,636765,1460981,20075.51,1459788,(A) Public Sector Banks,03/07/2018
Public Sector Banks Sub Total,135959387,117027527,252986914,6115600.64,190121463,(A) Public Sector Banks,03/07/2018
Allahabad Bank,925834,169285,1095119,27759.16,781002,(B) Regional Rural Bank,03/07/2018
Andhra Bank,166584,17343,183927,2692.91,100929,(B) Regional Rural Bank,03/07/2018
Bank of Baroda,4683326,1300561,5983887,160630.98,4872768,(B) Regional Rural Bank,03/07/2018
Bank of India,3050299,1000877,4051176,80950.51,3761427,(B) Regional Rural Bank,03/07/2018
Bank of Maharashtra,811293,125856,937149,20502.85,798611,(B) Regional Rural Bank,03/07/2018
Canara Bank,646083,440512,1086595,53638.69,1057519,(B) Regional Rural Bank,03/07/2018
Central Bank of India,3420469,785747,4206216,115217.53,3787876,(B) Regional Rural Bank,03/07/2018
Dena Bank,410334,13988,424322,13805.86,289136,(B) Regional Rural Bank,03/07/2018
Indian Bank,429868,134927,564795,7180.72,493757,(B) Regional Rural Bank,03/07/2018
Indian Overseas Bank,989477,30084,1019561,29500.98,616138,(B) Regional Rural Bank,03/07/2018
Jammu & Kashmir Bank Ltd,89285,16192,105477,5079.52,21473,(B) Regional Rural Bank,03/07/2018
Punjab & Sind Bank,19227,1199,20426,321.46,18404,(B) Regional Rural Bank,03/07/2018
Punjab National Bank,3063486,551300,3614786,121161.02,3171434,(B) Regional Rural Bank,03/07/2018
State Bank of India,10866930,2178571,13045501,282920.71,6396768,(B) Regional Rural Bank,03/07/2018
Syndicate Bank,2021479,549121,2570600,96104.88,2487837,(B) Regional Rural Bank,03/07/2018
UCO Bank,1465115,53738,1518853,29765.13,559347,(B) Regional Rural Bank,03/07/2018
Union Bank of India,1014119,342024,1356143,33410.09,755829,(B) Regional Rural Bank,03/07/2018
United Bank of India,8307938,106684,8414622,197443.47,6727220,(B) Regional Rural Bank,03/07/2018
Regional Rural Banks Sub Total,42381146,7818009,50199155,1278086.49,36697475,(B) Regional Rural Bank,03/07/2018
Axis Bank Ltd,117121,663594,780715,20182.51,691886,(C) Major Private Banks,03/07/2018
City Union Bank Ltd,16042,68295,84337,1477.93,79499,(C) Major Private Banks,03/07/2018
Federal Bank Ltd,399741,81453,481194,19199.9,421765,(C) Major Private Banks,03/07/2018
HDFC Bank Ltd,331849,1440187,1772036,85962.2,1771358,(C) Major Private Banks,03/07/2018
ICICI Bank Ltd,3462467,552445,4014912,20106.74,4014912,(C) Major Private Banks,03/07/2018
IndusInd Bank Ltd,41192,407209,448401,3212.29,423603,(C) Major Private Banks,03/07/2018
Jammu & Kashmir Bank Ltd,1364333,137402,1501735,57451.74,1185682,(C) Major Private Banks,03/07/2018
Karur Vysya Bank,25334,162852,188186,1813.38,185545,(C) Major Private Banks,03/07/2018
Kotak Mahindra Bank Ltd,107187,71108,178295,1981.84,130709,(C) Major Private Banks,03/07/2018
Lakshmi Vilas Bank Ltd,38602,97316,135918,1661.44,125592,(C) Major Private Banks,03/07/2018
RBL Bank Ltd,59787,35520,95307,214.41,94512,(C) Major Private Banks,03/07/2018
South Indian Bank Ltd,30535,179022,209557,4504.14,60465,(C) Major Private Banks,03/07/2018
Yes Bank Ltd,7419,5163,12582,232.78,10751,(C) Major Private Banks,03/07/2018
Major Private Banks Sub Total,6001609,3901566,9903175,218001.3,9196279,(C) Major Private Banks,03/07/2018
Public Sector Banks,136144637,117140333,253284970,6151449.23,190278176,Summary,03/14/2018
Regional Rural Banks,42431769,7825935,50257704,1289162.22,36706175,Summary,03/14/2018
Private Sector Banks,5995093,3910022,9905115,217229.08,9198972,Summary,03/14/2018
Grand Total,184571499,128876290,313447789,7657840.53,236183323,Summary,03/14/2018
Allahabad Bank,5920174,1648509,7568683,198159.55,5813997,(A) Public Sector Banks,03/14/2018
Andhra Bank,1514305,887486,2401791,32550.62,1808540,(A) Public Sector Banks,03/14/2018
Bank of Baroda,9035763,14674805,23710568,623108.29,21957982,(A) Public Sector Banks,03/14/2018
Bank of India,9156298,10055661,19211959,428550.75,17925121,(A) Public Sector Banks,03/14/2018
Bank of Maharashtra,3971614,1176880,5148494,112286.96,1044659,(A) Public Sector Banks,03/14/2018
Canara Bank,4626428,2106797,6733225,196742.47,4236237,(A) Public Sector Banks,03/14/2018
Central Bank of India,8937372,2152537,11089909,209175.02,8493650,(A) Public Sector Banks,03/14/2018
Corporation Bank,1364342,1350391,2714733,105917.73,2570283,(A) Public Sector Banks,03/14/2018
Dena Bank,3476080,924482,4400562,98352.96,2656379,(A) Public Sector Banks,03/14/2018
IDBI Bank Ltd.,458211,364258,822469,21130.26,676259,(A) Public Sector Banks,03/14/2018
Indian Bank,2208100,1101961,3310061,48872.72,3286846,(A) Public Sector Banks,03/14/2018
Indian Overseas Bank,975668,3412053,4387721,79066.05,4128192,(A) Public Sector Banks,03/14/2018
Oriental Bank of Commerce,2400867,1833066,4233933,431168.37,3786440,(A) Public Sector Banks,03/14/2018
Punjab & Sind Bank,658533,422131,1080664,59537.51,1001036,(A) Public Sector Banks,03/14/2018
Punjab National Bank,15458523,2805002,18263525,352053.95,15936964,(A) Public Sector Banks,03/14/2018
State Bank of India,44403353,60672472,105075825,1622040.85,70325595,(A) Public Sector Banks,03/14/2018
Syndicate Bank,3055844,1381311,4437155,124383.1,3883800,(A) Public Sector Banks,03/14/2018
UCO Bank,3658955,2951660,6610615,159961.54,4032198,(A) Public Sector Banks,03/14/2018
Union Bank of India,6775825,1829131,8604956,176045.53,4890253,(A) Public Sector Banks,03/14/2018
United Bank of India,7264231,4753334,12017565,1052237.37,10364827,(A) Public Sector Banks,03/14/2018
Vijaya Bank,824151,636406,1460557,20107.63,1458918,(A) Public Sector Banks,03/14/2018
Public Sector Banks Sub Total,136144637,117140333,253284970,6151449.23,190278176,(A) Public Sector Banks,03/14/2018
Allahabad Bank,925917,169285,1095202,28018.43,781002,(B) Regional Rural Bank,03/14/2018
Andhra Bank,166601,17348,183949,2755.16,100928,(B) Regional Rural Bank,03/14/2018
Bank of Baroda,4696884,1303852,6000736,163026.6,4879665,(B) Regional Rural Bank,03/14/2018
Bank of India,3053693,1002073,4055766,81175.22,3761427,(B) Regional Rural Bank,03/14/2018
Bank of Maharashtra,811606,125856,937462,20501.8,798614,(B) Regional Rural Bank,03/14/2018
Canara Bank,646139,440540,1086679,53514.67,1057531,(B) Regional Rural Bank,03/14/2018
Central Bank of India,3420912,786644,4207556,116065.25,3787542,(B) Regional Rural Bank,03/14/2018
Dena Bank,410432,13940,424372,13925.21,289624,(B) Regional Rural Bank,03/14/2018
Indian Bank,430384,134927,565311,7332.61,493770,(B) Regional Rural Bank,03/14/2018
Indian Overseas Bank,989477,30084,1019561,29500.98,616138,(B) Regional Rural Bank,03/14/2018
Jammu & Kashmir Bank Ltd,89301,16234,105535,5084.27,21524,(B) Regional Rural Bank,03/14/2018
Punjab & Sind Bank,19222,1216,20438,328.48,18410,(B) Regional Rural Bank,03/14/2018
Punjab National Bank,3065440,551530,3616970,122448.56,3172420,(B) Regional Rural Bank,03/14/2018
State Bank of India,10878618,2179843,13058461,284955.27,6396096,(B) Regional Rural Bank,03/14/2018
Syndicate Bank,2022295,549293,2571588,96818.15,2487837,(B) Regional Rural Bank,03/14/2018
UCO Bank,1466382,53820,1520202,30393.14,559347,(B) Regional Rural Bank,03/14/2018
Union Bank of India,1015939,342800,1358739,33590.66,755966,(B) Regional Rural Bank,03/14/2018
United Bank of India,8322527,106650,8429177,199727.78,6728334,(B) Regional Rural Bank,03/14/2018
Regional Rural Banks Sub Total,42431769,7825935,50257704,1289162.22,36706175,(B) Regional Rural Bank,03/14/2018
Axis Bank Ltd,117271,664334,781605,20138.6,692623,(C) Major Private Banks,03/14/2018
City Union Bank Ltd,9050,75283,84333,1481.67,79421,(C) Major Private Banks,03/14/2018
Federal Bank Ltd,399917,81432,481349,19329.6,421854,(C) Major Private Banks,03/14/2018
HDFC Bank Ltd,331860,1440199,1772059,85154.03,1771381,(C) Major Private Banks,03/14/2018
ICICI Bank Ltd,3462430,552445,4014875,20075.65,4014875,(C) Major Private Banks,03/14/2018
IndusInd Bank Ltd,41169,407439,448608,3128.96,423937,(C) Major Private Banks,03/14/2018
Jammu & Kashmir Bank Ltd,1364519,137448,1501967,57635.42,1186680,(C) Major Private Banks,03/14/2018
Karur Vysya Bank,25366,163219,188585,1742.23,186116,(C) Major Private Banks,03/14/2018
Kotak Mahindra Bank Ltd,107152,71061,178213,1940.31,130631,(C) Major Private Banks,03/14/2018
Lakshmi Vilas Bank Ltd,38613,97459,136072,1666.74,125737,(C) Major Private Banks,03/14/2018
RBL Bank Ltd,59787,35520,95307,201.89,94501,(C) Major Private Banks,03/14/2018
South Indian Bank Ltd,30535,179022,209557,4504.14,60465,(C) Major Private Banks,03/14/2018
Yes Bank Ltd,7424,5161,12585,229.84,10751,(C) Major Private Banks,03/14/2018
Major Private Banks Sub Total,5995093,3910022,9905115,217229.08,9198972,(C) Major Private Banks,03/14/2018
Public Sector Banks,136300409,117264798,253565207,6245414.87,190479799,Summary,03/21/2018
Regional Rural Banks,42470206,7840519,50310725,1297327.7,36719113,Summary,03/21/2018
Private Sector Banks,5997336,3903945,9901281,217127.49,9196675,Summary,03/21/2018
Grand Total,184767951,129009262,313777213,7759870.06,236395587,Summary,03/21/2018
Allahabad Bank,5929083,1656443,7585526,201590.35,5829178,(A) Public Sector Banks,03/21/2018
Andhra Bank,1514464,887386,2401850,32860.4,1808352,(A) Public Sector Banks,03/21/2018
Bank of Baroda,9070647,14747533,23818180,630035.51,22053588,(A) Public Sector Banks,03/21/2018
Bank of India,9176565,10076612,19253177,432267.22,17969584,(A) Public Sector Banks,03/21/2018
Bank of Maharashtra,3975590,1177482,5153072,111979.68,1047597,(A) Public Sector Banks,03/21/2018
Canara Bank,4631040,2108862,6739902,197375.93,4238419,(A) Public Sector Banks,03/21/2018
Central Bank of India,8976408,2156323,11132731,213026.55,8534442,(A) Public Sector Banks,03/21/2018
Corporation Bank,1364294,1350369,2714663,105667.83,2570283,(A) Public Sector Banks,03/21/2018
Dena Bank,3481295,924731,4406026,100178.47,2654325,(A) Public Sector Banks,03/21/2018
IDBI Bank Ltd.,458151,364391,822542,21114.97,676176,(A) Public Sector Banks,03/21/2018
Indian Bank,2208188,1101964,3310152,48757.38,3286874,(A) Public Sector Banks,03/21/2018
Indian Overseas Bank,975610,3412519,4388129,79114.03,4126763,(A) Public Sector Banks,03/21/2018
Oriental Bank of Commerce,2403029,1834617,4237646,431010.42,3786933,(A) Public Sector Banks,03/21/2018
Punjab & Sind Bank,657785,422133,1079918,59564.66,1001082,(A) Public Sector Banks,03/21/2018
Punjab National Bank,15478332,2808186,18286518,352480,15937905,(A) Public Sector Banks,03/21/2018
State Bank of India,44403353,60672472,105075825,1671951.86,70325595,(A) Public Sector Banks,03/21/2018
Syndicate Bank,3055830,1381746,4437576,124545.07,3884221,(A) Public Sector Banks,03/21/2018
UCO Bank,3669342,2957378,6626720,162179.1,4036410,(A) Public Sector Banks,03/21/2018
Union Bank of India,6780957,1832536,8613493,179229.71,4887168,(A) Public Sector Banks,03/21/2018
United Bank of India,7266497,4754723,12021220,1070173.26,10365986,(A) Public Sector Banks,03/21/2018
Vijaya Bank,823949,636392,1460341,20312.48,1458918,(A) Public Sector Banks,03/21/2018
Public Sector Banks Sub Total,136300409,117264798,253565207,6245414.87,190479799,(A) Public Sector Banks,03/21/2018
Allahabad Bank,925980,169285,1095265,28687.86,781002,(B) Regional Rural Bank,03/21/2018
Andhra Bank,166623,17352,183975,2717.57,100923,(B) Regional Rural Bank,03/21/2018
Bank of Baroda,4709551,1306712,6016263,165562.37,4886699,(B) Regional Rural Bank,03/21/2018
Bank of India,3057616,1003782,4061398,81373.76,3761427,(B) Regional Rural Bank,03/21/2018
Bank of Maharashtra,811825,125856,937681,20502.8,798619,(B) Regional Rural Bank,03/21/2018
Canara Bank,646180,440567,1086747,53581.4,1057564,(B) Regional Rural Bank,03/21/2018
Central Bank of India,3421733,787488,4209221,117598.81,3791354,(B) Regional Rural Bank,03/21/2018
Dena Bank,410502,13969,424471,13851.03,289683,(B) Regional Rural Bank,03/21/2018
Indian Bank,429301,137425,566726,7445.27,493804,(B) Regional Rural Bank,03/21/2018
Indian Overseas Bank,990289,30118,1020407,30173.14,616138,(B) Regional Rural Bank,03/21/2018
Jammu & Kashmir Bank Ltd,89357,16284,105641,5104.8,21577,(B) Regional Rural Bank,03/21/2018
Punjab & Sind Bank,19221,1219,20440,317.08,18407,(B) Regional Rural Bank,03/21/2018
Punjab National Bank,3062257,555186,3617443,122785.44,3173357,(B) Regional Rural Bank,03/21/2018
State Bank of India,10895035,2181643,13076678,286697.53,6395899,(B) Regional Rural Bank,03/21/2018
Syndicate Bank,2022831,549417,2572248,97646.6,2487837,(B) Regional Rural Bank,03/21/2018
UCO Bank,1467593,53896,1521489,31072.49,559347,(B) Regional Rural Bank,03/21/2018
Union Bank of India,1017923,343641,1361564,34595.89,756104,(B) Regional Rural Bank,03/21/2018
United Bank of India,8326389,106679,8433068,197613.86,6729372,(B) Regional Rural Bank,03/21/2018
Regional Rural Banks Sub Total,42470206,7840519,50310725,1297327.7,36719113,(B) Regional Rural Bank,03/21/2018
Axis Bank Ltd,116558,657633,774191,20174.18,686240,(C) Major Private Banks,03/21/2018
City Union Bank Ltd,9058,75289,84347,1474.4,79451,(C) Major Private Banks,03/21/2018
Federal Bank Ltd,400145,81522,481667,19500.11,421892,(C) Major Private Banks,03/21/2018
HDFC Bank Ltd,331866,1440212,1772078,84759.58,1771400,(C) Major Private Banks,03/21/2018
ICICI Bank Ltd,3462457,552445,4014902,20317.42,4014902,(C) Major Private Banks,03/21/2018
IndusInd Bank Ltd,41173,407796,448969,3013.58,423937,(C) Major Private Banks,03/21/2018
Jammu & Kashmir Bank Ltd,1365398,136953,1502351,57736.7,1188234,(C) Major Private Banks,03/21/2018
Karur Vysya Bank,27186,163777,190963,1690.83,188439,(C) Major Private Banks,03/21/2018
Kotak Mahindra Bank Ltd,107143,71040,178183,1954.35,130603,(C) Major Private Banks,03/21/2018
Lakshmi Vilas Bank Ltd,38606,97578,136184,1574.59,125861,(C) Major Private Banks,03/21/2018
RBL Bank Ltd,59787,35520,95307,198.52,94500,(C) Major Private Banks,03/21/2018
South Indian Bank Ltd,30535,179022,209557,4504.14,60465,(C) Major Private Banks,03/21/2018
Yes Bank Ltd,7424,5158,12582,229.09,10751,(C) Major Private Banks,03/21/2018
Major Private Banks Sub Total,5997336,3903945,9901281,217127.49,9196675,(C) Major Private Banks,03/21/2018
Public Sector Banks,136690128,117492446,254182574,6302187.35,190615766,Summary,03/28/2018
Regional Rural Banks,42508133,7844862,50352995,1329632.41,36722513,Summary,03/28/2018
Private Sector Banks,5997845,3905715,9903560,217579.48,9196730,Summary,03/28/2018
Grand Total,185196106,129243023,314439129,7849399.24,236535009,Summary,03/28/2018
Allahabad Bank,5935492,1662178,7597670,205851.25,5842606,(A) Public Sector Banks,03/28/2018
Andhra Bank,1514572,887320,2401892,33054.42,1808187,(A) Public Sector Banks,03/28/2018
Bank of Baroda,9103789,14819142,23922931,648435.49,22145057,(A) Public Sector Banks,03/28/2018
Bank of India,9191334,10090729,19282063,439939.41,17983116,(A) Public Sector Banks,03/28/2018
Bank of Maharashtra,3977212,1177866,5155078,111495.52,1048829,(A) Public Sector Banks,03/28/2018
Canara Bank,4907698,2230856,7138554,203924.65,4240365,(A) Public Sector Banks,03/28/2018
Central Bank of India,9007675,2159363,11167038,222031.41,8545866,(A) Public Sector Banks,03/28/2018
Corporation Bank,1363542,1350431,2713973,105294,2570283,(A) Public Sector Banks,03/28/2018
Dena Bank,3481583,924860,4406443,102394.71,2652345,(A) Public Sector Banks,03/28/2018
IDBI Bank Ltd.,458125,364365,822490,21490.16,676221,(A) Public Sector Banks,03/28/2018
Indian Bank,2208346,1102397,3310743,49427.89,3287289,(A) Public Sector Banks,03/28/2018
Indian Overseas Bank,975495,3412546,4388041,80782.11,4124821,(A) Public Sector Banks,03/28/2018
Oriental Bank of Commerce,2405646,1836703,4242349,431560.74,3790125,(A) Public Sector Banks,03/28/2018
Punjab & Sind Bank,656565,422111,1078676,59472.69,1001197,(A) Public Sector Banks,03/28/2018
Punjab National Bank,15488054,2809032,18297086,352824.17,15939607,(A) Public Sector Banks,03/28/2018
State Bank of India,44403353,60672472,105075825,1671951.86,70325595,(A) Public Sector Banks,03/28/2018
Syndicate Bank,3057235,1380460,4437695,127305.72,3884340,(A) Public Sector Banks,03/28/2018
UCO Bank,3677945,2961519,6639464,166188.46,4039064,(A) Public Sector Banks,03/28/2018
Union Bank of India,6783486,1835485,8618971,181519.15,4884692,(A) Public Sector Banks,03/28/2018
United Bank of India,7269213,4756412,12025625,1067023.75,10367243,(A) Public Sector Banks,03/28/2018
Vijaya Bank,823768,636199,1459967,20219.8,1458918,(A) Public Sector Banks,03/28/2018
Public Sector Banks Sub Total,136690128,117492446,254182574,6302187.35,190615766,(A) Public Sector Banks,03/28/2018
Allahabad Bank,926107,169285,1095392,29344.12,781002,(B) Regional Rural Bank,03/28/2018
Andhra Bank,166625,17353,183978,2796.65,100926,(B) Regional Rural Bank,03/28/2018
Bank of Baroda,4713556,1307484,6021040,173784.71,4888597,(B) Regional Rural Bank,03/28/2018
Bank of India,3060668,1004967,4065635,84031.89,3761427,(B) Regional Rural Bank,03/28/2018
Bank of Maharashtra,811985,125856,937841,20501.8,798622,(B) Regional Rural Bank,03/28/2018
Canara Bank,646208,440590,1086798,53923.71,1057582,(B) Regional Rural Bank,03/28/2018
Central Bank of India,3421963,787933,4209896,120966.47,3791194,(B) Regional Rural Bank,03/28/2018
Dena Bank,410583,13980,424563,13952.63,289724,(B) Regional Rural Bank,03/28/2018
Indian Bank,429301,137425,566726,7445.27,493804,(B) Regional Rural Bank,03/28/2018
Indian Overseas Bank,990147,30132,1020279,31199.91,616138,(B) Regional Rural Bank,03/28/2018
Jammu & Kashmir Bank Ltd,89378,16284,105662,5117.69,21605,(B) Regional Rural Bank,03/28/2018
Punjab & Sind Bank,19230,1219,20449,313.91,18409,(B) Regional Rural Bank,03/28/2018
Punjab National Bank,3064371,555413,3619784,126589.6,3173710,(B) Regional Rural Bank,03/28/2018
State Bank of India,10901921,2182405,13084326,292735.05,6395921,(B) Regional Rural Bank,03/28/2018
Syndicate Bank,2023219,549499,2572718,98971.7,2487837,(B) Regional Rural Bank,03/28/2018
UCO Bank,1490834,54301,1545135,31810.83,559347,(B) Regional Rural Bank,03/28/2018
Union Bank of India,1018929,344070,1362999,35543.56,756161,(B) Regional Rural Bank,03/28/2018
United Bank of India,8323108,106666,8429774,200602.89,6730507,(B) Regional Rural Bank,03/28/2018
Regional Rural Banks Sub Total,42508133,7844862,50352995,1329632.41,36722513,(B) Regional Rural Bank,03/28/2018
Axis Bank Ltd,116635,658326,774961,20480.89,686781,(C) Major Private Banks,03/28/2018
City Union Bank Ltd,9058,75289,84347,1474.4,79451,(C) Major Private Banks,03/28/2018
Federal Bank Ltd,400236,81513,481749,19808.89,421928,(C) Major Private Banks,03/28/2018
HDFC Bank Ltd,331870,1440220,1772090,84598.09,1771412,(C) Major Private Banks,03/28/2018
ICICI Bank Ltd,3464313,552445,4016758,20044.04,4016758,(C) Major Private Banks,03/28/2018
IndusInd Bank Ltd,41189,408182,449371,2903.41,426083,(C) Major Private Banks,03/28/2018
Jammu & Kashmir Bank Ltd,1365622,137534,1503156,58161.69,1188631,(C) Major Private Banks,03/28/2018
Karur Vysya Bank,25420,163796,189216,1661.74,186728,(C) Major Private Banks,03/28/2018
Kotak Mahindra Bank Ltd,107137,71032,178169,1958.17,130593,(C) Major Private Banks,03/28/2018
Lakshmi Vilas Bank Ltd,38618,97679,136297,1559.52,122650,(C) Major Private Banks,03/28/2018
RBL Bank Ltd,59787,35520,95307,196.73,94499,(C) Major Private Banks,03/28/2018
South Indian Bank Ltd,30535,179022,209557,4504.14,60465,(C) Major Private Banks,03/28/2018
Yes Bank Ltd,7425,5157,12582,227.76,10751,(C) Major Private Banks,03/28/2018
Major Private Banks Sub Total,5997845,3905715,9903560,217579.48,9196730,(C) Major Private Banks,03/28/2018
Public Sector Banks,136471991,117421903,253893894,6328705.19,190691989,Summary,04/04/2018
Regional Rural Banks,42572053,7854537,50426590,1350628.91,36730301,Summary,04/04/2018
Private Sector Banks,5957847,3947622,9905469,221876.15,9200597,Summary,04/04/2018
Grand Total,185001891,129224062,314225953,7901210.25,236622887,Summary,04/04/2018
Allahabad Bank,5942869,1668754,7611623,213731.57,5853475,(A) Public Sector Banks,04/04/2018
Andhra Bank,1514562,887251,2401813,33046.17,1808165,(A) Public Sector Banks,04/04/2018
Bank of Baroda,9115810,14845706,23961516,656260.12,22177996,(A) Public Sector Banks,04/04/2018
Bank of India,9197857,10097687,19295544,449282.65,17981963,(A) Public Sector Banks,04/04/2018
Bank of Maharashtra,3978529,1178279,5156808,114628.62,1050248,(A) Public Sector Banks,04/04/2018
Canara Bank,4637642,2112623,6750265,205460.8,4241939,(A) Public Sector Banks,04/04/2018
Central Bank of India,9019471,2159974,11179445,225212.43,8574091,(A) Public Sector Banks,04/04/2018
Corporation Bank,1363437,1350175,2713612,105970.78,2570283,(A) Public Sector Banks,04/04/2018
Dena Bank,3482711,925042,4407753,101309.62,2652118,(A) Public Sector Banks,04/04/2018
IDBI Bank Ltd.,458238,364421,822659,21599.77,676285,(A) Public Sector Banks,04/04/2018
Indian Bank,2208406,1102867,3311273,49427.89,3287483,(A) Public Sector Banks,04/04/2018
Indian Overseas Bank,975491,3412639,4388130,81568.62,4124454,(A) Public Sector Banks,04/04/2018
Oriental Bank of Commerce,2407395,1838105,4245500,437770.45,3790493,(A) Public Sector Banks,04/04/2018
Punjab & Sind Bank,656043,422111,1078154,59380.51,1001256,(A) Public Sector Banks,04/04/2018
Punjab National Bank,15488748,2809157,18297905,353274.26,15941635,(A) Public Sector Banks,04/04/2018
State Bank of India,44403353,60672472,105075825,1702110.26,70325595,(A) Public Sector Banks,04/04/2018
Syndicate Bank,3057498,1380461,4437959,128021.57,3884482,(A) Public Sector Banks,04/04/2018
UCO Bank,3681642,2963622,6645264,169947.48,4041756,(A) Public Sector Banks,04/04/2018
Union Bank of India,6787370,1836923,8624293,113211.31,4882000,(A) Public Sector Banks,04/04/2018
United Bank of India,7271320,4757685,12029005,1087092.99,10368484,(A) Public Sector Banks,04/04/2018
Vijaya Bank,823599,635949,1459548,20397.33,1457788,(A) Public Sector Banks,04/04/2018
Public Sector Banks Sub Total,136471991,117421903,253893894,6328705.19,190691989,(A) Public Sector Banks,04/04/2018
Allahabad Bank,926170,169285,1095455,30960.58,781002,(B) Regional Rural Bank,04/04/2018
Andhra Bank,166626,17380,184006,2795.4,100931,(B) Regional Rural Bank,04/04/2018
Bank of Baroda,4722517,1310225,6032742,178102.64,4894518,(B) Regional Rural Bank,04/04/2018
Bank of India,3062475,1005576,4068051,85521.75,3761427,(B) Regional Rural Bank,04/04/2018
Bank of Maharashtra,812226,125856,938082,20502.8,798625,(B) Regional Rural Bank,04/04/2018
Canara Bank,646315,440692,1087007,54795.13,1057684,(B) Regional Rural Bank,04/04/2018
Central Bank of India,3422198,788141,4210339,122877.5,3791083,(B) Regional Rural Bank,04/04/2018
Dena Bank,410702,13963,424665,14436.07,289804,(B) Regional Rural Bank,04/04/2018
Indian Bank,430271,139972,570243,7517.34,493804,(B) Regional Rural Bank,04/04/2018
Indian Overseas Bank,990147,30132,1020279,31199.91,616138,(B) Regional Rural Bank,04/04/2018
Jammu & Kashmir Bank Ltd,89423,16297,105720,5307.62,21619,(B) Regional Rural Bank,04/04/2018
Punjab & Sind Bank,19292,1242,20534,342.76,18411,(B) Regional Rural Bank,04/04/2018
Punjab National Bank,3065492,555704,3621196,131405.92,3174147,(B) Regional Rural Bank,04/04/2018
State Bank of India,10909581,2184898,13094479,291044.55,6396141,(B) Regional Rural Bank,04/04/2018
Syndicate Bank,2023295,549512,2572807,100182.63,2487837,(B) Regional Rural Bank,04/04/2018
UCO Bank,1494596,54445,1549041,32911.19,559347,(B) Regional Rural Bank,04/04/2018
Union Bank of India,1019955,344507,1364462,37414.23,756202,(B) Regional Rural Bank,04/04/2018
United Bank of India,8360772,106710,8467482,203310.88,6731581,(B) Regional Rural Bank,04/04/2018
Regional Rural Banks Sub Total,42572053,7854537,50426590,1350628.91,36730301,(B) Regional Rural Bank,04/04/2018
Axis Bank Ltd,116751,658860,775611,21020.51,687212,(C) Major Private Banks,04/04/2018
City Union Bank Ltd,9088,75288,84376,1500.61,79460,(C) Major Private Banks,04/04/2018
Federal Bank Ltd,400313,81579,481892,20214.94,422076,(C) Major Private Banks,04/04/2018
HDFC Bank Ltd,331839,1440281,1772120,86903.55,1771442,(C) Major Private Banks,04/04/2018
ICICI Bank Ltd,3465072,552445,4017517,20331.61,4017517,(C) Major Private Banks,04/04/2018
IndusInd Bank Ltd,41207,408448,449655,3063.55,426516,(C) Major Private Banks,04/04/2018
Jammu & Kashmir Bank Ltd,1324708,178277,1502985,58641.19,1190374,(C) Major Private Banks,04/04/2018
Karur Vysya Bank,25426,163996,189422,1705.29,186991,(C) Major Private Banks,04/04/2018
Kotak Mahindra Bank Ltd,107110,70999,178109,1978.83,130538,(C) Major Private Banks,04/04/2018
Lakshmi Vilas Bank Ltd,38634,97760,136394,1581.02,122757,(C) Major Private Banks,04/04/2018
RBL Bank Ltd,59787,35520,95307,201.02,94498,(C) Major Private Banks,04/04/2018
South Indian Bank Ltd,30535,179022,209557,4504.14,60465,(C) Major Private Banks,04/04/2018
Yes Bank Ltd,7377,5147,12524,229.9,10751,(C) Major Private Banks,04/04/2018
Major Private Banks Sub Total,5957847,3947622,9905469,221876.15,9200597,(C) Major Private Banks,04/04/2018
Public Sector Banks,136602267,117542078,254144345,6496731.84,190839888,Summary,04/11/2018
Regional Rural Banks,42605552,7863223,50468775,1337027.45,36740879,Summary,04/11/2018
Private Sector Banks,5960181,3948524,9908705,220810.64,9203887,Summary,04/11/2018
Grand Total,185168000,129353825,314521825,8054569.93,236784654,Summary,04/11/2018
Allahabad Bank,5950999,1676002,7627001,211927.4,5869603,(A) Public Sector Banks,04/11/2018
Andhra Bank,1514658,887256,2401914,32662.4,1808067,(A) Public Sector Banks,04/11/2018
Bank of Baroda,9147747,14919713,24067460,656477.58,22266958,(A) Public Sector Banks,04/11/2018
Bank of India,9219497,10119821,19339318,448857.77,17989714,(A) Public Sector Banks,04/11/2018
Bank of Maharashtra,3981049,1178521,5159570,115437.06,1052260,(A) Public Sector Banks,04/11/2018
Canara Bank,4642658,2114382,6757040,204942.76,4243587,(A) Public Sector Banks,04/11/2018
Central Bank of India,9045939,2162872,11208811,224081.03,8599090,(A) Public Sector Banks,04/11/2018
Corporation Bank,1363318,1350170,2713488,106547.82,2570283,(A) Public Sector Banks,04/11/2018
Dena Bank,3487599,925640,4413239,101704.49,2651634,(A) Public Sector Banks,04/11/2018
IDBI Bank Ltd.,458248,364384,822632,21556.58,676245,(A) Public Sector Banks,04/11/2018
Indian Bank,2208406,1102867,3311273,51573.03,3288675,(A) Public Sector Banks,04/11/2018
Indian Overseas Bank,975491,3412639,4388130,81568.62,4124454,(A) Public Sector Banks,04/11/2018
Oriental Bank of Commerce,2410199,1840169,4250368,437660.15,3792199,(A) Public Sector Banks,04/11/2018
Punjab & Sind Bank,655359,422111,1077470,58460.11,1000934,(A) Public Sector Banks,04/11/2018
Punjab National Bank,15502164,2810694,18312858,353634.09,15943556,(A) Public Sector Banks,04/11/2018
State Bank of India,44403353,60672472,105075825,1760222.15,70325595,(A) Public Sector Banks,04/11/2018
Syndicate Bank,3058292,1380574,4438866,128400.13,3884631,(A) Public Sector Banks,04/11/2018
UCO Bank,3685439,2965649,6651088,170177.82,4045330,(A) Public Sector Banks,04/11/2018
Union Bank of India,6791477,1838987,8630464,191272.86,4879730,(A) Public Sector Banks,04/11/2018
United Bank of India,7276776,4761206,12037982,1118938.24,10369555,(A) Public Sector Banks,04/11/2018
Vijaya Bank,823599,635949,1459548,20629.8,1457788,(A) Public Sector Banks,04/11/2018
Public Sector Banks Sub Total,136602267,117542078,254144345,6496731.84,190839888,(A) Public Sector Banks,04/11/2018
Allahabad Bank,927986,169285,1097271,30640.12,781002,(B) Regional Rural Bank,04/11/2018
Andhra Bank,166632,17387,184019,2750.35,100940,(B) Regional Rural Bank,04/11/2018
Bank of Baroda,4735580,1313856,6049436,174853.68,4903487,(B) Regional Rural Bank,04/11/2018
Bank of India,3069548,1008230,4077778,84526.45,3761427,(B) Regional Rural Bank,04/11/2018
Bank of Maharashtra,812385,125856,938241,20501.79,798628,(B) Regional Rural Bank,04/11/2018
Canara Bank,646356,440716,1087072,52992.48,1057702,(B) Regional Rural Bank,04/11/2018
Central Bank of India,3422349,788454,4210803,121868.88,3790380,(B) Regional Rural Bank,04/11/2018
Dena Bank,410827,13969,424796,14426.35,289935,(B) Regional Rural Bank,04/11/2018
Indian Bank,430271,139972,570243,7517.34,493804,(B) Regional Rural Bank,04/11/2018
Indian Overseas Bank,990243,30135,1020378,31438.3,616138,(B) Regional Rural Bank,04/11/2018
Jammu & Kashmir Bank Ltd,89564,16328,105892,5283.12,21680,(B) Regional Rural Bank,04/11/2018
Punjab & Sind Bank,19359,1267,20626,373.76,18437,(B) Regional Rural Bank,04/11/2018
Punjab National Bank,3067233,556183,3623416,129293.09,3174966,(B) Regional Rural Bank,04/11/2018
State Bank of India,10912179,2185277,13097456,289456.4,6396338,(B) Regional Rural Bank,04/11/2018
Syndicate Bank,2023595,549579,2573174,100308.29,2487837,(B) Regional Rural Bank,04/11/2018
UCO Bank,1499238,54605,1553843,32620.88,559347,(B) Regional Rural Bank,04/11/2018
Union Bank of India,1022127,345430,1367557,36802.74,756363,(B) Regional Rural Bank,04/11/2018
United Bank of India,8360080,106694,8466774,201373.44,6732468,(B) Regional Rural Bank,04/11/2018
Regional Rural Banks Sub Total,42605552,7863223,50468775,1337027.45,36740879,(B) Regional Rural Bank,04/11/2018
Axis Bank Ltd,116876,659351,776227,21112.56,687559,(C) Major Private Banks,04/11/2018
City Union Bank Ltd,9103,75292,84395,1491.84,79460,(C) Major Private Banks,04/11/2018
Federal Bank Ltd,400523,81580,482103,19739.65,422282,(C) Major Private Banks,04/11/2018
HDFC Bank Ltd,331843,1440285,1772128,85071.8,1771450,(C) Major Private Banks,04/11/2018
ICICI Bank Ltd,3466814,552445,4019259,20272.78,4019259,(C) Major Private Banks,04/11/2018
IndusInd Bank Ltd,41220,408689,449909,2997.08,426696,(C) Major Private Banks,04/11/2018
Jammu & Kashmir Bank Ltd,1324944,178332,1503276,59787.99,1191140,(C) Major Private Banks,04/11/2018
Karur Vysya Bank,25426,163996,189422,1705.29,186991,(C) Major Private Banks,04/11/2018
Kotak Mahindra Bank Ltd,107102,70977,178079,1976.96,130512,(C) Major Private Banks,04/11/2018
Lakshmi Vilas Bank Ltd,38632,97894,136526,1714.95,122828,(C) Major Private Banks,04/11/2018
RBL Bank Ltd,59787,35520,95307,203.71,94494,(C) Major Private Banks,04/11/2018
South Indian Bank Ltd,30535,179022,209557,4504.14,60465,(C) Major Private Banks,04/11/2018
Yes Bank Ltd,7376,5141,12517,231.89,10751,(C) Major Private Banks,04/11/2018
Major Private Banks Sub Total,5960181,3948524,9908705,220810.64,9203887,(C) Major Private Banks,04/11/2018
Public Sector Banks,136732264,117650383,254382647,6526745.51,190968640,Summary,04/18/2018
Regional Rural Banks,42653158,7871273,50524431,1350763.63,36750870,Summary,04/18/2018
Private Sector Banks,5960593,3950834,9911427,222754.9,9201656,Summary,04/18/2018
Grand Total,185346015,129472490,314818505,8100264.04,236921166,Summary,04/18/2018
Allahabad Bank,5963116,1680360,7643476,215673.46,5884106,(A) Public Sector Banks,04/18/2018
Andhra Bank,1514760,887208,2401968,33422.28,1807920,(A) Public Sector Banks,04/18/2018
Bank of Baroda,9174886,14982120,24157006,665865.86,22342285,(A) Public Sector Banks,04/18/2018
Bank of India,9236721,10137667,19374388,451228.55,18008415,(A) Public Sector Banks,04/18/2018
Bank of Maharashtra,3982858,1178901,5161759,115891.46,1054198,(A) Public Sector Banks,04/18/2018
Canara Bank,4650212,2119963,6770175,205870.8,4244583,(A) Public Sector Banks,04/18/2018
Central Bank of India,9072089,2165093,11237182,226067.89,8616615,(A) Public Sector Banks,04/18/2018
Corporation Bank,1363136,1350170,2713306,107291.59,2570283,(A) Public Sector Banks,04/18/2018
Dena Bank,3492640,926411,4419051,103206.12,2651053,(A) Public Sector Banks,04/18/2018
IDBI Bank Ltd.,458391,364377,822768,21524.1,676213,(A) Public Sector Banks,04/18/2018
Indian Bank,2209442,1103523,3312965,50935.08,3288955,(A) Public Sector Banks,04/18/2018
Indian Overseas Bank,975849,3413160,4389009,83115.11,4120519,(A) Public Sector Banks,04/18/2018
Oriental Bank of Commerce,2412319,1841534,4253853,435535.6,3791906,(A) Public Sector Banks,04/18/2018
Punjab & Sind Bank,654699,422111,1076810,59804.69,1000773,(A) Public Sector Banks,04/18/2018
Punjab National Bank,15507871,2811227,18319098,353990.05,15948116,(A) Public Sector Banks,04/18/2018
State Bank of India,44403353,60672472,105075825,1760222.15,70325595,(A) Public Sector Banks,04/18/2018
Syndicate Bank,3059136,1380748,4439884,126515.34,3884631,(A) Public Sector Banks,04/18/2018
UCO Bank,3697916,2971444,6669360,171729.85,4046937,(A) Public Sector Banks,04/18/2018
Union Bank of India,6798116,1841836,8639952,194530.26,4876887,(A) Public Sector Banks,04/18/2018
United Bank of India,7281336,4764137,12045473,1123045.66,10370862,(A) Public Sector Banks,04/18/2018
Vijaya Bank,823418,635921,1459339,21279.63,1457788,(A) Public Sector Banks,04/18/2018
Public Sector Banks Sub Total,136732264,117650383,254382647,6526745.51,190968640,(A) Public Sector Banks,04/18/2018
Allahabad Bank,929490,169314,1098804,30782.56,781002,(B) Regional Rural Bank,04/18/2018
Andhra Bank,166631,17394,184025,2919.66,100939,(B) Regional Rural Bank,04/18/2018
Bank of Baroda,4747336,1317306,6064642,178356.14,4911466,(B) Regional Rural Bank,04/18/2018
Bank of India,3072112,1009182,4081294,85161.7,3761427,(B) Regional Rural Bank,04/18/2018
Bank of Maharashtra,812544,125856,938400,20502.8,798631,(B) Regional Rural Bank,04/18/2018
Canara Bank,646392,440732,1087124,55284.28,1057713,(B) Regional Rural Bank,04/18/2018
Central Bank of India,3422655,788807,4211462,123170.36,3789990,(B) Regional Rural Bank,04/18/2018
Dena Bank,410939,13958,424897,14462.59,290009,(B) Regional Rural Bank,04/18/2018
Indian Bank,431762,139800,571562,7917.68,493921,(B) Regional Rural Bank,04/18/2018
Indian Overseas Bank,992091,30164,1022255,31113.16,616138,(B) Regional Rural Bank,04/18/2018
Jammu & Kashmir Bank Ltd,89661,16347,106008,5244,21702,(B) Regional Rural Bank,04/18/2018
Punjab & Sind Bank,19233,1240,20473,344.3,18409,(B) Regional Rural Bank,04/18/2018
Punjab National Bank,3069055,556400,3625455,128749.55,3175894,(B) Regional Rural Bank,04/18/2018
State Bank of India,10934283,2187425,13121708,294456.38,6396463,(B) Regional Rural Bank,04/18/2018
Syndicate Bank,2023764,549607,2573371,101394.76,2487837,(B) Regional Rural Bank,04/18/2018
UCO Bank,1499993,54648,1554641,32852.39,559347,(B) Regional Rural Bank,04/18/2018
Union Bank of India,1024297,346356,1370653,36673.31,756476,(B) Regional Rural Bank,04/18/2018
United Bank of India,8360920,106737,8467657,201378.02,6733506,(B) Regional Rural Bank,04/18/2018
Regional Rural Banks Sub Total,42653158,7871273,50524431,1350763.63,36750870,(B) Regional Rural Bank,04/18/2018
Axis Bank Ltd,116949,659614,776563,20544.62,687679,(C) Major Private Banks,04/18/2018
City Union Bank Ltd,9110,75300,84410,1467.61,79460,(C) Major Private Banks,04/18/2018
Federal Bank Ltd,400641,81482,482123,20587.01,422306,(C) Major Private Banks,04/18/2018
HDFC Bank Ltd,331851,1440295,1772146,85200.92,1771468,(C) Major Private Banks,04/18/2018
ICICI Bank Ltd,3466800,552445,4019245,21278.96,4019245,(C) Major Private Banks,04/18/2018
IndusInd Bank Ltd,41223,408898,450121,3167.45,423738,(C) Major Private Banks,04/18/2018
Jammu & Kashmir Bank Ltd,1325127,179582,1504709,60129.92,1191140,(C) Major Private Banks,04/18/2018
Karur Vysya Bank,25472,164542,190014,1787.43,187543,(C) Major Private Banks,04/18/2018
Kotak Mahindra Bank Ltd,107097,70970,178067,1990.37,130501,(C) Major Private Banks,04/18/2018
Lakshmi Vilas Bank Ltd,38625,98023,136648,1663.21,122869,(C) Major Private Banks,04/18/2018
RBL Bank Ltd,59787,35520,95307,201.36,94491,(C) Major Private Banks,04/18/2018
South Indian Bank Ltd,30535,179022,209557,4504.14,60465,(C) Major Private Banks,04/18/2018
Yes Bank Ltd,7376,5141,12517,231.89,10751,(C) Major Private Banks,04/18/2018
Major Private Banks Sub Total,5960593,3950834,9911427,222754.9,9201656,(C) Major Private Banks,04/18/2018
Public Sector Banks,136901595,117780489,254682084,6509868.87,191149122,Summary,04/25/2018
Regional Rural Banks,42758917,7882075,50640992,1355787.14,36740460,Summary,04/25/2018
Private Sector Banks,5964846,3951424,9916270,221510.56,9208102,Summary,04/25/2018
Grand Total,185625358,129613988,315239346,8087166.57,237097684,Summary,04/25/2018
Allahabad Bank,5985698,1700240,7685938,214595.27,5919734,(A) Public Sector Banks,04/25/2018
Andhra Bank,1515172,887147,2402319,33577.85,1807828,(A) Public Sector Banks,04/25/2018
Bank of Baroda,9205746,15047330,24253076,659098.82,22426360,(A) Public Sector Banks,04/25/2018
Bank of India,9256915,10155176,19412091,447141.14,18029971,(A) Public Sector Banks,04/25/2018
Bank of Maharashtra,3985006,1179385,5164391,115779.59,1056449,(A) Public Sector Banks,04/25/2018
Canara Bank,4655456,2121309,6776765,202876.85,4244241,(A) Public Sector Banks,04/25/2018
Central Bank of India,9089193,2165303,11254496,226886.23,8644384,(A) Public Sector Banks,04/25/2018
Corporation Bank,1363136,1350170,2713306,106713.37,2570283,(A) Public Sector Banks,04/25/2018
Dena Bank,3492640,926411,4419051,103206.12,2651053,(A) Public Sector Banks,04/25/2018
IDBI Bank Ltd.,459677,364430,824107,21387.76,676174,(A) Public Sector Banks,04/25/2018
Indian Bank,2210816,1104971,3315787,49919.57,3293396,(A) Public Sector Banks,04/25/2018
Indian Overseas Bank,975849,3413160,4389009,83115.11,4120519,(A) Public Sector Banks,04/25/2018
Oriental Bank of Commerce,2417042,1844016,4261058,434096.55,3797068,(A) Public Sector Banks,04/25/2018
Punjab & Sind Bank,654291,422111,1076402,59944.63,1000465,(A) Public Sector Banks,04/25/2018
Punjab National Bank,15526142,2814099,18340241,354364.74,15949488,(A) Public Sector Banks,04/25/2018
State Bank of India,44403353,60672472,105075825,1760222.15,70325595,(A) Public Sector Banks,04/25/2018
Syndicate Bank,3060994,1381209,4442203,125347.84,3884953,(A) Public Sector Banks,04/25/2018
UCO Bank,3714444,2978298,6692742,170872.46,4050964,(A) Public Sector Banks,04/25/2018
Union Bank of India,6803187,1838721,8641908,192697.74,4870220,(A) Public Sector Banks,04/25/2018
United Bank of India,7303499,4778650,12082149,1126423.71,10372189,(A) Public Sector Banks,04/25/2018
Vijaya Bank,823339,635881,1459220,21601.38,1457788,(A) Public Sector Banks,04/25/2018
Public Sector Banks Sub Total,136901595,117780489,254682084,6509868.87,191149122,(A) Public Sector Banks,04/25/2018
Allahabad Bank,930180,169314,1099494,30207.56,781002,(B) Regional Rural Bank,04/25/2018
Andhra Bank,166703,17397,184100,2918.53,100946,(B) Regional Rural Bank,04/25/2018
Bank of Baroda,4760019,1320859,6080878,175776.77,4920318,(B) Regional Rural Bank,04/25/2018
Bank of India,3077730,1010558,4088288,84698.93,3761427,(B) Regional Rural Bank,04/25/2018
Bank of Maharashtra,812797,125856,938653,20501.8,798632,(B) Regional Rural Bank,04/25/2018
Canara Bank,646441,440766,1087207,54517.12,1057723,(B) Regional Rural Bank,04/25/2018
Central Bank of India,3407059,779797,4186856,120180.31,3767176,(B) Regional Rural Bank,04/25/2018
Dena Bank,410939,13958,424897,14462.59,290009,(B) Regional Rural Bank,04/25/2018
Indian Bank,432113,142326,574439,7749.89,494397,(B) Regional Rural Bank,04/25/2018
Indian Overseas Bank,992091,30164,1022255,31113.16,616138,(B) Regional Rural Bank,04/25/2018
Jammu & Kashmir Bank Ltd,90017,16421,106438,5253.91,21721,(B) Regional Rural Bank,04/25/2018
Punjab & Sind Bank,19290,1243,20533,344.39,18413,(B) Regional Rural Bank,04/25/2018
Punjab National Bank,3072497,557162,3629659,127848.53,3177382,(B) Regional Rural Bank,04/25/2018
State Bank of India,11001743,2198566,13200309,300582.48,6396859,(B) Regional Rural Bank,04/25/2018
Syndicate Bank,2024002,549652,2573654,101075.48,2487882,(B) Regional Rural Bank,04/25/2018
UCO Bank,1511241,54961,1566202,32547.73,559347,(B) Regional Rural Bank,04/25/2018
Union Bank of India,1024297,346356,1370653,36673.31,756476,(B) Regional Rural Bank,04/25/2018
United Bank of India,8379758,106719,8486477,209334.64,6734612,(B) Regional Rural Bank,04/25/2018
Regional Rural Banks Sub Total,42758917,7882075,50640992,1355787.14,36740460,(B) Regional Rural Bank,04/25/2018
Axis Bank Ltd,116970,660030,777000,20279.42,687820,(C) Major Private Banks,04/25/2018
City Union Bank Ltd,9143,75316,84459,1454.52,79460,(C) Major Private Banks,04/25/2018
Federal Bank Ltd,400719,81479,482198,20234.91,422436,(C) Major Private Banks,04/25/2018
HDFC Bank Ltd,331873,1440304,1772177,85159.03,1771499,(C) Major Private Banks,04/25/2018
ICICI Bank Ltd,3470683,552445,4023128,21665.1,4023128,(C) Major Private Banks,04/25/2018
IndusInd Bank Ltd,41249,409196,450445,2934.6,423983,(C) Major Private Banks,04/25/2018
Jammu & Kashmir Bank Ltd,1325961,178458,1504419,59593.34,1192697,(C) Major Private Banks,04/25/2018
Karur Vysya Bank,25510,164772,190282,1662.05,187872,(C) Major Private Banks,04/25/2018
Kotak Mahindra Bank Ltd,107097,70970,178067,1990.37,130501,(C) Major Private Banks,04/25/2018
Lakshmi Vilas Bank Ltd,38625,98140,136765,1603.12,123001,(C) Major Private Banks,04/25/2018
RBL Bank Ltd,59787,35520,95307,201.12,94489,(C) Major Private Banks,04/25/2018
South Indian Bank Ltd,30535,179022,209557,4504.14,60465,(C) Major Private Banks,04/25/2018
Yes Bank Ltd,6694,5772,12466,228.85,10751,(C) Major Private Banks,04/25/2018
Major Private Banks Sub Total,5964846,3951424,9916270,221510.56,9208102,(C) Major Private Banks,04/25/2018
Public Sector Banks,137097336,117895339,254992675,6532812.21,191399597,Summary,05/02/2018
Regional Rural Banks,42773906,7888466,50662372,1371990.76,36795033,Summary,05/02/2018
Private Sector Banks,5967586,3952511,9920097,225928.92,9213221,Summary,05/02/2018
Grand Total,185838828,129736316,315575144,8130731.89,237407851,Summary,05/02/2018
Allahabad Bank,6003754,1716135,7719889,213836.49,5946877,(A) Public Sector Banks,05/02/2018
Andhra Bank,1514879,886798,2401677,33790.98,1806835,(A) Public Sector Banks,05/02/2018
Bank of Baroda,9235029,15102764,24337793,655434.93,22502382,(A) Public Sector Banks,05/02/2018
Bank of India,9273513,10170359,19443872,446164.51,18046586,(A) Public Sector Banks,05/02/2018
Bank of Maharashtra,3986715,1179899,5166614,115665.51,1058470,(A) Public Sector Banks,05/02/2018
Canara Bank,4656170,2117717,6773887,203687.62,4244057,(A) Public Sector Banks,05/02/2018
Central Bank of India,9134765,2170944,11305709,224533.31,8745415,(A) Public Sector Banks,05/02/2018
Corporation Bank,1362930,1350764,2713694,106193.11,2570502,(A) Public Sector Banks,05/02/2018
Dena Bank,3502325,926968,4429293,101909.42,2649461,(A) Public Sector Banks,05/02/2018
IDBI Bank Ltd.,460811,364740,825551,21336.39,676154,(A) Public Sector Banks,05/02/2018
Indian Bank,2235404,1104753,3340157,50147.72,3317846,(A) Public Sector Banks,05/02/2018
Indian Overseas Bank,976330,3415133,4391463,82518.96,4118413,(A) Public Sector Banks,05/02/2018
Oriental Bank of Commerce,2420778,1845350,4266128,436682.92,3798686,(A) Public Sector Banks,05/02/2018
Punjab & Sind Bank,653983,422111,1076094,59869.4,1000339,(A) Public Sector Banks,05/02/2018
Punjab National Bank,15536221,2815390,18351611,354695.25,15951597,(A) Public Sector Banks,05/02/2018
State Bank of India,44403353,60672472,105075825,1779142.91,70325595,(A) Public Sector Banks,05/02/2018
Syndicate Bank,3062781,1381589,4444370,125564.75,3885205,(A) Public Sector Banks,05/02/2018
UCO Bank,3722202,2981570,6703772,170856.81,4053647,(A) Public Sector Banks,05/02/2018
Union Bank of India,6803187,1838721,8641908,192697.74,4870220,(A) Public Sector Banks,05/02/2018
United Bank of India,7328551,4795059,12123610,1136677.14,10373522,(A) Public Sector Banks,05/02/2018
Vijaya Bank,823655,636103,1459758,21406.32,1457788,(A) Public Sector Banks,05/02/2018
Public Sector Banks Sub Total,137097336,117895339,254992675,6532812.21,191399597,(A) Public Sector Banks,05/02/2018
Allahabad Bank,930589,169314,1099903,29870.33,781002,(B) Regional Rural Bank,05/02/2018
Andhra Bank,166768,17399,184167,2900.33,100950,(B) Regional Rural Bank,05/02/2018
Bank of Baroda,4772656,1324533,6097189,174936.87,4929058,(B) Regional Rural Bank,05/02/2018
Bank of India,3081196,1012083,4093279,84246.45,3782331,(B) Regional Rural Bank,05/02/2018
Bank of Maharashtra,812916,125856,938772,20502.8,798635,(B) Regional Rural Bank,05/02/2018
Canara Bank,646540,440836,1087376,54566.02,1057783,(B) Regional Rural Bank,05/02/2018
Central Bank of India,3424749,790942,4215691,120050.67,3789468,(B) Regional Rural Bank,05/02/2018
Dena Bank,411948,13954,425902,14076.26,290158,(B) Regional Rural Bank,05/02/2018
Indian Bank,432113,142326,574439,7749.89,494397,(B) Regional Rural Bank,05/02/2018
Indian Overseas Bank,992091,30164,1022255,31113.16,616138,(B) Regional Rural Bank,05/02/2018
Jammu & Kashmir Bank Ltd,90215,16503,106718,5260.71,21738,(B) Regional Rural Bank,05/02/2018
Punjab & Sind Bank,19294,1243,20537,344.42,18413,(B) Regional Rural Bank,05/02/2018
Punjab National Bank,3074942,557560,3632502,127424.97,3178227,(B) Regional Rural Bank,05/02/2018
State Bank of India,10975141,2189533,13164674,317026.68,6397458,(B) Regional Rural Bank,05/02/2018
Syndicate Bank,2024522,547116,2571638,102851.39,2487882,(B) Regional Rural Bank,05/02/2018
UCO Bank,1511989,55006,1566995,32613.73,559347,(B) Regional Rural Bank,05/02/2018
Union Bank of India,1026704,347382,1374086,35934.98,756629,(B) Regional Rural Bank,05/02/2018
United Bank of India,8379533,106716,8486249,210521.11,6735419,(B) Regional Rural Bank,05/02/2018
Regional Rural Banks Sub Total,42773906,7888466,50662372,1371990.76,36795033,(B) Regional Rural Bank,05/02/2018
Axis Bank Ltd,117093,660607,777700,19864.64,688993,(C) Major Private Banks,05/02/2018
City Union Bank Ltd,9178,75329,84507,1480.98,79512,(C) Major Private Banks,05/02/2018
Federal Bank Ltd,400846,81472,482318,20149.9,423184,(C) Major Private Banks,05/02/2018
HDFC Bank Ltd,331881,1440309,1772190,89866.46,1771512,(C) Major Private Banks,05/02/2018
ICICI Bank Ltd,3471997,552445,4024442,21533.89,4024442,(C) Major Private Banks,05/02/2018
IndusInd Bank Ltd,41277,409332,450609,2979.95,423993,(C) Major Private Banks,05/02/2018
Jammu & Kashmir Bank Ltd,1327071,178573,1505644,59804.06,1194007,(C) Major Private Banks,05/02/2018
Karur Vysya Bank,25531,164988,190519,1694.75,188005,(C) Major Private Banks,05/02/2018
Kotak Mahindra Bank Ltd,107062,70933,177995,1973.91,130781,(C) Major Private Banks,05/02/2018
Lakshmi Vilas Bank Ltd,38634,98207,136841,1644.04,123091,(C) Major Private Banks,05/02/2018
RBL Bank Ltd,59787,35520,95307,203.33,94485,(C) Major Private Banks,05/02/2018
South Indian Bank Ltd,30535,179022,209557,4504.14,60465,(C) Major Private Banks,05/02/2018
Yes Bank Ltd,6694,5774,12468,228.85,10751,(C) Major Private Banks,05/02/2018
Major Private Banks Sub Total,5967586,3952511,9920097,225928.92,9213221,(C) Major Private Banks,05/02/2018
Public Sector Banks,137288457,118035765,255324222,6521825.49,191981000,Summary,05/09/2018
Regional Rural Banks,42836614,7890677,50727291,1371703.29,36788829,Summary,05/09/2018
Private Sector Banks,5973446,3954166,9927612,226830.72,9218189,Summary,05/09/2018
Grand Total,186098517,129880608,315979125,8120359.5,237988018,Summary,05/09/2018
Allahabad Bank,6023893,1733896,7757789,212328.52,5975982,(A) Public Sector Banks,05/09/2018
Andhra Bank,1516803,887802,2404605,33628.77,1808115,(A) Public Sector Banks,05/09/2018
Bank of Baroda,9270739,15176223,24446962,658948.06,22600659,(A) Public Sector Banks,05/09/2018
Bank of India,9296363,10190536,19486899,448224.3,18071945,(A) Public Sector Banks,05/09/2018
Bank of Maharashtra,3989056,1180355,5169411,115508.78,1060486,(A) Public Sector Banks,05/09/2018
Canara Bank,4663273,2119299,6782572,204336.43,4243845,(A) Public Sector Banks,05/09/2018
Central Bank of India,9167908,2172416,11340324,222960.74,8810948,(A) Public Sector Banks,05/09/2018
Corporation Bank,1362930,1350764,2713694,106193.11,2570502,(A) Public Sector Banks,05/09/2018
Dena Bank,3507399,927700,4435099,101617.69,2779852,(A) Public Sector Banks,05/09/2018
IDBI Bank Ltd.,461311,364878,826189,21569.48,676237,(A) Public Sector Banks,05/09/2018
Indian Bank,2235851,1104951,3340802,50984.57,3318256,(A) Public Sector Banks,05/09/2018
Indian Overseas Bank,976975,3416280,4393255,83606.11,4117171,(A) Public Sector Banks,05/09/2018
Oriental Bank of Commerce,2426182,1847325,4273507,441428.84,3801663,(A) Public Sector Banks,05/09/2018
Punjab & Sind Bank,653631,422111,1075742,59869.4,1000324,(A) Public Sector Banks,05/09/2018
Punjab National Bank,15564495,2819255,18383750,355105.74,16177527,(A) Public Sector Banks,05/09/2018
State Bank of India,44403353,60672472,105075825,1760697.44,70325595,(A) Public Sector Banks,05/09/2018
Syndicate Bank,3067849,1383079,4450928,127491.97,3885355,(A) Public Sector Banks,05/09/2018
UCO Bank,3722202,2981570,6703772,170856.81,4053647,(A) Public Sector Banks,05/09/2018
Union Bank of India,6803187,1838721,8641908,192697.74,4870220,(A) Public Sector Banks,05/09/2018
United Bank of India,7351460,4810055,12161515,1132304.9,10374883,(A) Public Sector Banks,05/09/2018
Vijaya Bank,823597,636077,1459674,21466.09,1457788,(A) Public Sector Banks,05/09/2018
Public Sector Banks Sub Total,137288457,118035765,255324222,6521825.49,191981000,(A) Public Sector Banks,05/09/2018
Allahabad Bank,931503,169314,1100817,29358.5,781002,(B) Regional Rural Bank,05/09/2018
Andhra Bank,166813,17399,184212,2912.2,100969,(B) Regional Rural Bank,05/09/2018
Bank of Baroda,4788785,1329271,6118056,174487.7,4940553,(B) Regional Rural Bank,05/09/2018
Bank of India,3090160,1014974,4105134,83217.78,3782331,(B) Regional Rural Bank,05/09/2018
Bank of Maharashtra,813035,125856,938891,20501.8,798638,(B) Regional Rural Bank,05/09/2018
Canara Bank,646601,440903,1087504,54566.06,1057832,(B) Regional Rural Bank,05/09/2018
Central Bank of India,3408919,782667,4191586,117065.35,3766784,(B) Regional Rural Bank,05/09/2018
Dena Bank,412455,13956,426411,14106.26,291179,(B) Regional Rural Bank,05/09/2018
Indian Bank,433605,143313,576918,7816.32,495626,(B) Regional Rural Bank,05/09/2018
Indian Overseas Bank,992091,30164,1022255,31113.16,616138,(B) Regional Rural Bank,05/09/2018
Jammu & Kashmir Bank Ltd,90572,16689,107261,5243.59,21759,(B) Regional Rural Bank,05/09/2018
Punjab & Sind Bank,19297,1244,20541,344.48,18414,(B) Regional Rural Bank,05/09/2018
Punjab National Bank,3076847,557745,3634592,127283.17,3179450,(B) Regional Rural Bank,05/09/2018
State Bank of India,10994171,2189906,13184077,326276.74,6398169,(B) Regional Rural Bank,05/09/2018
Syndicate Bank,2025087,547141,2572228,102367.39,2487882,(B) Regional Rural Bank,05/09/2018
UCO Bank,1511989,55006,1566995,32613.73,559347,(B) Regional Rural Bank,05/09/2018
Union Bank of India,1028984,348354,1377338,35789.6,756711,(B) Regional Rural Bank,05/09/2018
United Bank of India,8405700,106775,8512475,206639.46,6736045,(B) Regional Rural Bank,05/09/2018
Regional Rural Banks Sub Total,42836614,7890677,50727291,1371703.29,36788829,(B) Regional Rural Bank,05/09/2018
Axis Bank Ltd,116698,661494,778192,20061.15,689367,(C) Major Private Banks,05/09/2018
City Union Bank Ltd,9221,75383,84604,1502.42,79512,(C) Major Private Banks,05/09/2018
Federal Bank Ltd,401143,81492,482635,20081.86,423357,(C) Major Private Banks,05/09/2018
HDFC Bank Ltd,331892,1440313,1772205,91093.06,1771527,(C) Major Private Banks,05/09/2018
ICICI Bank Ltd,3473912,552445,4026357,21211.29,4026357,(C) Major Private Banks,05/09/2018
IndusInd Bank Ltd,41300,409501,450801,2989.85,424401,(C) Major Private Banks,05/09/2018
Jammu & Kashmir Bank Ltd,1330981,178682,1509663,59540.11,1196083,(C) Major Private Banks,05/09/2018
Karur Vysya Bank,25561,165292,190853,1734.33,188311,(C) Major Private Banks,05/09/2018
Kotak Mahindra Bank Ltd,107055,70922,177977,1947.73,130421,(C) Major Private Banks,05/09/2018
Lakshmi Vilas Bank Ltd,38667,98326,136993,1733.59,123154,(C) Major Private Banks,05/09/2018
RBL Bank Ltd,59787,35520,95307,202.33,94483,(C) Major Private Banks,05/09/2018
South Indian Bank Ltd,30535,179022,209557,4504.14,60465,(C) Major Private Banks,05/09/2018
Yes Bank Ltd,6694,5774,12468,228.85,10751,(C) Major Private Banks,05/09/2018
Major Private Banks Sub Total,5973446,3954166,9927612,226830.72,9218189,(C) Major Private Banks,05/09/2018
Public Sector Banks,137668579,118345985,256014564,6529760.05,192932309,Summary,05/23/2018
Regional Rural Banks,42991864,7910886,50902750,1356580.75,36814809,Summary,05/23/2018
Private Sector Banks,5851388,3956601,9807989,224516.3,9226029,Summary,05/23/2018
Grand Total,186511831,130213472,316725303,8110857.1,238973147,Summary,05/23/2018
Allahabad Bank,6050866,1757672,7808538,214644.71,6015364,(A) Public Sector Banks,05/23/2018
Andhra Bank,1518541,888056,2406597,34418.81,1808335,(A) Public Sector Banks,05/23/2018
Bank of Baroda,9344898,15329503,24674401,663118.54,22805502,(A) Public Sector Banks,05/23/2018
Bank of India,9339273,10231238,19570511,451201.74,18093829,(A) Public Sector Banks,05/23/2018
Bank of Maharashtra,3994019,1181173,5175192,115654.55,1064923,(A) Public Sector Banks,05/23/2018
Canara Bank,4673628,2121940,6795568,202040.69,4243932,(A) Public Sector Banks,05/23/2018
Central Bank of India,9209138,2178256,11387394,224452.16,9099981,(A) Public Sector Banks,05/23/2018
Corporation Bank,1362494,1352812,2715306,108019.67,2571917,(A) Public Sector Banks,05/23/2018
Dena Bank,3518011,929011,4447022,102120.61,2776977,(A) Public Sector Banks,05/23/2018
IDBI Bank Ltd.,461410,365098,826508,21290.86,676214,(A) Public Sector Banks,05/23/2018
Indian Bank,2236858,1105105,3341963,49594.55,3319205,(A) Public Sector Banks,05/23/2018
Indian Overseas Bank,977528,3418513,4396041,82482.92,4145760,(A) Public Sector Banks,05/23/2018
Oriental Bank of Commerce,2432892,1851221,4284113,440932.25,3799869,(A) Public Sector Banks,05/23/2018
Punjab & Sind Bank,652795,422111,1074906,58576.22,1000232,(A) Public Sector Banks,05/23/2018
Punjab National Bank,15594201,2823287,18417488,356134.83,16542892,(A) Public Sector Banks,05/23/2018
State Bank of India,44403353,60672472,105075825,1767815.9,70325595,(A) Public Sector Banks,05/23/2018
Syndicate Bank,3071365,1384212,4455577,126259.5,3882404,(A) Public Sector Banks,05/23/2018
UCO Bank,3751441,2995911,6747352,171094.67,4060425,(A) Public Sector Banks,05/23/2018
Union Bank of India,6840228,1852517,8692745,189422.16,4864464,(A) Public Sector Banks,05/23/2018
United Bank of India,7412180,4849866,12262046,1129176.66,10376936,(A) Public Sector Banks,05/23/2018
Vijaya Bank,823460,636011,1459471,21308.04,1457553,(A) Public Sector Banks,05/23/2018
Public Sector Banks Sub Total,137668579,118345985,256014564,6529760.05,192932309,(A) Public Sector Banks,05/23/2018
Allahabad Bank,932959,169314,1102273,29282.8,781002,(B) Regional Rural Bank,05/23/2018
Andhra Bank,166903,17412,184315,3178.3,101011,(B) Regional Rural Bank,05/23/2018
Bank of Baroda,4817302,1336138,6153440,173463.04,4958152,(B) Regional Rural Bank,05/23/2018
Bank of India,3100968,1018850,4119818,83611.23,3782331,(B) Regional Rural Bank,05/23/2018
Bank of Maharashtra,813252,126102,939354,20502.8,798639,(B) Regional Rural Bank,05/23/2018
Canara Bank,646792,441021,1087813,54049.86,1057874,(B) Regional Rural Bank,05/23/2018
Central Bank of India,3426823,793345,4220168,117619.39,3788407,(B) Regional Rural Bank,05/23/2018
Dena Bank,413458,13988,427446,14126.66,291977,(B) Regional Rural Bank,05/23/2018
Indian Bank,434647,143883,578530,7850.23,495837,(B) Regional Rural Bank,05/23/2018
Indian Overseas Bank,998153,30429,1028582,31407.94,616138,(B) Regional Rural Bank,05/23/2018
Jammu & Kashmir Bank Ltd,90971,16754,107725,5206.28,21796,(B) Regional Rural Bank,05/23/2018
Punjab & Sind Bank,19619,1283,20902,378.14,18595,(B) Regional Rural Bank,05/23/2018
Punjab National Bank,3078049,557864,3635913,128404.14,3180678,(B) Regional Rural Bank,05/23/2018
State Bank of India,11040405,2185655,13226060,309658.99,6398169,(B) Regional Rural Bank,05/23/2018
Syndicate Bank,2025472,547093,2572565,103123.79,2470628,(B) Regional Rural Bank,05/23/2018
UCO Bank,1528630,55456,1584086,33309.44,559347,(B) Regional Rural Bank,05/23/2018
Union Bank of India,1032351,349785,1382136,35780.81,756798,(B) Regional Rural Bank,05/23/2018
United Bank of India,8425110,106514,8531624,205626.9,6737430,(B) Regional Rural Bank,05/23/2018
Regional Rural Banks Sub Total,42991864,7910886,50902750,1356580.75,36814809,(B) Regional Rural Bank,05/23/2018
Axis Bank Ltd,116823,662565,779388,19514.35,690102,(C) Major Private Banks,05/23/2018
City Union Bank Ltd,9249,75474,84723,1488.44,79694,(C) Major Private Banks,05/23/2018
Federal Bank Ltd,401208,81411,482619,19688.61,423591,(C) Major Private Banks,05/23/2018
HDFC Bank Ltd,331909,1440337,1772246,90317.55,1771568,(C) Major Private Banks,05/23/2018
ICICI Bank Ltd,3477179,552445,4029624,20946.63,4029624,(C) Major Private Banks,05/23/2018
IndusInd Bank Ltd,41330,409819,451149,2921.62,424694,(C) Major Private Banks,05/23/2018
Jammu & Kashmir Bank Ltd,1205258,178893,1384151,59454.45,1198152,(C) Major Private Banks,05/23/2018
Karur Vysya Bank,25657,165792,191449,1662.23,188817,(C) Major Private Banks,05/23/2018
Kotak Mahindra Bank Ltd,107055,70923,177978,1979.71,130776,(C) Major Private Banks,05/23/2018
Lakshmi Vilas Bank Ltd,38704,98626,137330,1605.63,123315,(C) Major Private Banks,05/23/2018
RBL Bank Ltd,59787,35520,95307,204.08,94480,(C) Major Private Banks,05/23/2018
South Indian Bank Ltd,30535,179022,209557,4504.14,60465,(C) Major Private Banks,05/23/2018
Yes Bank Ltd,6694,5774,12468,228.85,10751,(C) Major Private Banks,05/23/2018
Major Private Banks Sub Total,5851388,3956601,9807989,224516.3,9226029,(C) Major Private Banks,05/23/2018
Public Sector Banks,137862058,118493619,256355677,6486548.79,193279433,Summary,05/30/2018
Regional Rural Banks,43050891,7924075,50974966,1361942.96,36848551,Summary,05/30/2018
Private Sector Banks,5980272,3957735,9938007,223220.4,9228728,Summary,05/30/2018
Grand Total,186893221,130375429,317268650,8071712.15,239356712,Summary,05/30/2018
Allahabad Bank,6062710,1768093,7830803,216760.19,6033239,(A) Public Sector Banks,05/30/2018
Andhra Bank,1518578,888085,2406663,34539.43,1808449,(A) Public Sector Banks,05/30/2018
Bank of Baroda,9384256,15412489,24796745,665934.28,22914951,(A) Public Sector Banks,05/30/2018
Bank of India,9357048,10249022,19606070,451817.4,18123763,(A) Public Sector Banks,05/30/2018
Bank of Maharashtra,3997280,1182104,5179384,116018.84,1067942,(A) Public Sector Banks,05/30/2018
Canara Bank,4677377,2123232,6800609,202377.41,4244084,(A) Public Sector Banks,05/30/2018
Central Bank of India,9236556,2182271,11418827,226371.96,9119368,(A) Public Sector Banks,05/30/2018
Corporation Bank,1367639,1347627,2715266,107280.71,2575831,(A) Public Sector Banks,05/30/2018
Dena Bank,3523405,929695,4453100,103367.5,2775833,(A) Public Sector Banks,05/30/2018
IDBI Bank Ltd.,461533,365084,826617,21330.99,676209,(A) Public Sector Banks,05/30/2018
Indian Bank,2237554,1105544,3343098,49405.67,3320136,(A) Public Sector Banks,05/30/2018
Indian Overseas Bank,977781,3419300,4397081,82441.51,4148997,(A) Public Sector Banks,05/30/2018
Oriental Bank of Commerce,2435557,1852727,4288284,438995.71,3803212,(A) Public Sector Banks,05/30/2018
Punjab & Sind Bank,652267,422111,1074378,57668.28,999820,(A) Public Sector Banks,05/30/2018
Punjab National Bank,15611401,2825233,18436634,356533.01,16636049,(A) Public Sector Banks,05/30/2018
State Bank of India,44403353,60672472,105075825,1762029.13,70325595,(A) Public Sector Banks,05/30/2018
Syndicate Bank,3072137,1384650,4456787,126618.02,3946200,(A) Public Sector Banks,05/30/2018
UCO Bank,3766735,3002524,6769259,170585.08,4062574,(A) Public Sector Banks,05/30/2018
Union Bank of India,6851333,1854562,8705895,188692.92,4862042,(A) Public Sector Banks,05/30/2018
United Bank of India,7444145,4870804,12314949,1087092.99,10377647,(A) Public Sector Banks,05/30/2018
Vijaya Bank,823413,635990,1459403,20687.77,1457492,(A) Public Sector Banks,05/30/2018
Public Sector Banks Sub Total,137862058,118493619,256355677,6486548.79,193279433,(A) Public Sector Banks,05/30/2018
Allahabad Bank,933748,169314,1103062,29256.48,781002,(B) Regional Rural Bank,05/30/2018
Andhra Bank,166925,17434,184359,3165.58,101028,(B) Regional Rural Bank,05/30/2018
Bank of Baroda,4832724,1340586,6173310,173594.7,4968316,(B) Regional Rural Bank,05/30/2018
Bank of India,3108300,1021244,4129544,83578.51,3782331,(B) Regional Rural Bank,05/30/2018
Bank of Maharashtra,813252,126102,939354,20502.8,798639,(B) Regional Rural Bank,05/30/2018
Canara Bank,646878,432970,1079848,53944.49,1058311,(B) Regional Rural Bank,05/30/2018
Central Bank of India,3427193,793893,4221086,118015.47,3788044,(B) Regional Rural Bank,05/30/2018
Dena Bank,413827,14001,427828,14115.58,292137,(B) Regional Rural Bank,05/30/2018
Indian Bank,435189,143718,578907,7714.76,495837,(B) Regional Rural Bank,05/30/2018
Indian Overseas Bank,998863,30443,1029306,31615.98,616138,(B) Regional Rural Bank,05/30/2018
Jammu & Kashmir Bank Ltd,91083,16776,107859,5241.7,21816,(B) Regional Rural Bank,05/30/2018
Punjab & Sind Bank,19547,1289,20836,3.86,18575,(B) Regional Rural Bank,05/30/2018
Punjab National Bank,3079897,558090,3637987,128552.67,3181537,(B) Regional Rural Bank,05/30/2018
State Bank of India,11056556,2198045,13254601,315371.58,6402689,(B) Regional Rural Bank,05/30/2018
Syndicate Bank,2025585,547053,2572638,102874.93,2487882,(B) Regional Rural Bank,05/30/2018
UCO Bank,1533297,55688,1588985,33724.97,559347,(B) Regional Rural Bank,05/30/2018
Union Bank of India,1034348,350639,1384987,35779.93,756833,(B) Regional Rural Bank,05/30/2018
United Bank of India,8433679,106790,8540469,204888.98,6738089,(B) Regional Rural Bank,05/30/2018
Regional Rural Banks Sub Total,43050891,7924075,50974966,1361942.96,36848551,(B) Regional Rural Bank,05/30/2018
Axis Bank Ltd,116903,663034,779937,19590.38,690459,(C) Major Private Banks,05/30/2018
City Union Bank Ltd,9320,75513,84833,1453.79,79782,(C) Major Private Banks,05/30/2018
Federal Bank Ltd,401208,81411,482619,19688.61,423591,(C) Major Private Banks,05/30/2018
HDFC Bank Ltd,331918,1440352,1772270,89475.45,1771592,(C) Major Private Banks,05/30/2018
ICICI Bank Ltd,3478213,552445,4030658,20739.54,4030658,(C) Major Private Banks,05/30/2018
IndusInd Bank Ltd,41333,409988,451321,2932.25,424767,(C) Major Private Banks,05/30/2018
Jammu & Kashmir Bank Ltd,1332930,178964,1511894,59154.7,1199261,(C) Major Private Banks,05/30/2018
Karur Vysya Bank,25691,166037,191728,1686.69,189024,(C) Major Private Banks,05/30/2018
Kotak Mahindra Bank Ltd,107024,70871,177895,1949.5,130341,(C) Major Private Banks,05/30/2018
Lakshmi Vilas Bank Ltd,38716,98804,137520,1612.46,123557,(C) Major Private Banks,05/30/2018
RBL Bank Ltd,59787,35520,95307,204.04,94480,(C) Major Private Banks,05/30/2018
South Indian Bank Ltd,30535,179022,209557,4504.14,60465,(C) Major Private Banks,05/30/2018
Yes Bank Ltd,6694,5774,12468,228.85,10751,(C) Major Private Banks,05/30/2018
Major Private Banks Sub Total,5980272,3957735,9938007,223220.4,9228728,(C) Major Private Banks,05/30/2018
Public Sector Banks,138010099,118625755,256635854,6500661.25,193457673,Summary,06/06/2018
Regional Rural Banks,43113523,7937038,51050561,1372668.24,36840449,Summary,06/06/2018
Private Sector Banks,5981675,3959347,9941022,221884.63,9231928,Summary,06/06/2018
Grand Total,187105297,130522140,317627437,8095214.12,239530050,Summary,06/06/2018
Allahabad Bank,6073336,1777554,7850890,221401.58,6036657,(A) Public Sector Banks,06/06/2018
Andhra Bank,1518725,888167,2406892,35433.76,1808404,(A) Public Sector Banks,06/06/2018
Bank of Baroda,9421528,15489175,24910703,675369.01,23015882,(A) Public Sector Banks,06/06/2018
Bank of India,9373729,10262339,19636068,453501.68,18132752,(A) Public Sector Banks,06/06/2018
Bank of Maharashtra,3999246,1182448,5181694,116204.07,1069592,(A) Public Sector Banks,06/06/2018
Canara Bank,4682514,2125023,6807537,203302.69,4244478,(A) Public Sector Banks,06/06/2018
Central Bank of India,9268998,2184386,11453384,229636.46,9146288,(A) Public Sector Banks,06/06/2018
Corporation Bank,1367491,1347661,2715152,107340.03,2575831,(A) Public Sector Banks,06/06/2018
Dena Bank,3500104,925420,4425524,103934.91,2766387,(A) Public Sector Banks,06/06/2018
IDBI Bank Ltd.,461561,365069,826630,21510.84,676135,(A) Public Sector Banks,06/06/2018
Indian Bank,2238124,1105871,3343995,50703.44,3321003,(A) Public Sector Banks,06/06/2018
Indian Overseas Bank,977853,3419883,4397736,82623,4149121,(A) Public Sector Banks,06/06/2018
Oriental Bank of Commerce,2435557,1852727,4288284,438995.71,3803212,(A) Public Sector Banks,06/06/2018
Punjab & Sind Bank,652206,422111,1074317,59020.95,999786,(A) Public Sector Banks,06/06/2018
Punjab National Bank,15622226,2826696,18448922,356913.51,16677358,(A) Public Sector Banks,06/06/2018
State Bank of India,44403353,60672472,105075825,1762029.13,70325595,(A) Public Sector Banks,06/06/2018
Syndicate Bank,3073931,1385388,4459319,128065.65,3950081,(A) Public Sector Banks,06/06/2018
UCO Bank,3781183,3008779,6789962,172321.9,4062957,(A) Public Sector Banks,06/06/2018
Union Bank of India,6859471,1857193,8716664,188965.44,4860490,(A) Public Sector Banks,06/06/2018
United Bank of India,7475650,4891464,12367114,1072348.02,10378306,(A) Public Sector Banks,06/06/2018
Vijaya Bank,823313,635929,1459242,21039.46,1457358,(A) Public Sector Banks,06/06/2018
Public Sector Banks Sub Total,138010099,118625755,256635854,6500661.25,193457673,(A) Public Sector Banks,06/06/2018
Allahabad Bank,934607,169314,1103921,29264.97,781002,(B) Regional Rural Bank,06/06/2018
Andhra Bank,166965,17446,184411,3435.43,101049,(B) Regional Rural Bank,06/06/2018
Bank of Baroda,4845681,1344860,6190541,175974.41,4976408,(B) Regional Rural Bank,06/06/2018
Bank of India,3113252,1023407,4136659,83885.72,3782331,(B) Regional Rural Bank,06/06/2018
Bank of Maharashtra,815681,126796,942477,21214.58,798768,(B) Regional Rural Bank,06/06/2018
Canara Bank,646948,433013,1079961,54070.12,1058350,(B) Regional Rural Bank,06/06/2018
Central Bank of India,3427517,794846,4222363,119345.73,3787605,(B) Regional Rural Bank,06/06/2018
Dena Bank,414105,14064,428169,14179.66,292319,(B) Regional Rural Bank,06/06/2018
Indian Bank,435787,143665,579452,7954.88,495837,(B) Regional Rural Bank,06/06/2018
Indian Overseas Bank,998863,30443,1029306,31615.98,616138,(B) Regional Rural Bank,06/06/2018
Jammu & Kashmir Bank Ltd,91225,16788,108013,5242.18,21854,(B) Regional Rural Bank,06/06/2018
Punjab & Sind Bank,19547,1289,20836,3.86,18575,(B) Regional Rural Bank,06/06/2018
Punjab National Bank,3081402,558404,3639806,129087.55,3182087,(B) Regional Rural Bank,06/06/2018
State Bank of India,11071951,2201249,13273200,317412.01,6402761,(B) Regional Rural Bank,06/06/2018
Syndicate Bank,2025831,547073,2572904,103607.96,2470628,(B) Regional Rural Bank,06/06/2018
UCO Bank,1545564,56072,1601636,33590.7,559347,(B) Regional Rural Bank,06/06/2018
Union Bank of India,1036404,351518,1387922,35840.24,756872,(B) Regional Rural Bank,06/06/2018
United Bank of India,8442193,106791,8548984,206942.23,6738518,(B) Regional Rural Bank,06/06/2018
Regional Rural Banks Sub Total,43113523,7937038,51050561,1372668.24,36840449,(B) Regional Rural Bank,06/06/2018
Axis Bank Ltd,117023,663911,780934,19379.04,691001,(C) Major Private Banks,06/06/2018
City Union Bank Ltd,9405,75583,84988,0.85,79872,(C) Major Private Banks,06/06/2018
Federal Bank Ltd,401245,81374,482619,20056.83,423717,(C) Major Private Banks,06/06/2018
HDFC Bank Ltd,331934,1440364,1772298,89061.1,1771620,(C) Major Private Banks,06/06/2018
ICICI Bank Ltd,3478869,552445,4031314,20822.38,4031314,(C) Major Private Banks,06/06/2018
IndusInd Bank Ltd,41378,410291,451669,3053.15,425164,(C) Major Private Banks,06/06/2018
Jammu & Kashmir Bank Ltd,1333362,179010,1512372,59245.85,1199944,(C) Major Private Banks,06/06/2018
Karur Vysya Bank,25720,166269,191989,1704.39,189234,(C) Major Private Banks,06/06/2018
Kotak Mahindra Bank Ltd,107009,70840,177849,2008.26,130648,(C) Major Private Banks,06/06/2018
Lakshmi Vilas Bank Ltd,38714,98944,137658,1614.24,123719,(C) Major Private Banks,06/06/2018
RBL Bank Ltd,59787,35520,95307,205.56,94479,(C) Major Private Banks,06/06/2018
South Indian Bank Ltd,30535,179022,209557,4504.14,60465,(C) Major Private Banks,06/06/2018
Yes Bank Ltd,6694,5774,12468,228.85,10751,(C) Major Private Banks,06/06/2018
Major Private Banks Sub Total,5981675,3959347,9941022,221884.63,9231928,(C) Major Private Banks,06/06/2018
Public Sector Banks,138206078,118771457,256977535,6468120.65,193584301,Summary,06/13/2018
Regional Rural Banks,43165028,7955868,51120896,1366881.72,36852248,Summary,06/13/2018
Private Sector Banks,5982887,3960735,9943622,222827.55,9235771,Summary,06/13/2018
Grand Total,187353993,130688060,318042053,8057829.92,239672320,Summary,06/13/2018
Allahabad Bank,6081321,1785089,7866410,221556.59,6039006,(A) Public Sector Banks,06/13/2018
Andhra Bank,1518957,888095,2407052,34908.92,1808329,(A) Public Sector Banks,06/13/2018
Bank of Baroda,9452837,15552630,25005467,682414.54,23098599,(A) Public Sector Banks,06/13/2018
Bank of India,9395281,10280627,19675908,455892.88,18139381,(A) Public Sector Banks,06/13/2018
Bank of Maharashtra,4001694,1182900,5184594,116808.21,1072186,(A) Public Sector Banks,06/13/2018
Canara Bank,4690891,2146953,6837844,204342.34,4263339,(A) Public Sector Banks,06/13/2018
Central Bank of India,9306674,2186511,11493185,231291.5,9144234,(A) Public Sector Banks,06/13/2018
Corporation Bank,1367340,1347611,2714951,108352.44,2575773,(A) Public Sector Banks,06/13/2018
Dena Bank,3536444,931139,4467583,106274.24,2774373,(A) Public Sector Banks,06/13/2018
IDBI Bank Ltd.,461625,365063,826688,21566.58,676126,(A) Public Sector Banks,06/13/2018
Indian Bank,2244924,1115238,3360162,50703.44,3323688,(A) Public Sector Banks,06/13/2018
Indian Overseas Bank,978184,3421452,4399636,82896.47,4151073,(A) Public Sector Banks,06/13/2018
Oriental Bank of Commerce,2442841,1857218,4300059,442362,3810512,(A) Public Sector Banks,06/13/2018
Punjab & Sind Bank,651738,422111,1073849,58867.49,999456,(A) Public Sector Banks,06/13/2018
Punjab National Bank,15638295,2828532,18466827,357359.27,16675177,(A) Public Sector Banks,06/13/2018
State Bank of India,44403353,60672472,105075825,1777464.19,70325595,(A) Public Sector Banks,06/13/2018
Syndicate Bank,3075702,1385898,4461600,127405.95,3950084,(A) Public Sector Banks,06/13/2018
UCO Bank,3791521,3013817,6805338,173468.64,4063274,(A) Public Sector Banks,06/13/2018
Union Bank of India,6866641,1860065,8726706,189536.08,4858432,(A) Public Sector Banks,06/13/2018
United Bank of India,7475650,4891464,12367114,1003599.76,10378306,(A) Public Sector Banks,06/13/2018
Vijaya Bank,824165,636572,1460737,21049.11,1457358,(A) Public Sector Banks,06/13/2018
Public Sector Banks Sub Total,138206078,118771457,256977535,6468120.65,193584301,(A) Public Sector Banks,06/13/2018
Allahabad Bank,935369,169314,1104683,29117.1,781002,(B) Regional Rural Bank,06/13/2018
Andhra Bank,166957,17459,184416,3320.17,101073,(B) Regional Rural Bank,06/13/2018
Bank of Baroda,4858542,1349324,6207866,176031.9,4984373,(B) Regional Rural Bank,06/13/2018
Bank of India,3118441,1025246,4143687,84207.41,3782331,(B) Regional Rural Bank,06/13/2018
Bank of Maharashtra,824084,126857,950941,21785.7,798779,(B) Regional Rural Bank,06/13/2018
Canara Bank,647156,441241,1088397,53932,1060373,(B) Regional Rural Bank,06/13/2018
Central Bank of India,3427886,795814,4223700,120139.27,3787230,(B) Regional Rural Bank,06/13/2018
Dena Bank,414751,14057,428808,14212.93,292485,(B) Regional Rural Bank,06/13/2018
Indian Bank,436405,144836,581241,7949.61,496331,(B) Regional Rural Bank,06/13/2018
Indian Overseas Bank,999134,30443,1029577,31720.69,616138,(B) Regional Rural Bank,06/13/2018
Jammu & Kashmir Bank Ltd,91278,16796,108074,5242.76,21862,(B) Regional Rural Bank,06/13/2018
Punjab & Sind Bank,19762,1403,21165,7.48,18798,(B) Regional Rural Bank,06/13/2018
Punjab National Bank,3082886,558253,3641139,129294.55,3182659,(B) Regional Rural Bank,06/13/2018
State Bank of India,11088975,2202591,13291566,310825.56,6403206,(B) Regional Rural Bank,06/13/2018
Syndicate Bank,2026046,547058,2573104,104042.15,2470628,(B) Regional Rural Bank,06/13/2018
UCO Bank,1546852,56142,1602994,33798.45,559347,(B) Regional Rural Bank,06/13/2018
Union Bank of India,1038137,352260,1390397,35849.94,757115,(B) Regional Rural Bank,06/13/2018
United Bank of India,8442367,106774,8549141,205404.07,6738518,(B) Regional Rural Bank,06/13/2018
Regional Rural Banks Sub Total,43165028,7955868,51120896,1366881.72,36852248,(B) Regional Rural Bank,06/13/2018
Axis Bank Ltd,117119,664509,781628,19524.7,691536,(C) Major Private Banks,06/13/2018
City Union Bank Ltd,9448,75631,85079,1463.66,79872,(C) Major Private Banks,06/13/2018
Federal Bank Ltd,401480,81377,482857,20035.72,423958,(C) Major Private Banks,06/13/2018
HDFC Bank Ltd,331948,1440369,1772317,88135.26,1771639,(C) Major Private Banks,06/13/2018
ICICI Bank Ltd,3479328,552445,4031773,20736.62,4031773,(C) Major Private Banks,06/13/2018
IndusInd Bank Ltd,41383,410571,451954,3096.93,425409,(C) Major Private Banks,06/13/2018
Jammu & Kashmir Bank Ltd,1333566,179058,1512624,59522.48,1200917,(C) Major Private Banks,06/13/2018
Karur Vysya Bank,25876,166563,192439,1693.04,189467,(C) Major Private Banks,06/13/2018
Kotak Mahindra Bank Ltd,106993,70822,177815,1979.45,130265,(C) Major Private Banks,06/13/2018
Lakshmi Vilas Bank Ltd,38728,99061,137789,1692.21,123817,(C) Major Private Banks,06/13/2018
RBL Bank Ltd,59787,35520,95307,206.8,94477,(C) Major Private Banks,06/13/2018
South Indian Bank Ltd,30535,179022,209557,4504.14,60465,(C) Major Private Banks,06/13/2018
Yes Bank Ltd,6696,5787,12483,236.54,12176,(C) Major Private Banks,06/13/2018
Major Private Banks Sub Total,5982887,3960735,9943622,222827.55,9235771,(C) Major Private Banks,06/13/2018
Public Sector Banks,138354608,118833812,257188420,6406334.46,193890671,Summary,06/20/2018
Regional Rural Banks,43226434,7968514,51194948,1371455.09,36862805,Summary,06/20/2018
Private Sector Banks,5983419,3962027,9945446,221389.36,9241483,Summary,06/20/2018
Grand Total,187564461,130764353,318328814,7999178.91,239994959,Summary,06/20/2018
Allahabad Bank,6105299,1806245,7911544,224171.57,6041498,(A) Public Sector Banks,06/20/2018
Andhra Bank,1519010,888029,2407039,35100.48,1808145,(A) Public Sector Banks,06/20/2018
Bank of Baroda,9487881,15625309,25113190,680102.54,23190507,(A) Public Sector Banks,06/20/2018
Bank of India,9414697,10300750,19715447,454782.35,18159407,(A) Public Sector Banks,06/20/2018
Bank of Maharashtra,4005425,1183589,5189014,116437.43,1075459,(A) Public Sector Banks,06/20/2018
Canara Bank,4693170,2128658,6821828,202704.15,4245648,(A) Public Sector Banks,06/20/2018
Central Bank of India,9338352,2188788,11527140,232326.18,9148391,(A) Public Sector Banks,06/20/2018
Corporation Bank,1367178,1347574,2714752,107679.77,2575740,(A) Public Sector Banks,06/20/2018
Dena Bank,3541280,931129,4472409,106637.05,2772950,(A) Public Sector Banks,06/20/2018
IDBI Bank Ltd.,453938,316629,770567,20138.67,623953,(A) Public Sector Banks,06/20/2018
Indian Bank,2246406,1115604,3362010,49362.62,3325426,(A) Public Sector Banks,06/20/2018
Indian Overseas Bank,978849,3423010,4401859,82331.93,4151997,(A) Public Sector Banks,06/20/2018
Oriental Bank of Commerce,2445316,1858966,4304282,440102.2,3811559,(A) Public Sector Banks,06/20/2018
Punjab & Sind Bank,651559,422111,1073670,58802.74,999318,(A) Public Sector Banks,06/20/2018
Punjab National Bank,15653988,2830175,18484163,358138.55,16955549,(A) Public Sector Banks,06/20/2018
State Bank of India,44403353,60672472,105075825,1777464.19,70325595,(A) Public Sector Banks,06/20/2018
Syndicate Bank,3077172,1386824,4463996,127357.67,3950101,(A) Public Sector Banks,06/20/2018
UCO Bank,3799714,3018673,6818387,173572.98,4037174,(A) Public Sector Banks,06/20/2018
Union Bank of India,6873006,1861842,8734848,190033.99,4856590,(A) Public Sector Banks,06/20/2018
United Bank of India,7475650,4891464,12367114,948204.99,10378306,(A) Public Sector Banks,06/20/2018
Vijaya Bank,823365,635971,1459336,20882.4,1457358,(A) Public Sector Banks,06/20/2018
Public Sector Banks Sub Total,138354608,118833812,257188420,6406334.46,193890671,(A) Public Sector Banks,06/20/2018
Allahabad Bank,936126,169314,1105440,28997.26,781002,(B) Regional Rural Bank,06/20/2018
Andhra Bank,166972,17458,184430,3339.96,101082,(B) Regional Rural Bank,06/20/2018
Bank of Baroda,4873276,1354016,6227292,176951.79,4993539,(B) Regional Rural Bank,06/20/2018
Bank of India,3123723,1028298,4152021,83729.69,3782331,(B) Regional Rural Bank,06/20/2018
Bank of Maharashtra,825411,127664,953075,21916.91,798783,(B) Regional Rural Bank,06/20/2018
Canara Bank,647238,441293,1088531,53949.9,1060464,(B) Regional Rural Bank,06/20/2018
Central Bank of India,3428296,796850,4225146,119471.72,3786826,(B) Regional Rural Bank,06/20/2018
Dena Bank,415048,14056,429104,14236.96,292589,(B) Regional Rural Bank,06/20/2018
Indian Bank,437235,144872,582107,7786.33,496331,(B) Regional Rural Bank,06/20/2018
Indian Overseas Bank,999134,30443,1029577,31720.69,616138,(B) Regional Rural Bank,06/20/2018
Jammu & Kashmir Bank Ltd,91474,16809,108283,5258.04,21874,(B) Regional Rural Bank,06/20/2018
Punjab & Sind Bank,19765,1403,21168,7.48,18798,(B) Regional Rural Bank,06/20/2018
Punjab National Bank,3085794,558940,3644734,129766.92,3183506,(B) Regional Rural Bank,06/20/2018
State Bank of India,11106584,2204144,13310728,315896.96,6403748,(B) Regional Rural Bank,06/20/2018
Syndicate Bank,2026303,546952,2573255,103827.3,2470628,(B) Regional Rural Bank,06/20/2018
UCO Bank,1549654,56212,1605866,33770.44,559347,(B) Regional Rural Bank,06/20/2018
Union Bank of India,1039862,352997,1392859,35959.78,757301,(B) Regional Rural Bank,06/20/2018
United Bank of India,8454539,106793,8561332,204866.95,6738518,(B) Regional Rural Bank,06/20/2018
Regional Rural Banks Sub Total,43226434,7968514,51194948,1371455.09,36862805,(B) Regional Rural Bank,06/20/2018
Axis Bank Ltd,117163,665122,782285,19221.68,691884,(C) Major Private Banks,06/20/2018
City Union Bank Ltd,9465,75677,85142,1464.42,83842,(C) Major Private Banks,06/20/2018
Federal Bank Ltd,401232,81371,482603,19886.04,423851,(C) Major Private Banks,06/20/2018
HDFC Bank Ltd,331956,1440370,1772326,86452.72,1771648,(C) Major Private Banks,06/20/2018
ICICI Bank Ltd,3479576,552445,4032021,20994.35,4032021,(C) Major Private Banks,06/20/2018
IndusInd Bank Ltd,41386,410781,452167,3493.87,425640,(C) Major Private Banks,06/20/2018
Jammu & Kashmir Bank Ltd,1333778,179095,1512873,59697.85,1201359,(C) Major Private Banks,06/20/2018
Karur Vysya Bank,26126,166778,192904,1634.56,189961,(C) Major Private Banks,06/20/2018
Kotak Mahindra Bank Ltd,106993,70822,177815,1961.72,130266,(C) Major Private Banks,06/20/2018
Lakshmi Vilas Bank Ltd,38724,99232,137956,1632.01,123894,(C) Major Private Banks,06/20/2018
RBL Bank Ltd,59787,35520,95307,207.69,94477,(C) Major Private Banks,06/20/2018
South Indian Bank Ltd,30535,179022,209557,4504.14,60465,(C) Major Private Banks,06/20/2018
Yes Bank Ltd,6698,5792,12490,238.3,12175,(C) Major Private Banks,06/20/2018
Major Private Banks Sub Total,5983419,3962027,9945446,221389.36,9241483,(C) Major Private Banks,06/20/2018
Public Sector Banks,138588637,119063877,257652514,6345475.2,194097516,Summary,06/27/2018
Regional Rural Banks,43296570,7985224,51281794,1363909.95,36874000,Summary,06/27/2018
Private Sector Banks,5986022,3963249,9949271,220100.23,9244213,Summary,06/27/2018
Grand Total,187871229,131012350,318883579,7929485.38,240215729,Summary,06/27/2018
Allahabad Bank,6188697,1879762,8068459,225549.46,6044017,(A) Public Sector Banks,06/27/2018
Andhra Bank,1519390,887941,2407331,34823.94,1808060,(A) Public Sector Banks,06/27/2018
Bank of Baroda,9521702,15690566,25212268,677769.11,23276943,(A) Public Sector Banks,06/27/2018
Bank of India,9438022,10321789,19759811,454084.82,18184819,(A) Public Sector Banks,06/27/2018
Bank of Maharashtra,4010038,1184305,5194343,116146.02,1078577,(A) Public Sector Banks,06/27/2018
Canara Bank,4698375,2130878,6829253,201922.66,4246383,(A) Public Sector Banks,06/27/2018
Central Bank of India,9364349,2190726,11555075,230959.92,9180040,(A) Public Sector Banks,06/27/2018
Corporation Bank,1367067,1347561,2714628,107062.02,2575708,(A) Public Sector Banks,06/27/2018
Dena Bank,3548122,931864,4479986,106138.6,2772017,(A) Public Sector Banks,06/27/2018
IDBI Bank Ltd.,461747,365093,826840,21555.97,676114,(A) Public Sector Banks,06/27/2018
Indian Bank,2247244,1115848,3363092,49031.02,3326645,(A) Public Sector Banks,06/27/2018
Indian Overseas Bank,979503,3425215,4404718,81925.78,4153579,(A) Public Sector Banks,06/27/2018
Oriental Bank of Commerce,2449564,1861549,4311113,437197.11,3813700,(A) Public Sector Banks,06/27/2018
Punjab & Sind Bank,651296,422121,1073417,57038.65,999120,(A) Public Sector Banks,06/27/2018
Punjab National Bank,15670736,2831911,18502647,358459.49,16952443,(A) Public Sector Banks,06/27/2018
State Bank of India,44403353,60672472,105075825,1791365.56,70325595,(A) Public Sector Banks,06/27/2018
Syndicate Bank,3079611,1387279,4466890,128080.51,3954874,(A) Public Sector Banks,06/27/2018
UCO Bank,3807583,3022913,6830496,173905.13,4039789,(A) Public Sector Banks,06/27/2018
Union Bank of India,6883620,1866940,8750560,188870.67,4853429,(A) Public Sector Banks,06/27/2018
United Bank of India,7475650,4891464,12367114,882578.12,10378306,(A) Public Sector Banks,06/27/2018
Vijaya Bank,822968,635680,1458648,21010.62,1457358,(A) Public Sector Banks,06/27/2018
Public Sector Banks Sub Total,138588637,119063877,257652514,6345475.2,194097516,(A) Public Sector Banks,06/27/2018
Allahabad Bank,936921,169314,1106235,28946.99,781002,(B) Regional Rural Bank,06/27/2018
Andhra Bank,166978,17463,184441,3212.17,101089,(B) Regional Rural Bank,06/27/2018
Bank of Baroda,4890432,1359198,6249630,175956.15,5003339,(B) Regional Rural Bank,06/27/2018
Bank of India,3131671,1030926,4162597,84830.24,3782331,(B) Regional Rural Bank,06/27/2018
Bank of Maharashtra,831110,131645,962755,21967.93,798788,(B) Regional Rural Bank,06/27/2018
Canara Bank,647366,441326,1088692,53906.28,1060596,(B) Regional Rural Bank,06/27/2018
Central Bank of India,3429087,797712,4226799,119347.5,3786371,(B) Regional Rural Bank,06/27/2018
Dena Bank,415400,14074,429474,14263.96,292731,(B) Regional Rural Bank,06/27/2018
Indian Bank,438402,144886,583288,7644.21,496331,(B) Regional Rural Bank,06/27/2018
Indian Overseas Bank,999704,30444,1030148,31598.38,616138,(B) Regional Rural Bank,06/27/2018
Jammu & Kashmir Bank Ltd,91947,16873,108820,5278.34,21890,(B) Regional Rural Bank,06/27/2018
Punjab & Sind Bank,19950,1371,21321,7.54,18866,(B) Regional Rural Bank,06/27/2018
Punjab National Bank,3087512,559471,3646983,129003.16,3184674,(B) Regional Rural Bank,06/27/2018
State Bank of India,11123305,2206104,13329409,312732.03,6403762,(B) Regional Rural Bank,06/27/2018
Syndicate Bank,2026654,546819,2573473,99408.33,2470628,(B) Regional Rural Bank,06/27/2018
UCO Bank,1551385,57035,1608420,33772.22,559347,(B) Regional Rural Bank,06/27/2018
Union Bank of India,1041675,353768,1395443,35993.17,757599,(B) Regional Rural Bank,06/27/2018
United Bank of India,8467071,106795,8573866,206041.35,6738518,(B) Regional Rural Bank,06/27/2018
Regional Rural Banks Sub Total,43296570,7985224,51281794,1363909.95,36874000,(B) Regional Rural Bank,06/27/2018
Axis Bank Ltd,117220,665809,783029,19167.52,692347,(C) Major Private Banks,06/27/2018
City Union Bank Ltd,9476,75711,85187,1436.28,83914,(C) Major Private Banks,06/27/2018
Federal Bank Ltd,401886,81415,483301,19657.99,424369,(C) Major Private Banks,06/27/2018
HDFC Bank Ltd,331962,1440383,1772345,85337.91,1771667,(C) Major Private Banks,06/27/2018
ICICI Bank Ltd,3480253,552445,4032698,21035.23,4032698,(C) Major Private Banks,06/27/2018
IndusInd Bank Ltd,41385,410776,452161,2971.23,425760,(C) Major Private Banks,06/27/2018
Jammu & Kashmir Bank Ltd,1334840,179123,1513963,60328.9,1201951,(C) Major Private Banks,06/27/2018
Karur Vysya Bank,26240,167060,193300,1632.87,190079,(C) Major Private Banks,06/27/2018
Kotak Mahindra Bank Ltd,106999,70824,177823,1960.66,130275,(C) Major Private Banks,06/27/2018
Lakshmi Vilas Bank Ltd,38733,99364,138097,1621.61,124014,(C) Major Private Banks,06/27/2018
RBL Bank Ltd,59787,35520,95307,207.92,94473,(C) Major Private Banks,06/27/2018
South Indian Bank Ltd,30535,179022,209557,4504.14,60465,(C) Major Private Banks,06/27/2018
Yes Bank Ltd,6706,5797,12503,237.97,12201,(C) Major Private Banks,06/27/2018
Major Private Banks Sub Total,5986022,3963249,9949271,220100.23,9244213,(C) Major Private Banks,06/27/2018
Public Sector Banks,138873571,119275338,258148909,6292137.31,194440561,Summary,07/04/2018
Regional Rural Banks,43378764,8002078,51380842,1378869.53,36885188,Summary,07/04/2018
Private Sector Banks,5988756,3966463,9955219,224201.84,9245507,Summary,07/04/2018
Grand Total,188241091,131243879,319484970,7895208.68,240571256,Summary,07/04/2018
Allahabad Bank,6260678,1943216,8203894,228906.36,6044017,(A) Public Sector Banks,07/04/2018
Andhra Bank,1520768,888006,2408774,35434.5,1808140,(A) Public Sector Banks,07/04/2018
Bank of Baroda,9572423,15784570,25356993,686427.11,23401997,(A) Public Sector Banks,07/04/2018
Bank of India,9463009,10345358,19808367,455993.14,18181067,(A) Public Sector Banks,07/04/2018
Bank of Maharashtra,4014167,1185009,5199176,117894.85,1081399,(A) Public Sector Banks,07/04/2018
Canara Bank,4704904,2133803,6838707,203010.61,4247629,(A) Public Sector Banks,07/04/2018
Central Bank of India,9414552,2189021,11603573,232842.96,9480647,(A) Public Sector Banks,07/04/2018
Corporation Bank,1366937,1347680,2714617,107000.95,2575659,(A) Public Sector Banks,07/04/2018
Dena Bank,3556370,932963,4489333,106487.66,2770948,(A) Public Sector Banks,07/04/2018
IDBI Bank Ltd.,462066,365101,827167,21773.76,676126,(A) Public Sector Banks,07/04/2018
Indian Bank,2248389,1116012,3364401,49861.19,3328071,(A) Public Sector Banks,07/04/2018
Indian Overseas Bank,980547,3428281,4408828,82421.41,4159335,(A) Public Sector Banks,07/04/2018
Oriental Bank of Commerce,2453935,1864220,4318155,440080.58,3817410,(A) Public Sector Banks,07/04/2018
Punjab & Sind Bank,652000,422130,1074130,56703.26,999120,(A) Public Sector Banks,07/04/2018
Punjab National Bank,15687143,2833923,18521066,359457.92,16948913,(A) Public Sector Banks,07/04/2018
State Bank of India,44403353,60672472,105075825,1791365.56,70325595,(A) Public Sector Banks,07/04/2018
Syndicate Bank,3082154,1388294,4470448,129924.85,3961737,(A) Public Sector Banks,07/04/2018
UCO Bank,3819470,3029410,6848880,176505.26,3946689,(A) Public Sector Banks,07/04/2018
Union Bank of India,6897084,1871609,8768693,189646.81,4850398,(A) Public Sector Banks,07/04/2018
United Bank of India,7490666,4898587,12389253,799358.15,10378306,(A) Public Sector Banks,07/04/2018
Vijaya Bank,822956,635673,1458629,21040.41,1457358,(A) Public Sector Banks,07/04/2018
Public Sector Banks Sub Total,138873571,119275338,258148909,6292137.31,194440561,(A) Public Sector Banks,07/04/2018
Allahabad Bank,937721,169314,1107035,29009.82,781002,(B) Regional Rural Bank,07/04/2018
Andhra Bank,166981,17464,184445,3261.22,101095,(B) Regional Rural Bank,07/04/2018
Bank of Baroda,4911678,1365876,6277554,179701.38,5014959,(B) Regional Rural Bank,07/04/2018
Bank of India,3140569,1033986,4174555,85761.16,3782331,(B) Regional Rural Bank,07/04/2018
Bank of Maharashtra,835279,133710,968989,21985.94,798792,(B) Regional Rural Bank,07/04/2018
Canara Bank,647503,441434,1088937,53907.16,1060832,(B) Regional Rural Bank,07/04/2018
Central Bank of India,3430185,798757,4228942,119541.16,3786036,(B) Regional Rural Bank,07/04/2018
Dena Bank,415794,14095,429889,14349.79,292882,(B) Regional Rural Bank,07/04/2018
Indian Bank,439850,145004,584854,7725.53,496331,(B) Regional Rural Bank,07/04/2018
Indian Overseas Bank,1000083,30443,1030526,31627.18,616138,(B) Regional Rural Bank,07/04/2018
Jammu & Kashmir Bank Ltd,92448,16929,109377,5333.86,21902,(B) Regional Rural Bank,07/04/2018
Punjab & Sind Bank,19950,1371,21321,7.54,18866,(B) Regional Rural Bank,07/04/2018
Punjab National Bank,3091078,560146,3651224,129187.58,3185597,(B) Regional Rural Bank,07/04/2018
State Bank of India,11149027,2207902,13356929,317636,6402062,(B) Regional Rural Bank,07/04/2018
Syndicate Bank,2027013,546744,2573757,100641.54,2470628,(B) Regional Rural Bank,07/04/2018
UCO Bank,1552794,57116,1609910,34208.54,559347,(B) Regional Rural Bank,07/04/2018
Union Bank of India,1044565,355002,1399567,36095.69,757870,(B) Regional Rural Bank,07/04/2018
United Bank of India,8476246,106785,8583031,208888.45,6738518,(B) Regional Rural Bank,07/04/2018
Regional Rural Banks Sub Total,43378764,8002078,51380842,1378869.53,36885188,(B) Regional Rural Bank,07/04/2018
Axis Bank Ltd,117301,666742,784043,19328.7,693053,(C) Major Private Banks,07/04/2018
City Union Bank Ltd,9491,75733,85224,1478.23,83968,(C) Major Private Banks,07/04/2018
Federal Bank Ltd,400008,81054,481062,19809.49,422515,(C) Major Private Banks,07/04/2018
HDFC Bank Ltd,331973,1440411,1772384,87745.37,1771706,(C) Major Private Banks,07/04/2018
ICICI Bank Ltd,3482143,552445,4034588,21716.43,4034588,(C) Major Private Banks,07/04/2018
IndusInd Bank Ltd,41419,410816,452235,3155.55,425772,(C) Major Private Banks,07/04/2018
Jammu & Kashmir Bank Ltd,1337165,179724,1516889,60487.2,1201951,(C) Major Private Banks,07/04/2018
Karur Vysya Bank,26347,167416,193763,1694.06,190639,(C) Major Private Banks,07/04/2018
Kotak Mahindra Bank Ltd,107007,70809,177816,1978.85,130590,(C) Major Private Banks,07/04/2018
Lakshmi Vilas Bank Ltd,38745,99642,138387,1631.2,124155,(C) Major Private Banks,07/04/2018
RBL Bank Ltd,59787,35520,95307,211.19,94466,(C) Major Private Banks,07/04/2018
South Indian Bank Ltd,30622,180384,211006,4730.08,59893,(C) Major Private Banks,07/04/2018
Yes Bank Ltd,6748,5767,12515,235.48,12211,(C) Major Private Banks,07/04/2018
Major Private Banks Sub Total,5988756,3966463,9955219,224201.84,9245507,(C) Major Private Banks,07/04/2018
Public Sector Banks,139205199,119524283,258729482,6337146.57,194766288,Summary,07/11/2018
Regional Rural Banks,42634324,8890098,51524422,1378726.54,36903702,Summary,07/11/2018
Private Sector Banks,6005360,3955763,9961123,221243.95,9251428,Summary,07/11/2018
Grand Total,187844883,132370144,320215027,7937117.06,240921418,Summary,07/11/2018
Allahabad Bank,6339844,2012738,8352582,229432.93,6050170,(A) Public Sector Banks,07/11/2018
Andhra Bank,1524059,888359,2412418,34589.62,1809052,(A) Public Sector Banks,07/11/2018
Bank of Baroda,9630997,15891543,25522540,697920.2,23546652,(A) Public Sector Banks,07/11/2018
Bank of India,9499939,10382540,19882479,458638.72,18193697,(A) Public Sector Banks,07/11/2018
Bank of Maharashtra,4016858,1185305,5202163,118146.68,1083171,(A) Public Sector Banks,07/11/2018
Canara Bank,4711411,2135879,6847290,204148.23,4248035,(A) Public Sector Banks,07/11/2018
Central Bank of India,9463064,2194231,11657295,233963.34,9688248,(A) Public Sector Banks,07/11/2018
Corporation Bank,1366937,1347680,2714617,107000.95,2575659,(A) Public Sector Banks,07/11/2018
Dena Bank,3570186,934429,4504615,106415.82,2770163,(A) Public Sector Banks,07/11/2018
IDBI Bank Ltd.,462578,365171,827749,21773.11,676157,(A) Public Sector Banks,07/11/2018
Indian Bank,2249324,1116655,3365979,50375.86,3329526,(A) Public Sector Banks,07/11/2018
Indian Overseas Bank,983452,3430431,4413883,83100.84,4161688,(A) Public Sector Banks,07/11/2018
Oriental Bank of Commerce,2458406,1866674,4325080,445327.06,3820472,(A) Public Sector Banks,07/11/2018
Punjab & Sind Bank,652255,422130,1074385,56825.17,999078,(A) Public Sector Banks,07/11/2018
Punjab National Bank,15709538,2836465,18546003,359752.67,16945056,(A) Public Sector Banks,07/11/2018
State Bank of India,44403353,60672472,105075825,1809737.57,70325595,(A) Public Sector Banks,07/11/2018
Syndicate Bank,3085280,1389405,4474685,129961.53,3961737,(A) Public Sector Banks,07/11/2018
UCO Bank,3831330,3034683,6866013,177742.11,3898093,(A) Public Sector Banks,07/11/2018
Union Bank of India,6914895,1875063,8789958,191434.82,4848375,(A) Public Sector Banks,07/11/2018
United Bank of India,7508152,4906472,12414624,799358.15,10378306,(A) Public Sector Banks,07/11/2018
Vijaya Bank,823341,635958,1459299,21501.19,1457358,(A) Public Sector Banks,07/11/2018
Public Sector Banks Sub Total,139205199,119524283,258729482,6337146.57,194766288,(A) Public Sector Banks,07/11/2018
Allahabad Bank,938979,169314,1108293,29015.95,781002,(B) Regional Rural Bank,07/11/2018
Andhra Bank,167090,17463,184553,3180.25,101104,(B) Regional Rural Bank,07/11/2018
Bank of Baroda,4939016,1374426,6313442,180522.88,5030717,(B) Regional Rural Bank,07/11/2018
Bank of India,3152395,1037149,4189544,85821.91,3782331,(B) Regional Rural Bank,07/11/2018
Bank of Maharashtra,838288,134713,973001,21996.94,798797,(B) Regional Rural Bank,07/11/2018
Canara Bank,647839,441661,1089500,53928.74,1061349,(B) Regional Rural Bank,07/11/2018
Central Bank of India,3431814,800062,4231876,119434.49,3785660,(B) Regional Rural Bank,07/11/2018
Dena Bank,416188,14105,430293,14397.91,293084,(B) Regional Rural Bank,07/11/2018
Indian Bank,441043,144984,586027,7569.72,496331,(B) Regional Rural Bank,07/11/2018
Indian Overseas Bank,1003707,30563,1034270,31815.86,616138,(B) Regional Rural Bank,07/11/2018
Jammu & Kashmir Bank Ltd,93438,16998,110436,5342.4,21913,(B) Regional Rural Bank,07/11/2018
Punjab & Sind Bank,20087,1385,21472,9.27,19355,(B) Regional Rural Bank,07/11/2018
Punjab National Bank,3097593,561228,3658821,128696.52,3186808,(B) Regional Rural Bank,07/11/2018
State Bank of India,10319473,3078956,13398429,318355.04,6402451,(B) Regional Rural Bank,07/11/2018
Syndicate Bank,2027463,546449,2573912,100054.1,2470628,(B) Regional Rural Bank,07/11/2018
UCO Bank,1564680,57608,1622288,34200.92,559347,(B) Regional Rural Bank,07/11/2018
Union Bank of India,1047482,356249,1403731,36713.11,758169,(B) Regional Rural Bank,07/11/2018
United Bank of India,8487749,106785,8594534,207670.52,6738518,(B) Regional Rural Bank,07/11/2018
Regional Rural Banks Sub Total,42634324,8890098,51524422,1378726.54,36903702,(B) Regional Rural Bank,07/11/2018
Axis Bank Ltd,128425,657455,785880,19744.94,693998,(C) Major Private Banks,07/11/2018
City Union Bank Ltd,9491,75733,85224,1478.23,83968,(C) Major Private Banks,07/11/2018
Federal Bank Ltd,400768,81151,481919,19832.27,423297,(C) Major Private Banks,07/11/2018
HDFC Bank Ltd,331975,1440413,1772388,85126.18,1771710,(C) Major Private Banks,07/11/2018
ICICI Bank Ltd,3482120,552445,4034565,21117.62,4034565,(C) Major Private Banks,07/11/2018
IndusInd Bank Ltd,41416,410821,452237,3119.71,425813,(C) Major Private Banks,07/11/2018
Jammu & Kashmir Bank Ltd,1341950,179197,1521147,60484.58,1205161,(C) Major Private Banks,07/11/2018
Karur Vysya Bank,26418,167658,194076,1709.34,190839,(C) Major Private Banks,07/11/2018
Kotak Mahindra Bank Ltd,106985,70786,177771,1974.43,130544,(C) Major Private Banks,07/11/2018
Lakshmi Vilas Bank Ltd,38742,99792,138534,1706.03,124377,(C) Major Private Banks,07/11/2018
RBL Bank Ltd,59787,35520,95307,205.51,94478,(C) Major Private Banks,07/11/2018
South Indian Bank Ltd,30535,179022,209557,4504.14,60465,(C) Major Private Banks,07/11/2018
Yes Bank Ltd,6748,5770,12518,240.97,12213,(C) Major Private Banks,07/11/2018
Major Private Banks Sub Total,6005360,3955763,9961123,221243.95,9251428,(C) Major Private Banks,07/11/2018
Public Sector Banks,139510952,119761142,259272094,6340208.1,195442091,Summary,07/18/2018
Regional Rural Banks,43609332,8041884,51651216,1394692.47,36920076,Summary,07/18/2018
Private Sector Banks,6012283,3958878,9971161,221362.64,9251800,Summary,07/18/2018
Grand Total,189132567,131761904,320894471,7956263.21,241613967,Summary,07/18/2018
Allahabad Bank,6423356,2086259,8509615,233111.35,6051965,(A) Public Sector Banks,07/18/2018
Andhra Bank,1526441,888460,2414901,34640.24,1809195,(A) Public Sector Banks,07/18/2018
Bank of Baroda,9689368,16000993,25690361,704356.24,23694408,(A) Public Sector Banks,07/18/2018
Bank of India,9514326,10395328,19909654,464422.75,18214808,(A) Public Sector Banks,07/18/2018
Bank of Maharashtra,4022421,1186535,5208956,118466.91,1088073,(A) Public Sector Banks,07/18/2018
Canara Bank,4717814,2138085,6855899,204143.32,4248330,(A) Public Sector Banks,07/18/2018
Central Bank of India,9508133,2200345,11708478,236338.34,9969537,(A) Public Sector Banks,07/18/2018
Corporation Bank,1366682,1348328,2715010,107241.66,2575574,(A) Public Sector Banks,07/18/2018
Dena Bank,3580518,935594,4516112,107643.14,2960453,(A) Public Sector Banks,07/18/2018
IDBI Bank Ltd.,462933,365258,828191,21795.71,676166,(A) Public Sector Banks,07/18/2018
Indian Bank,2250301,1117397,3367698,50119.56,3331116,(A) Public Sector Banks,07/18/2018
Indian Overseas Bank,984428,3432886,4417314,82885.51,4165346,(A) Public Sector Banks,07/18/2018
Oriental Bank of Commerce,2463335,1869247,4332582,443270.57,3823207,(A) Public Sector Banks,07/18/2018
Punjab & Sind Bank,652123,422130,1074253,56086.44,999012,(A) Public Sector Banks,07/18/2018
Punjab National Bank,15731677,2839541,18571218,362114.09,17024704,(A) Public Sector Banks,07/18/2018
State Bank of India,44403353,60672472,105075825,1809737.57,70325595,(A) Public Sector Banks,07/18/2018
Syndicate Bank,3091072,1390359,4481431,131546.43,3961737,(A) Public Sector Banks,07/18/2018
UCO Bank,3848702,3043849,6892551,179469.65,3844969,(A) Public Sector Banks,07/18/2018
Union Bank of India,6937920,1881482,8819402,192741.27,4842232,(A) Public Sector Banks,07/18/2018
United Bank of India,7512557,4910538,12423095,778572.83,10378306,(A) Public Sector Banks,07/18/2018
Vijaya Bank,823492,636056,1459548,21504.5,1457358,(A) Public Sector Banks,07/18/2018
Public Sector Banks Sub Total,139510952,119761142,259272094,6340208.1,195442091,(A) Public Sector Banks,07/18/2018
Allahabad Bank,939774,169314,1109088,29193.73,781002,(B) Regional Rural Bank,07/18/2018
Andhra Bank,167126,17465,184591,3250.34,101112,(B) Regional Rural Bank,07/18/2018
Bank of Baroda,4963222,1382139,6345361,182158.15,5045005,(B) Regional Rural Bank,07/18/2018
Bank of India,3159826,1039404,4199230,86756.89,3782331,(B) Regional Rural Bank,07/18/2018
Bank of Maharashtra,846296,136821,983117,22014.97,798802,(B) Regional Rural Bank,07/18/2018
Canara Bank,647500,441439,1088939,54207.57,1060684,(B) Regional Rural Bank,07/18/2018
Central Bank of India,3433569,801468,4235037,120212.85,3785380,(B) Regional Rural Bank,07/18/2018
Dena Bank,416477,14120,430597,14438.89,293191,(B) Regional Rural Bank,07/18/2018
Indian Bank,441043,144984,586027,7569.72,496331,(B) Regional Rural Bank,07/18/2018
Indian Overseas Bank,1003707,30563,1034270,31815.86,616138,(B) Regional Rural Bank,07/18/2018
Jammu & Kashmir Bank Ltd,94545,17053,111598,5373.77,21916,(B) Regional Rural Bank,07/18/2018
Punjab & Sind Bank,20087,1385,21472,9.27,19355,(B) Regional Rural Bank,07/18/2018
Punjab National Bank,3105301,562759,3668060,129934.68,3188310,(B) Regional Rural Bank,07/18/2018
State Bank of India,11222592,2213020,13435612,318755.34,6403608,(B) Regional Rural Bank,07/18/2018
Syndicate Bank,2028655,546705,2575360,99903.25,2470628,(B) Regional Rural Bank,07/18/2018
UCO Bank,1567988,58208,1626196,34522.8,559347,(B) Regional Rural Bank,07/18/2018
Union Bank of India,1052159,358252,1410411,36764.56,758418,(B) Regional Rural Bank,07/18/2018
United Bank of India,8499465,106785,8606250,217809.83,6738518,(B) Regional Rural Bank,07/18/2018
Regional Rural Banks Sub Total,43609332,8041884,51651216,1394692.47,36920076,(B) Regional Rural Bank,07/18/2018
Axis Bank Ltd,128548,658757,787305,19465.98,694709,(C) Major Private Banks,07/18/2018
City Union Bank Ltd,9505,75774,85279,1500.03,84052,(C) Major Private Banks,07/18/2018
Federal Bank Ltd,401112,81210,482322,19780.78,423569,(C) Major Private Banks,07/18/2018
HDFC Bank Ltd,331981,1440422,1772403,84980.48,1771725,(C) Major Private Banks,07/18/2018
ICICI Bank Ltd,3482083,552445,4034528,21288.14,4034528,(C) Major Private Banks,07/18/2018
IndusInd Bank Ltd,41457,410829,452286,3295.17,425835,(C) Major Private Banks,07/18/2018
Jammu & Kashmir Bank Ltd,1348249,179239,1527488,60579.4,1205820,(C) Major Private Banks,07/18/2018
Karur Vysya Bank,26451,167767,194218,1671.44,191258,(C) Major Private Banks,07/18/2018
Kotak Mahindra Bank Ltd,106978,70771,177749,1978.59,130526,(C) Major Private Banks,07/18/2018
Lakshmi Vilas Bank Ltd,38762,99990,138752,1636.49,124442,(C) Major Private Banks,07/18/2018
RBL Bank Ltd,59787,35520,95307,215.09,93230,(C) Major Private Banks,07/18/2018
South Indian Bank Ltd,30622,180384,211006,4730.08,59893,(C) Major Private Banks,07/18/2018
Yes Bank Ltd,6748,5770,12518,240.97,12213,(C) Major Private Banks,07/18/2018
Major Private Banks Sub Total,6012283,3958878,9971161,221362.64,9251800,(C) Major Private Banks,07/18/2018
Public Sector Banks,140233140,120250254,260483394,6438861.75,196425033,Summary,08/01/2018
Regional Rural Banks,43926958,8096184,52023142,1407205.75,36970626,Summary,08/01/2018
Private Sector Banks,6029509,3963720,9993229,221414.69,9273220,Summary,08/01/2018
Grand Total,190189607,132310158,322499765,8067482.19,242668879,Summary,08/01/2018
Allahabad Bank,6579305,2223701,8803006,238682.39,6055830,(A) Public Sector Banks,08/01/2018
Andhra Bank,1536870,889997,2426867,34579.57,1811279,(A) Public Sector Banks,08/01/2018
Bank of Baroda,9800083,16213252,26013335,716559.26,23980093,(A) Public Sector Banks,08/01/2018
Bank of India,9543242,10418902,19962144,469885.94,18220636,(A) Public Sector Banks,08/01/2018
Bank of Maharashtra,4034488,1193050,5227538,118767.75,1096814,(A) Public Sector Banks,08/01/2018
Canara Bank,4730755,2141779,6872534,205952.21,4249172,(A) Public Sector Banks,08/01/2018
Central Bank of India,9630595,2211719,11842314,239283.27,10114923,(A) Public Sector Banks,08/01/2018
Corporation Bank,1370571,1348353,2718924,106245.49,2575476,(A) Public Sector Banks,08/01/2018
Dena Bank,3598956,937794,4536750,108199.97,2956837,(A) Public Sector Banks,08/01/2018
IDBI Bank Ltd.,464006,366098,830104,21717.65,676665,(A) Public Sector Banks,08/01/2018
Indian Bank,2253493,1118054,3371547,50087.27,3335131,(A) Public Sector Banks,08/01/2018
Indian Overseas Bank,987345,3440715,4428060,83001.01,4172743,(A) Public Sector Banks,08/01/2018
Oriental Bank of Commerce,2472769,1874135,4346904,442859.69,3829728,(A) Public Sector Banks,08/01/2018
Punjab & Sind Bank,658289,422130,1080419,57586.19,999127,(A) Public Sector Banks,08/01/2018
Punjab National Bank,15785429,2845347,18630776,367275.75,17535349,(A) Public Sector Banks,08/01/2018
State Bank of India,44403353,60672472,105075825,1853229.27,70325595,(A) Public Sector Banks,08/01/2018
Syndicate Bank,3102600,1392475,4495075,130507.53,3973416,(A) Public Sector Banks,08/01/2018
UCO Bank,3884390,3061165,6945555,181373.98,3840752,(A) Public Sector Banks,08/01/2018
Union Bank of India,6999333,1892503,8891836,193590.48,4839803,(A) Public Sector Banks,08/01/2018
United Bank of India,7572788,4949834,12522622,797886.11,10378306,(A) Public Sector Banks,08/01/2018
Vijaya Bank,824480,636779,1461259,21590.95,1457358,(A) Public Sector Banks,08/01/2018
Public Sector Banks Sub Total,140233140,120250254,260483394,6438861.75,196425033,(A) Public Sector Banks,08/01/2018
Allahabad Bank,943159,169314,1112473,29610.19,781002,(B) Regional Rural Bank,08/01/2018
Andhra Bank,167175,17467,184642,3152.18,101116,(B) Regional Rural Bank,08/01/2018
Bank of Baroda,5027814,1400205,6428019,186415.19,5088024,(B) Regional Rural Bank,08/01/2018
Bank of India,3167727,1042789,4210516,88194.03,3782331,(B) Regional Rural Bank,08/01/2018
Bank of Maharashtra,862001,138929,1000930,22056.08,798811,(B) Regional Rural Bank,08/01/2018
Canara Bank,648085,441774,1089859,54152.95,1060827,(B) Regional Rural Bank,08/01/2018
Central Bank of India,3437172,805235,4242407,121468.14,3784878,(B) Regional Rural Bank,08/01/2018
Dena Bank,417118,14107,431225,14531.16,293479,(B) Regional Rural Bank,08/01/2018
Indian Bank,444297,147523,591820,7634.78,496331,(B) Regional Rural Bank,08/01/2018
Indian Overseas Bank,1007986,30657,1038643,32395.63,616138,(B) Regional Rural Bank,08/01/2018
Jammu & Kashmir Bank Ltd,103608,17874,121482,5428.69,21949,(B) Regional Rural Bank,08/01/2018
Punjab & Sind Bank,20340,1411,21751,10.46,19556,(B) Regional Rural Bank,08/01/2018
Punjab National Bank,3122375,565852,3688227,130649.88,3192510,(B) Regional Rural Bank,08/01/2018
State Bank of India,11292147,2224144,13516291,320597.91,6406070,(B) Regional Rural Bank,08/01/2018
Syndicate Bank,2038606,550806,2589412,99027.89,2470628,(B) Regional Rural Bank,08/01/2018
UCO Bank,1631336,58539,1689875,35706.34,559347,(B) Regional Rural Bank,08/01/2018
Union Bank of India,1062701,362766,1425467,37188.97,759111,(B) Regional Rural Bank,08/01/2018
United Bank of India,8533311,106792,8640103,218985.28,6738518,(B) Regional Rural Bank,08/01/2018
Regional Rural Banks Sub Total,43926958,8096184,52023142,1407205.75,36970626,(B) Regional Rural Bank,08/01/2018
Axis Bank Ltd,128936,662658,791594,19627,704648,(C) Major Private Banks,08/01/2018
City Union Bank Ltd,9519,75788,85307,1500.28,85305,(C) Major Private Banks,08/01/2018
Federal Bank Ltd,402395,81243,483638,19805.8,424490,(C) Major Private Banks,08/01/2018
HDFC Bank Ltd,332006,1440455,1772461,85070.36,1771783,(C) Major Private Banks,08/01/2018
ICICI Bank Ltd,3487566,552445,4040011,21404.23,4040011,(C) Major Private Banks,08/01/2018
IndusInd Bank Ltd,41521,410915,452436,3099.26,425959,(C) Major Private Banks,08/01/2018
Jammu & Kashmir Bank Ltd,1358115,179318,1537433,60444.03,1208797,(C) Major Private Banks,08/01/2018
Karur Vysya Bank,26504,168094,194598,1680.67,191563,(C) Major Private Banks,08/01/2018
Kotak Mahindra Bank Ltd,106963,70747,177710,1960.78,130488,(C) Major Private Banks,08/01/2018
Lakshmi Vilas Bank Ltd,38793,100387,139180,1635.86,124831,(C) Major Private Banks,08/01/2018
RBL Bank Ltd,59787,35520,95307,216.51,93224,(C) Major Private Banks,08/01/2018
South Indian Bank Ltd,30622,180384,211006,4730.08,59893,(C) Major Private Banks,08/01/2018
Yes Bank Ltd,6782,5766,12548,239.82,12228,(C) Major Private Banks,08/01/2018
Major Private Banks Sub Total,6029509,3963720,9993229,221414.69,9273220,(C) Major Private Banks,08/01/2018
Public Sector Banks,140603970,120503372,261107342,6479842.63,197373420,Summary,08/08/2018
Regional Rural Banks,44071950,8129590,52201540,1418968.95,37008268,Summary,08/08/2018
Private Sector Banks,6036187,3966232,10002419,220866.76,9278214,Summary,08/08/2018
Grand Total,190712107,132599194,323311301,8119678.34,243659902,Summary,08/08/2018
Allahabad Bank,6629034,2267709,8896743,243523.37,6057955,(A) Public Sector Banks,08/08/2018
Andhra Bank,1536963,889590,2426553,34520.45,1811201,(A) Public Sector Banks,08/08/2018
Bank of Baroda,9869357,16335089,26204446,727338.99,24161992,(A) Public Sector Banks,08/08/2018
Bank of India,9571470,10447846,20019316,477300.86,18232880,(A) Public Sector Banks,08/08/2018
Bank of Maharashtra,4040152,1190337,5230489,118816.72,1101118,(A) Public Sector Banks,08/08/2018
Canara Bank,4737294,2144364,6881658,208405.25,4249859,(A) Public Sector Banks,08/08/2018
Central Bank of India,9707208,2218285,11925493,240590.32,10667287,(A) Public Sector Banks,08/08/2018
Corporation Bank,1370525,1349117,2719642,107468.27,2575440,(A) Public Sector Banks,08/08/2018
Dena Bank,3606180,939353,4545533,108961.54,2955793,(A) Public Sector Banks,08/08/2018
IDBI Bank Ltd.,464548,366093,830641,21827.07,676786,(A) Public Sector Banks,08/08/2018
Indian Bank,2255210,1119002,3374212,51023.44,3338004,(A) Public Sector Banks,08/08/2018
Indian Overseas Bank,989726,3446277,4436003,84614.85,4170596,(A) Public Sector Banks,08/08/2018
Oriental Bank of Commerce,2477958,1876608,4354566,444921.07,3835384,(A) Public Sector Banks,08/08/2018
Punjab & Sind Bank,658796,422130,1080926,56664.81,999127,(A) Public Sector Banks,08/08/2018
Punjab National Bank,15807976,2847915,18655891,368835.86,17716974,(A) Public Sector Banks,08/08/2018
State Bank of India,44403353,60672472,105075825,1853229.27,70325595,(A) Public Sector Banks,08/08/2018
Syndicate Bank,3110783,1394343,4505126,132198.61,3975444,(A) Public Sector Banks,08/08/2018
UCO Bank,3902738,3071653,6974391,183873.48,3848989,(A) Public Sector Banks,08/08/2018
Union Bank of India,7040579,1900777,8941356,194444.15,4837332,(A) Public Sector Banks,08/08/2018
United Bank of India,7597628,4966078,12563706,799527.26,10378306,(A) Public Sector Banks,08/08/2018
Vijaya Bank,826492,638334,1464826,21756.99,1457358,(A) Public Sector Banks,08/08/2018
Public Sector Banks Sub Total,140603970,120503372,261107342,6479842.63,197373420,(A) Public Sector Banks,08/08/2018
Allahabad Bank,945420,169314,1114734,30289.3,781002,(B) Regional Rural Bank,08/08/2018
Andhra Bank,167198,17465,184663,3141.46,101121,(B) Regional Rural Bank,08/08/2018
Bank of Baroda,5074762,1412296,6487058,188804.57,5121943,(B) Regional Rural Bank,08/08/2018
Bank of India,3168613,1043041,4211654,89113.25,3782331,(B) Regional Rural Bank,08/08/2018
Bank of Maharashtra,873104,139427,1012531,22068.09,798814,(B) Regional Rural Bank,08/08/2018
Canara Bank,648324,441967,1090291,54464.32,1060963,(B) Regional Rural Bank,08/08/2018
Central Bank of India,3438284,806416,4244700,121220.18,3784409,(B) Regional Rural Bank,08/08/2018
Dena Bank,417321,14114,431435,14572.12,293614,(B) Regional Rural Bank,08/08/2018
Indian Bank,445139,150715,595854,7791.7,496331,(B) Regional Rural Bank,08/08/2018
Indian Overseas Bank,1008744,30656,1039400,32546.57,616138,(B) Regional Rural Bank,08/08/2018
Jammu & Kashmir Bank Ltd,105107,18065,123172,5451.83,22000,(B) Regional Rural Bank,08/08/2018
Punjab & Sind Bank,20388,1419,21807,10.51,19643,(B) Regional Rural Bank,08/08/2018
Punjab National Bank,3129724,567090,3696814,130676.1,3194807,(B) Regional Rural Bank,08/08/2018
State Bank of India,11321812,2231112,13552924,323965.69,6407092,(B) Regional Rural Bank,08/08/2018
Syndicate Bank,2042942,552832,2595774,101215.86,2470628,(B) Regional Rural Bank,08/08/2018
UCO Bank,1647373,59374,1706747,36090.72,559347,(B) Regional Rural Bank,08/08/2018
Union Bank of India,1073808,367522,1441330,37436.48,759567,(B) Regional Rural Bank,08/08/2018
United Bank of India,8543887,106765,8650652,220110.18,6738518,(B) Regional Rural Bank,08/08/2018
Regional Rural Banks Sub Total,44071950,8129590,52201540,1418968.95,37008268,(B) Regional Rural Bank,08/08/2018
Axis Bank Ltd,129087,664568,793655,19751.96,705754,(C) Major Private Banks,08/08/2018
City Union Bank Ltd,9519,75788,85307,1500.28,85305,(C) Major Private Banks,08/08/2018
Federal Bank Ltd,402119,81155,483274,19805.55,424138,(C) Major Private Banks,08/08/2018
HDFC Bank Ltd,332039,1440472,1772511,84136.44,1771833,(C) Major Private Banks,08/08/2018
ICICI Bank Ltd,3490371,552445,4042816,21298.66,4042816,(C) Major Private Banks,08/08/2018
IndusInd Bank Ltd,41565,410922,452487,3109.31,426021,(C) Major Private Banks,08/08/2018
Jammu & Kashmir Bank Ltd,1362051,179400,1541451,60557.21,1209709,(C) Major Private Banks,08/08/2018
Karur Vysya Bank,26531,168529,195060,1755.95,191873,(C) Major Private Banks,08/08/2018
Kotak Mahindra Bank Ltd,106940,70719,177659,1980.23,130438,(C) Major Private Banks,08/08/2018
Lakshmi Vilas Bank Ltd,38792,100544,139336,1783.19,124981,(C) Major Private Banks,08/08/2018
RBL Bank Ltd,59787,35520,95307,217.28,93223,(C) Major Private Banks,08/08/2018
South Indian Bank Ltd,30622,180384,211006,4730.08,59893,(C) Major Private Banks,08/08/2018
Yes Bank Ltd,6764,5786,12550,240.63,12230,(C) Major Private Banks,08/08/2018
Major Private Banks Sub Total,6036187,3966232,10002419,220866.76,9278214,(C) Major Private Banks,08/08/2018
Public Sector Banks,140927273,120742537,261669810,6489724.23,197903528,Summary,08/15/2018
Regional Rural Banks,44278221,8156744,52434965,1412751.49,37043806,Summary,08/15/2018
Private Sector Banks,6038735,3967998,10006733,219978.9,9283965,Summary,08/15/2018
Grand Total,191244229,132867279,324111508,8122454.62,244231299,Summary,08/15/2018
Allahabad Bank,6681935,2314544,8996479,245410.09,6060549,(A) Public Sector Banks,08/15/2018
Andhra Bank,1539433,890361,2429794,34163.98,1812604,(A) Public Sector Banks,08/15/2018
Bank of Baroda,9927143,16438552,26365695,733252.36,24295590,(A) Public Sector Banks,08/15/2018
Bank of India,9605328,10485144,20090472,477866.54,18249094,(A) Public Sector Banks,08/15/2018
Bank of Maharashtra,4046019,1192216,5238235,118878.86,1106614,(A) Public Sector Banks,08/15/2018
Canara Bank,4741317,2146291,6887608,207466.3,4250290,(A) Public Sector Banks,08/15/2018
Central Bank of India,9748723,2222876,11971599,242027.86,10876665,(A) Public Sector Banks,08/15/2018
Corporation Bank,1370532,1349117,2719649,107468.52,2575434,(A) Public Sector Banks,08/15/2018
Dena Bank,3625820,941149,4566969,108766.83,2955045,(A) Public Sector Banks,08/15/2018
IDBI Bank Ltd.,464745,366161,830906,21664.21,676748,(A) Public Sector Banks,08/15/2018
Indian Bank,2255797,1119179,3374976,50603.33,3338806,(A) Public Sector Banks,08/15/2018
Indian Overseas Bank,990509,3449073,4439582,84448.89,4185683,(A) Public Sector Banks,08/15/2018
Oriental Bank of Commerce,2481249,1878419,4359668,444615.14,3836745,(A) Public Sector Banks,08/15/2018
Punjab & Sind Bank,658852,422130,1080982,56664.81,999127,(A) Public Sector Banks,08/15/2018
Punjab National Bank,15829435,2850490,18679925,370425.57,17852985,(A) Public Sector Banks,08/15/2018
State Bank of India,44403353,60672472,105075825,1853229.27,70325595,(A) Public Sector Banks,08/15/2018
Syndicate Bank,3114780,1395462,4510242,131661.43,3982014,(A) Public Sector Banks,08/15/2018
UCO Bank,3920197,3080163,7000360,184073.11,3852933,(A) Public Sector Banks,08/15/2018
Union Bank of India,7071665,1907150,8978815,194450.42,4835343,(A) Public Sector Banks,08/15/2018
United Bank of India,7623804,4983158,12606962,801051.65,10378306,(A) Public Sector Banks,08/15/2018
Vijaya Bank,826637,638430,1465067,21535.06,1457358,(A) Public Sector Banks,08/15/2018
Public Sector Banks Sub Total,140927273,120742537,261669810,6489724.23,197903528,(A) Public Sector Banks,08/15/2018
Allahabad Bank,946979,169314,1116293,30190.97,781002,(B) Regional Rural Bank,08/15/2018
Andhra Bank,167246,17464,184710,3051.69,101126,(B) Regional Rural Bank,08/15/2018
Bank of Baroda,5110230,1421034,6531264,189159.86,5148873,(B) Regional Rural Bank,08/15/2018
Bank of India,3173059,1045143,4218202,88822.55,3782331,(B) Regional Rural Bank,08/15/2018
Bank of Maharashtra,883350,139427,1022777,22114.1,798819,(B) Regional Rural Bank,08/15/2018
Canara Bank,651077,443906,1094983,54217.31,1066699,(B) Regional Rural Bank,08/15/2018
Central Bank of India,3438348,806599,4244947,121087.93,3784147,(B) Regional Rural Bank,08/15/2018
Dena Bank,417508,14121,431629,14588.13,293720,(B) Regional Rural Bank,08/15/2018
Indian Bank,445662,150719,596381,7583.66,496331,(B) Regional Rural Bank,08/15/2018
Indian Overseas Bank,1009375,30656,1040031,32461.57,616138,(B) Regional Rural Bank,08/15/2018
Jammu & Kashmir Bank Ltd,105883,18100,123983,5905.47,22009,(B) Regional Rural Bank,08/15/2018
Punjab & Sind Bank,20452,1419,21871,10.51,19646,(B) Regional Rural Bank,08/15/2018
Punjab National Bank,3135561,568359,3703920,131249.13,3197584,(B) Regional Rural Bank,08/15/2018
State Bank of India,11349219,2237596,13586815,323325.54,6406998,(B) Regional Rural Bank,08/15/2018
Syndicate Bank,2056733,554655,2611388,96665.2,2470628,(B) Regional Rural Bank,08/15/2018
UCO Bank,1659963,59913,1719876,36631.17,559347,(B) Regional Rural Bank,08/15/2018
Union Bank of India,1082951,371441,1454392,37348.67,759890,(B) Regional Rural Bank,08/15/2018
United Bank of India,8624625,106878,8731503,218338.03,6738518,(B) Regional Rural Bank,08/15/2018
Regional Rural Banks Sub Total,44278221,8156744,52434965,1412751.49,37043806,(B) Regional Rural Bank,08/15/2018
Axis Bank Ltd,129244,666162,795406,19528.75,706749,(C) Major Private Banks,08/15/2018
City Union Bank Ltd,9532,75828,85360,1496.41,84225,(C) Major Private Banks,08/15/2018
Federal Bank Ltd,402119,81155,483274,19805.55,424138,(C) Major Private Banks,08/15/2018
HDFC Bank Ltd,332057,1440500,1772557,83501.71,1771879,(C) Major Private Banks,08/15/2018
ICICI Bank Ltd,3491112,552445,4043557,21255.16,4043557,(C) Major Private Banks,08/15/2018
IndusInd Bank Ltd,41586,410921,452507,3178.2,426015,(C) Major Private Banks,08/15/2018
Jammu & Kashmir Bank Ltd,1363638,179428,1543066,60665.1,1214527,(C) Major Private Banks,08/15/2018
Karur Vysya Bank,26551,168486,195037,1701.83,192017,(C) Major Private Banks,08/15/2018
Kotak Mahindra Bank Ltd,106931,70706,177637,1962.65,130418,(C) Major Private Banks,08/15/2018
Lakshmi Vilas Bank Ltd,38794,100678,139472,1694.67,125103,(C) Major Private Banks,08/15/2018
RBL Bank Ltd,59787,35520,95307,217.35,93218,(C) Major Private Banks,08/15/2018
South Indian Bank Ltd,30622,180384,211006,4730.08,59893,(C) Major Private Banks,08/15/2018
Yes Bank Ltd,6762,5785,12547,241.45,12226,(C) Major Private Banks,08/15/2018
Major Private Banks Sub Total,6038735,3967998,10006733,219978.9,9283965,(C) Major Private Banks,08/15/2018
Public Sector Banks,141196046,120953553,262149599,6517196.29,198299931,Summary,08/22/2018
Regional Rural Banks,44442137,8182382,52624519,1415309.37,37077167,Summary,08/22/2018
Private Sector Banks,6039444,3969422,10008866,219806.62,9285577,Summary,08/22/2018
Grand Total,191677627,133105357,324782984,8152312.28,244662675,Summary,08/22/2018
Allahabad Bank,6728024,2355528,9083552,247634.73,6063430,(A) Public Sector Banks,08/22/2018
Andhra Bank,1540134,890367,2430501,33861.77,1812714,(A) Public Sector Banks,08/22/2018
Bank of Baroda,9984252,16537112,26521364,728710.5,24435095,(A) Public Sector Banks,08/22/2018
Bank of India,9635656,10519355,20155011,477605.75,18269560,(A) Public Sector Banks,08/22/2018
Bank of Maharashtra,4048609,1193335,5241944,118223.93,1110609,(A) Public Sector Banks,08/22/2018
Canara Bank,4746854,2148918,6895772,205963.36,4250668,(A) Public Sector Banks,08/22/2018
Central Bank of India,9791493,2229106,12020599,243252.09,11100373,(A) Public Sector Banks,08/22/2018
Corporation Bank,1370532,1349117,2719649,107468.52,2575434,(A) Public Sector Banks,08/22/2018
Dena Bank,3634298,942212,4576510,108799.78,2952797,(A) Public Sector Banks,08/22/2018
IDBI Bank Ltd.,465016,366163,831179,21463.1,676772,(A) Public Sector Banks,08/22/2018
Indian Bank,2255797,1119179,3374976,50603.33,3338806,(A) Public Sector Banks,08/22/2018
Indian Overseas Bank,990509,3449073,4439582,84448.89,4185683,(A) Public Sector Banks,08/22/2018
Oriental Bank of Commerce,2485659,1880497,4366156,442664.79,3840577,(A) Public Sector Banks,08/22/2018
Punjab & Sind Bank,658864,422130,1080994,56010.33,999130,(A) Public Sector Banks,08/22/2018
Punjab National Bank,15851920,2853355,18705275,373046.45,17850271,(A) Public Sector Banks,08/22/2018
State Bank of India,44403353,60672472,105075825,1884807.31,70325595,(A) Public Sector Banks,08/22/2018
Syndicate Bank,3119255,1395831,4515086,131072.11,3984468,(A) Public Sector Banks,08/22/2018
UCO Bank,3936832,3090645,7027477,183361.22,3857861,(A) Public Sector Banks,08/22/2018
Union Bank of India,7086948,1909997,8996945,195388.06,4834424,(A) Public Sector Banks,08/22/2018
United Bank of India,7634839,4990322,12625161,801201.7,10378306,(A) Public Sector Banks,08/22/2018
Vijaya Bank,827202,638839,1466041,21608.59,1457358,(A) Public Sector Banks,08/22/2018
Public Sector Banks Sub Total,141196046,120953553,262149599,6517196.29,198299931,(A) Public Sector Banks,08/22/2018
Allahabad Bank,948776,169314,1118090,30358.13,781002,(B) Regional Rural Bank,08/22/2018
Andhra Bank,167277,17464,184741,3015.3,101128,(B) Regional Rural Bank,08/22/2018
Bank of Baroda,5151293,1430326,6581619,188464.46,5179966,(B) Regional Rural Bank,08/22/2018
Bank of India,3183731,1049583,4233314,88606.88,3782331,(B) Regional Rural Bank,08/22/2018
Bank of Maharashtra,903214,139703,1042917,22739.68,798823,(B) Regional Rural Bank,08/22/2018
Canara Bank,652429,444506,1096935,54223.65,1068639,(B) Regional Rural Bank,08/22/2018
Central Bank of India,3438521,807002,4245523,123930.78,3783848,(B) Regional Rural Bank,08/22/2018
Dena Bank,417667,14117,431784,14604.19,293811,(B) Regional Rural Bank,08/22/2018
Indian Bank,445662,150719,596381,7583.66,496331,(B) Regional Rural Bank,08/22/2018
Indian Overseas Bank,1009375,30656,1040031,32461.57,616138,(B) Regional Rural Bank,08/22/2018
Jammu & Kashmir Bank Ltd,105883,18100,123983,5905.47,22009,(B) Regional Rural Bank,08/22/2018
Punjab & Sind Bank,20242,1426,21668,10.59,19674,(B) Regional Rural Bank,08/22/2018
Punjab National Bank,3140647,569415,3710062,133366.07,3197912,(B) Regional Rural Bank,08/22/2018
State Bank of India,11379144,2241804,13620948,322474.68,6406843,(B) Regional Rural Bank,08/22/2018
Syndicate Bank,2065514,555029,2620543,96270.84,2470628,(B) Regional Rural Bank,08/22/2018
UCO Bank,1661668,60005,1721673,36689.13,559347,(B) Regional Rural Bank,08/22/2018
Union Bank of India,1094293,376301,1470594,37450.68,760219,(B) Regional Rural Bank,08/22/2018
United Bank of India,8656801,106912,8763713,217153.6,6738518,(B) Regional Rural Bank,08/22/2018
Regional Rural Banks Sub Total,44442137,8182382,52624519,1415309.37,37077167,(B) Regional Rural Bank,08/22/2018
Axis Bank Ltd,129336,667491,796827,19005.08,707631,(C) Major Private Banks,08/22/2018
City Union Bank Ltd,9544,75565,85109,1466.27,84225,(C) Major Private Banks,08/22/2018
Federal Bank Ltd,402645,81227,483872,20922.15,424649,(C) Major Private Banks,08/22/2018
HDFC Bank Ltd,332067,1440509,1772576,83095.21,1771898,(C) Major Private Banks,08/22/2018
ICICI Bank Ltd,3491112,552445,4043557,21255.16,4043557,(C) Major Private Banks,08/22/2018
IndusInd Bank Ltd,41608,410935,452543,2962.01,426013,(C) Major Private Banks,08/22/2018
Jammu & Kashmir Bank Ltd,1363638,179428,1543066,60665.1,1214527,(C) Major Private Banks,08/22/2018
Karur Vysya Bank,26590,168650,195240,1617.48,192208,(C) Major Private Banks,08/22/2018
Kotak Mahindra Bank Ltd,106904,70686,177590,1995.67,130371,(C) Major Private Banks,08/22/2018
Lakshmi Vilas Bank Ltd,38826,100801,139627,1634.78,125172,(C) Major Private Banks,08/22/2018
RBL Bank Ltd,59787,35520,95307,217.65,93215,(C) Major Private Banks,08/22/2018
South Indian Bank Ltd,30622,180384,211006,4730.08,59893,(C) Major Private Banks,08/22/2018
Yes Bank Ltd,6765,5781,12546,239.98,12218,(C) Major Private Banks,08/22/2018
Major Private Banks Sub Total,6039444,3969422,10008866,219806.62,9285577,(C) Major Private Banks,08/22/2018
Public Sector Banks,141444500,121163051,262607551,6536903.72,198646175,Summary,08/29/2018
Regional Rural Banks,44581292,8209760,52791052,1447619.95,37116918,Summary,08/29/2018
Private Sector Banks,6044861,3970610,10015471,219411.6,9293158,Summary,08/29/2018
Grand Total,192070653,133343421,325414074,8203935.27,245056251,Summary,08/29/2018
Allahabad Bank,6782759,2403960,9186719,250144.62,6066228,(A) Public Sector Banks,08/29/2018
Andhra Bank,1540934,890450,2431384,34028.21,1812837,(A) Public Sector Banks,08/29/2018
Bank of Baroda,10043851,16635261,26679112,730411.43,24580257,(A) Public Sector Banks,08/29/2018
Bank of India,9670572,10556868,20227440,478040.34,18288897,(A) Public Sector Banks,08/29/2018
Bank of Maharashtra,4056228,1194547,5250775,117746.82,1114478,(A) Public Sector Banks,08/29/2018
Canara Bank,4751931,2151284,6903215,206597.77,4250893,(A) Public Sector Banks,08/29/2018
Central Bank of India,9827495,2234235,12061730,243834.79,11272936,(A) Public Sector Banks,08/29/2018
Corporation Bank,1370205,1351923,2722128,107819.04,2575323,(A) Public Sector Banks,08/29/2018
Dena Bank,3642532,943105,4585637,109461.94,2951598,(A) Public Sector Banks,08/29/2018
IDBI Bank Ltd.,465376,366163,831539,21497.43,676830,(A) Public Sector Banks,08/29/2018
Indian Bank,2255797,1119179,3374976,50603.33,3338806,(A) Public Sector Banks,08/29/2018
Indian Overseas Bank,990509,3449073,4439582,84448.89,4185683,(A) Public Sector Banks,08/29/2018
Oriental Bank of Commerce,2491583,1883516,4375099,440827.47,3843200,(A) Public Sector Banks,08/29/2018
Punjab & Sind Bank,659358,422124,1081482,55209.38,999130,(A) Public Sector Banks,08/29/2018
Punjab National Bank,15871664,2853576,18725240,374229.88,17845082,(A) Public Sector Banks,08/29/2018
State Bank of India,44403353,60672472,105075825,1897176.02,70325595,(A) Public Sector Banks,08/29/2018
Syndicate Bank,3123128,1397676,4520804,132363.64,3986268,(A) Public Sector Banks,08/29/2018
UCO Bank,3948250,3098488,7046738,184147.93,3862046,(A) Public Sector Banks,08/29/2018
Union Bank of India,7086948,1909997,8996945,195388.06,4834424,(A) Public Sector Banks,08/29/2018
United Bank of India,7634839,4990322,12625161,801201.7,10378306,(A) Public Sector Banks,08/29/2018
Vijaya Bank,827188,638832,1466020,21725.03,1457358,(A) Public Sector Banks,08/29/2018
Public Sector Banks Sub Total,141444500,121163051,262607551,6536903.72,198646175,(A) Public Sector Banks,08/29/2018
Allahabad Bank,952445,169314,1121759,30758.68,781002,(B) Regional Rural Bank,08/29/2018
Andhra Bank,167340,17466,184806,2981.98,101142,(B) Regional Rural Bank,08/29/2018
Bank of Baroda,5203232,1442151,6645383,188948.91,5218355,(B) Regional Rural Bank,08/29/2018
Bank of India,3186782,1052144,4238926,88671.8,3782331,(B) Regional Rural Bank,08/29/2018
Bank of Maharashtra,922986,140177,1063163,23848.37,798828,(B) Regional Rural Bank,08/29/2018
Canara Bank,652723,444553,1097276,54215.36,1068679,(B) Regional Rural Bank,08/29/2018
Central Bank of India,3438984,807616,4246600,124055.56,3783567,(B) Regional Rural Bank,08/29/2018
Dena Bank,417884,14127,432011,14624.12,293919,(B) Regional Rural Bank,08/29/2018
Indian Bank,445662,150719,596381,7583.66,496331,(B) Regional Rural Bank,08/29/2018
Indian Overseas Bank,1009375,30656,1040031,32461.57,616138,(B) Regional Rural Bank,08/29/2018
Jammu & Kashmir Bank Ltd,106147,18124,124271,5567.64,22092,(B) Regional Rural Bank,08/29/2018
Punjab & Sind Bank,20239,1423,21662,10.59,19674,(B) Regional Rural Bank,08/29/2018
Punjab National Bank,3145748,570293,3716041,134214.47,3198511,(B) Regional Rural Bank,08/29/2018
State Bank of India,11402518,2247671,13650189,348189.38,6407424,(B) Regional Rural Bank,08/29/2018
Syndicate Bank,2069855,555348,2625203,96255.61,2470628,(B) Regional Rural Bank,08/29/2018
UCO Bank,1674684,60558,1735242,38136.93,559347,(B) Regional Rural Bank,08/29/2018
Union Bank of India,1103678,380497,1484175,37404.43,760432,(B) Regional Rural Bank,08/29/2018
United Bank of India,8661010,106923,8767933,219690.86,6738518,(B) Regional Rural Bank,08/29/2018
Regional Rural Banks Sub Total,44581292,8209760,52791052,1447619.95,37116918,(B) Regional Rural Bank,08/29/2018
Axis Bank Ltd,129439,668510,797949,19159.93,708495,(C) Major Private Banks,08/29/2018
City Union Bank Ltd,9544,75565,85109,1466.27,84225,(C) Major Private Banks,08/29/2018
Federal Bank Ltd,402737,81247,483984,20580.27,424882,(C) Major Private Banks,08/29/2018
HDFC Bank Ltd,332074,1440515,1772589,82187.95,1771911,(C) Major Private Banks,08/29/2018
ICICI Bank Ltd,3495637,552445,4048082,21591.77,4048082,(C) Major Private Banks,08/29/2018
IndusInd Bank Ltd,41653,410915,452568,2977.38,426014,(C) Major Private Banks,08/29/2018
Jammu & Kashmir Bank Ltd,1364275,179475,1543750,60992.77,1216723,(C) Major Private Banks,08/29/2018
Karur Vysya Bank,26590,168650,195240,1617.48,192208,(C) Major Private Banks,08/29/2018
Kotak Mahindra Bank Ltd,106904,70690,177594,2013.08,130021,(C) Major Private Banks,08/29/2018
Lakshmi Vilas Bank Ltd,38835,100918,139753,1644.85,125278,(C) Major Private Banks,08/29/2018
RBL Bank Ltd,59787,35520,95307,217.89,93212,(C) Major Private Banks,08/29/2018
South Indian Bank Ltd,30622,180384,211006,4730.08,59893,(C) Major Private Banks,08/29/2018
Yes Bank Ltd,6764,5776,12540,231.88,12214,(C) Major Private Banks,08/29/2018
Major Private Banks Sub Total,6044861,3970610,10015471,219411.6,9293158,(C) Major Private Banks,08/29/2018
Public Sector Banks,141773617,121369974,263143591,6565742.28,199135473,Summary,09/05/2018
Regional Rural Banks,44731134,8236578,52967712,1462272.67,37143462,Summary,09/05/2018
Private Sector Banks,6047978,3972689,10020667,221083.24,9297348,Summary,09/05/2018
Grand Total,192552729,133579241,326131970,8249098.19,245576283,Summary,09/05/2018
Allahabad Bank,6812973,2430778,9243751,254113.59,6068620,(A) Public Sector Banks,09/05/2018
Andhra Bank,1540965,891298,2432263,35041.5,1812931,(A) Public Sector Banks,09/05/2018
Bank of Baroda,10102341,16739856,26842197,733885.12,24733660,(A) Public Sector Banks,09/05/2018
Bank of India,9701430,10589991,20291421,479892.35,18304235,(A) Public Sector Banks,09/05/2018
Bank of Maharashtra,4065436,1195843,5261279,118493.13,1118400,(A) Public Sector Banks,09/05/2018
Canara Bank,4757551,2153728,6911279,210316.98,4251146,(A) Public Sector Banks,09/05/2018
Central Bank of India,9874264,2240572,12114836,247742.26,11315222,(A) Public Sector Banks,09/05/2018
Corporation Bank,1370037,1352671,2722708,107786.03,2575323,(A) Public Sector Banks,09/05/2018
Dena Bank,3654236,944646,4598882,111433.83,3225827,(A) Public Sector Banks,09/05/2018
IDBI Bank Ltd.,465602,366131,831733,21604.92,676832,(A) Public Sector Banks,09/05/2018
Indian Bank,2258300,1120096,3378396,50125.12,3342081,(A) Public Sector Banks,09/05/2018
Indian Overseas Bank,990509,3449073,4439582,84448.89,4185683,(A) Public Sector Banks,09/05/2018
Oriental Bank of Commerce,2497987,1887435,4385422,443425.56,3846429,(A) Public Sector Banks,09/05/2018
Punjab & Sind Bank,659358,422124,1081482,55209.38,999130,(A) Public Sector Banks,09/05/2018
Punjab National Bank,15889587,2855808,18745395,376741.27,17842035,(A) Public Sector Banks,09/05/2018
State Bank of India,44403353,60672472,105075825,1897176.02,70325595,(A) Public Sector Banks,09/05/2018
Syndicate Bank,3129281,1399558,4528839,134257.58,3986011,(A) Public Sector Banks,09/05/2018
UCO Bank,3948250,3098488,7046738,184147.93,3862046,(A) Public Sector Banks,09/05/2018
Union Bank of India,7187140,1928262,9115402,196473.87,4828603,(A) Public Sector Banks,09/05/2018
United Bank of India,7637829,4992312,12630141,801701.9,10378306,(A) Public Sector Banks,09/05/2018
Vijaya Bank,827188,638832,1466020,21725.03,1457358,(A) Public Sector Banks,09/05/2018
Public Sector Banks Sub Total,141773617,121369974,263143591,6565742.28,199135473,(A) Public Sector Banks,09/05/2018
Allahabad Bank,957016,169314,1126330,30489.62,781002,(B) Regional Rural Bank,09/05/2018
Andhra Bank,167380,17463,184843,3102.42,101226,(B) Regional Rural Bank,09/05/2018
Bank of Baroda,5240056,1453333,6693389,190549.61,5242872,(B) Regional Rural Bank,09/05/2018
Bank of India,3191612,1055757,4247369,89264.33,3782331,(B) Regional Rural Bank,09/05/2018
Bank of Maharashtra,944253,140277,1084530,25444.26,798833,(B) Regional Rural Bank,09/05/2018
Canara Bank,653593,445163,1098756,55537.94,1070401,(B) Regional Rural Bank,09/05/2018
Central Bank of India,3439476,808268,4247744,124389.87,3783234,(B) Regional Rural Bank,09/05/2018
Dena Bank,418103,14134,432237,14818.25,294060,(B) Regional Rural Bank,09/05/2018
Indian Bank,449456,151609,601065,8629.7,496331,(B) Regional Rural Bank,09/05/2018
Indian Overseas Bank,1009375,30656,1040031,32461.57,616138,(B) Regional Rural Bank,09/05/2018
Jammu & Kashmir Bank Ltd,106283,18142,124425,5547.74,22096,(B) Regional Rural Bank,09/05/2018
Punjab & Sind Bank,20239,1423,21662,10.59,19674,(B) Regional Rural Bank,09/05/2018
Punjab National Bank,3149082,571425,3720507,133979.27,3197954,(B) Regional Rural Bank,09/05/2018
State Bank of India,11441530,2251627,13693157,355234.72,6407970,(B) Regional Rural Bank,09/05/2018
Syndicate Bank,2070822,555546,2626368,98116.35,2470628,(B) Regional Rural Bank,09/05/2018
UCO Bank,1674684,60558,1735242,38136.93,559347,(B) Regional Rural Bank,09/05/2018
Union Bank of India,1114221,384838,1499059,37593.57,760847,(B) Regional Rural Bank,09/05/2018
United Bank of India,8683953,107045,8790998,218965.92,6738518,(B) Regional Rural Bank,09/05/2018
Regional Rural Banks Sub Total,44731134,8236578,52967712,1462272.67,37143462,(B) Regional Rural Bank,09/05/2018
Axis Bank Ltd,129591,669997,799588,19106.11,709665,(C) Major Private Banks,09/05/2018
City Union Bank Ltd,9544,75565,85109,1466.27,84225,(C) Major Private Banks,09/05/2018
Federal Bank Ltd,403609,81332,484941,20446.57,425507,(C) Major Private Banks,09/05/2018
HDFC Bank Ltd,332090,1440534,1772624,84072.69,1771946,(C) Major Private Banks,09/05/2018
ICICI Bank Ltd,3496718,552445,4049163,21457.18,4049163,(C) Major Private Banks,09/05/2018
IndusInd Bank Ltd,41728,410912,452640,3110.01,426096,(C) Major Private Banks,09/05/2018
Jammu & Kashmir Bank Ltd,1365113,179518,1544631,60857.1,1217399,(C) Major Private Banks,09/05/2018
Karur Vysya Bank,26652,168907,195559,1692.71,192554,(C) Major Private Banks,09/05/2018
Kotak Mahindra Bank Ltd,106904,70690,177594,2012.51,130021,(C) Major Private Banks,09/05/2018
Lakshmi Vilas Bank Ltd,38857,101105,139962,1679.77,125486,(C) Major Private Banks,09/05/2018
RBL Bank Ltd,59787,35520,95307,221.15,93180,(C) Major Private Banks,09/05/2018
South Indian Bank Ltd,30622,180384,211006,4730.08,59893,(C) Major Private Banks,09/05/2018
Yes Bank Ltd,6763,5780,12543,231.07,12213,(C) Major Private Banks,09/05/2018
Major Private Banks Sub Total,6047978,3972689,10020667,221083.24,9297348,(C) Major Private Banks,09/05/2018
Public Sector Banks,142009599,121612557,263622156,6526974.5,199381469,Summary,09/12/2018
Regional Rural Banks,44914766,8228437,53143203,1453772.74,37034034,Summary,09/12/2018
Private Sector Banks,6052309,3974380,10026689,219886.22,9303167,Summary,09/12/2018
Grand Total,192976674,133815374,326792048,8200633.46,245718670,Summary,09/12/2018
Allahabad Bank,6855118,2468570,9323688,255157.33,6073326,(A) Public Sector Banks,09/12/2018
Andhra Bank,1541562,891256,2432818,34952.35,1812935,(A) Public Sector Banks,09/12/2018
Bank of Baroda,10162796,16854405,27017201,745450.43,24888354,(A) Public Sector Banks,09/12/2018
Bank of India,9731066,10620337,20351403,484652.14,18324631,(A) Public Sector Banks,09/12/2018
Bank of Maharashtra,4075454,1197685,5273139,119119.64,1124067,(A) Public Sector Banks,09/12/2018
Canara Bank,4760930,2154929,6915859,214556.87,4250931,(A) Public Sector Banks,09/12/2018
Central Bank of India,9893656,2243750,12137406,248018.85,11330825,(A) Public Sector Banks,09/12/2018
Corporation Bank,1369896,1353228,2723124,108874.63,2575323,(A) Public Sector Banks,09/12/2018
Dena Bank,3635345,945981,4581326,110796.19,3237714,(A) Public Sector Banks,09/12/2018
IDBI Bank Ltd.,465815,366106,831921,21810.27,676826,(A) Public Sector Banks,09/12/2018
Indian Bank,2258827,1120148,3378975,50125.12,3342660,(A) Public Sector Banks,09/12/2018
Indian Overseas Bank,993054,3465539,4458593,85326.38,4205086,(A) Public Sector Banks,09/12/2018
Oriental Bank of Commerce,2505117,1890964,4396081,340845,3851431,(A) Public Sector Banks,09/12/2018
Punjab & Sind Bank,659492,422124,1081616,58245.89,999145,(A) Public Sector Banks,09/12/2018
Punjab National Bank,15904917,2858588,18763505,381710.39,17838581,(A) Public Sector Banks,09/12/2018
State Bank of India,44403353,60672472,105075825,1924167.76,70325595,(A) Public Sector Banks,09/12/2018
Syndicate Bank,3134845,1400407,4535252,134927.57,3994112,(A) Public Sector Banks,09/12/2018
UCO Bank,3972892,3118246,7091138,186696.33,3867596,(A) Public Sector Banks,09/12/2018
Union Bank of India,7217824,1935055,9152879,197377.18,4826667,(A) Public Sector Banks,09/12/2018
United Bank of India,7640568,4994029,12634597,802187.51,10378306,(A) Public Sector Banks,09/12/2018
Vijaya Bank,827072,638738,1465810,21976.67,1457358,(A) Public Sector Banks,09/12/2018
Public Sector Banks Sub Total,142009599,121612557,263622156,6526974.5,199381469,(A) Public Sector Banks,09/12/2018
Allahabad Bank,962435,169314,1131749,30372.37,781002,(B) Regional Rural Bank,09/12/2018
Andhra Bank,167422,17461,184883,3077.87,101920,(B) Regional Rural Bank,09/12/2018
Bank of Baroda,5285984,1468945,6754929,193077.47,5271183,(B) Regional Rural Bank,09/12/2018
Bank of India,3207713,1058522,4266235,89195.91,3782331,(B) Regional Rural Bank,09/12/2018
Bank of Maharashtra,964400,140277,1104677,26319.05,798838,(B) Regional Rural Bank,09/12/2018
Canara Bank,654042,445445,1099487,55542.32,1071099,(B) Regional Rural Bank,09/12/2018
Central Bank of India,3440362,809170,4249532,123599.55,3782800,(B) Regional Rural Bank,09/12/2018
Dena Bank,419568,14133,433701,14860.28,294169,(B) Regional Rural Bank,09/12/2018
Indian Bank,449456,151609,601065,8629.7,496331,(B) Regional Rural Bank,09/12/2018
Indian Overseas Bank,1014447,30654,1045101,32414.18,616138,(B) Regional Rural Bank,09/12/2018
Jammu & Kashmir Bank Ltd,107890,28098,135988,5918.1,22107,(B) Regional Rural Bank,09/12/2018
Punjab & Sind Bank,20234,1424,21658,10.59,19678,(B) Regional Rural Bank,09/12/2018
Punjab National Bank,3152922,572083,3725005,133597.02,3198871,(B) Regional Rural Bank,09/12/2018
State Bank of India,11472482,2259956,13732438,352564.28,6408352,(B) Regional Rural Bank,09/12/2018
Syndicate Bank,2071240,555769,2627009,98190.47,2470628,(B) Regional Rural Bank,09/12/2018
UCO Bank,1686753,61079,1747832,38045.18,559347,(B) Regional Rural Bank,09/12/2018
Union Bank of India,1119847,337427,1457274,29613.77,620722,(B) Regional Rural Bank,09/12/2018
United Bank of India,8717569,107071,8824640,218744.64,6738518,(B) Regional Rural Bank,09/12/2018
Regional Rural Banks Sub Total,44914766,8228437,53143203,1453772.74,37034034,(B) Regional Rural Bank,09/12/2018
Axis Bank Ltd,129726,670965,800691,19719.79,710460,(C) Major Private Banks,09/12/2018
City Union Bank Ltd,9561,75861,85422,1506.35,84292,(C) Major Private Banks,09/12/2018
Federal Bank Ltd,404409,81403,485812,20570.96,426241,(C) Major Private Banks,09/12/2018
HDFC Bank Ltd,332111,1440548,1772659,81681.45,1771981,(C) Major Private Banks,09/12/2018
ICICI Bank Ltd,3499383,552445,4051828,21361.96,4051828,(C) Major Private Banks,09/12/2018
IndusInd Bank Ltd,41745,410910,452655,3061.35,426071,(C) Major Private Banks,09/12/2018
Jammu & Kashmir Bank Ltd,1365747,179576,1545323,61328.72,1218365,(C) Major Private Banks,09/12/2018
Karur Vysya Bank,26673,169065,195738,1706.19,192663,(C) Major Private Banks,09/12/2018
Kotak Mahindra Bank Ltd,106904,70690,177594,1981.31,130370,(C) Major Private Banks,09/12/2018
Lakshmi Vilas Bank Ltd,38881,101234,140115,1777.42,125618,(C) Major Private Banks,09/12/2018
RBL Bank Ltd,59787,35520,95307,221.56,93178,(C) Major Private Banks,09/12/2018
South Indian Bank Ltd,30622,180384,211006,4730.08,59893,(C) Major Private Banks,09/12/2018
Yes Bank Ltd,6760,5779,12539,239.09,12207,(C) Major Private Banks,09/12/2018
Major Private Banks Sub Total,6052309,3974380,10026689,219886.22,9303167,(C) Major Private Banks,09/12/2018
Public Sector Banks,142348903,121800321,264149224,6567002.78,199661213,Summary,09/19/2018
Regional Rural Banks,45014492,8286363,53300855,1704307.38,37223407,Summary,09/19/2018
Private Sector Banks,6053299,3975941,10029240,219511.29,9305212,Summary,09/19/2018
Grand Total,193416694,134062625,327479319,8490821.45,246189832,Summary,09/19/2018
Allahabad Bank,6907454,2514987,9422441,259611.72,6073326,(A) Public Sector Banks,09/19/2018
Andhra Bank,1542254,891380,2433634,34618.26,1812585,(A) Public Sector Banks,09/19/2018
Bank of Baroda,10199872,16927543,27127415,749178.39,24987108,(A) Public Sector Banks,09/19/2018
Bank of India,9762706,10653909,20416615,484204.1,18504047,(A) Public Sector Banks,09/19/2018
Bank of Maharashtra,4171534,1202433,5373967,118903.58,1126973,(A) Public Sector Banks,09/19/2018
Canara Bank,4765344,2156289,6921633,213434.85,4250198,(A) Public Sector Banks,09/19/2018
Central Bank of India,9957499,2251163,12208662,249440.7,11338216,(A) Public Sector Banks,09/19/2018
Corporation Bank,1369799,1353605,2723404,108357.82,2575323,(A) Public Sector Banks,09/19/2018
Dena Bank,3635345,945981,4581326,110796.19,3237714,(A) Public Sector Banks,09/19/2018
IDBI Bank Ltd.,465924,366088,832012,21824.51,676817,(A) Public Sector Banks,09/19/2018
Indian Bank,2262333,1120148,3382481,50125.12,3345439,(A) Public Sector Banks,09/19/2018
Indian Overseas Bank,993054,3465539,4458593,85326.38,4205086,(A) Public Sector Banks,09/19/2018
Oriental Bank of Commerce,2510268,1893521,4403789,340714.16,3854883,(A) Public Sector Banks,09/19/2018
Punjab & Sind Bank,659844,422124,1081968,62045.53,999226,(A) Public Sector Banks,09/19/2018
Punjab National Bank,15921948,2861445,18783393,383512.34,17833396,(A) Public Sector Banks,09/19/2018
State Bank of India,44403353,60672472,105075825,1949509.77,70325595,(A) Public Sector Banks,09/19/2018
Syndicate Bank,3141967,1401971,4543938,134831.02,3994918,(A) Public Sector Banks,09/19/2018
UCO Bank,3987783,3128602,7116385,187314.31,3857142,(A) Public Sector Banks,09/19/2018
Union Bank of India,7217824,1935055,9152879,197377.18,4826667,(A) Public Sector Banks,09/19/2018
United Bank of India,7645992,4997511,12643503,803988.62,10379196,(A) Public Sector Banks,09/19/2018
Vijaya Bank,826806,638555,1465361,21888.23,1457358,(A) Public Sector Banks,09/19/2018
Public Sector Banks Sub Total,142348903,121800321,264149224,6567002.78,199661213,(A) Public Sector Banks,09/19/2018
Allahabad Bank,967716,169314,1137030,30342.97,781002,(B) Regional Rural Bank,09/19/2018
Andhra Bank,167465,17458,184923,3025.17,101160,(B) Regional Rural Bank,09/19/2018
Bank of Baroda,5308966,1476537,6785503,195897.41,5285051,(B) Regional Rural Bank,09/19/2018
Bank of India,3207860,1058560,4266420,89210.77,3782331,(B) Regional Rural Bank,09/19/2018
Bank of Maharashtra,985724,140318,1126042,27679.42,798842,(B) Regional Rural Bank,09/19/2018
Canara Bank,654643,445503,1100146,55488.4,1071706,(B) Regional Rural Bank,09/19/2018
Central Bank of India,3442615,810460,4253075,122761.28,3782305,(B) Regional Rural Bank,09/19/2018
Dena Bank,420744,14189,434933,14880.28,294288,(B) Regional Rural Bank,09/19/2018
Indian Bank,450143,151622,601765,7828.28,496331,(B) Regional Rural Bank,09/19/2018
Indian Overseas Bank,1014447,30654,1045101,32414.18,616138,(B) Regional Rural Bank,09/19/2018
Jammu & Kashmir Bank Ltd,108160,18202,126362,5939.93,22120,(B) Regional Rural Bank,09/19/2018
Punjab & Sind Bank,20158,1424,21582,10.59,19655,(B) Regional Rural Bank,09/19/2018
Punjab National Bank,3157138,573147,3730285,134248.31,3199797,(B) Regional Rural Bank,09/19/2018
State Bank of India,11503359,2265424,13768783,591796.69,6408647,(B) Regional Rural Bank,09/19/2018
Syndicate Bank,2072641,556353,2628994,97846.04,2504218,(B) Regional Rural Bank,09/19/2018
UCO Bank,1689910,61113,1751023,38146.26,559347,(B) Regional Rural Bank,09/19/2018
Union Bank of India,1123988,389024,1513012,38323.14,761673,(B) Regional Rural Bank,09/19/2018
United Bank of India,8718815,107061,8825876,218468.26,6738796,(B) Regional Rural Bank,09/19/2018
Regional Rural Banks Sub Total,45014492,8286363,53300855,1704307.38,37223407,(B) Regional Rural Bank,09/19/2018
Axis Bank Ltd,129934,672159,802093,19376.79,711394,(C) Major Private Banks,09/19/2018
City Union Bank Ltd,9566,75878,85444,1496.35,84349,(C) Major Private Banks,09/19/2018
Federal Bank Ltd,404409,81403,485812,20570.96,426241,(C) Major Private Banks,09/19/2018
HDFC Bank Ltd,332130,1440560,1772690,80989.92,1772012,(C) Major Private Banks,09/19/2018
ICICI Bank Ltd,3499470,552445,4051915,21830.27,4051915,(C) Major Private Banks,09/19/2018
IndusInd Bank Ltd,41773,410935,452708,3456.98,426080,(C) Major Private Banks,09/19/2018
Jammu & Kashmir Bank Ltd,1366353,179662,1546015,61262.92,1219091,(C) Major Private Banks,09/19/2018
Karur Vysya Bank,26734,169196,195930,1660.66,192843,(C) Major Private Banks,09/19/2018
Kotak Mahindra Bank Ltd,106861,70631,177492,1967.17,130269,(C) Major Private Banks,09/19/2018
Lakshmi Vilas Bank Ltd,38901,101387,140288,1713.97,125740,(C) Major Private Banks,09/19/2018
RBL Bank Ltd,59787,35520,95307,224.39,93176,(C) Major Private Banks,09/19/2018
South Indian Bank Ltd,30622,180384,211006,4730.08,59893,(C) Major Private Banks,09/19/2018
Yes Bank Ltd,6759,5781,12540,230.83,12209,(C) Major Private Banks,09/19/2018
Major Private Banks Sub Total,6053299,3975941,10029240,219511.29,9305212,(C) Major Private Banks,09/19/2018
Public Sector Banks,142508707,121972357,264481064,6575593.13,199990486,Summary,09/26/2018
Regional Rural Banks,45157256,8306461,53463717,1710808.23,37240610,Summary,09/26/2018
Private Sector Banks,6058374,3977340,10035714,218999.1,9311031,Summary,09/26/2018
Grand Total,193724337,134256158,327980495,8505400.46,246542127,Summary,09/26/2018
Allahabad Bank,6941514,2545073,9486587,261424.46,6074875,(A) Public Sector Banks,09/26/2018
Andhra Bank,1542657,892013,2434670,34980.79,1812482,(A) Public Sector Banks,09/26/2018
Bank of Baroda,10243727,17015954,27259681,749378.17,25112051,(A) Public Sector Banks,09/26/2018
Bank of India,9784141,10680194,20464335,485089.5,18614657,(A) Public Sector Banks,09/26/2018
Bank of Maharashtra,4091018,1198950,5289968,118642.91,1129021,(A) Public Sector Banks,09/26/2018
Canara Bank,4768400,2155699,6924099,212368.5,4248424,(A) Public Sector Banks,09/26/2018
Central Bank of India,10002041,2257561,12259602,250600.29,11408659,(A) Public Sector Banks,09/26/2018
Corporation Bank,1369799,1353605,2723404,108357.82,2575323,(A) Public Sector Banks,09/26/2018
Dena Bank,3679043,947748,4626791,112285.32,3250129,(A) Public Sector Banks,09/26/2018
IDBI Bank Ltd.,466093,366121,832214,22002.2,676823,(A) Public Sector Banks,09/26/2018
Indian Bank,2262333,1120148,3382481,50125.12,3345439,(A) Public Sector Banks,09/26/2018
Indian Overseas Bank,993054,3465539,4458593,85326.38,4205086,(A) Public Sector Banks,09/26/2018
Oriental Bank of Commerce,2515830,1896653,4412483,341520.4,3858459,(A) Public Sector Banks,09/26/2018
Punjab & Sind Bank,659844,422124,1081968,62045.53,999226,(A) Public Sector Banks,09/26/2018
Punjab National Bank,15935445,2863507,18798952,383606.89,17830318,(A) Public Sector Banks,09/26/2018
State Bank of India,44403353,60672472,105075825,1951958.91,70325595,(A) Public Sector Banks,09/26/2018
Syndicate Bank,3148833,1403606,4552439,134814.16,3997456,(A) Public Sector Banks,09/26/2018
UCO Bank,4003078,3139146,7142224,187223.88,3862233,(A) Public Sector Banks,09/26/2018
Union Bank of India,7217824,1935055,9152879,197377.18,4826667,(A) Public Sector Banks,09/26/2018
United Bank of India,7653921,5002655,12656576,804578.7,10380205,(A) Public Sector Banks,09/26/2018
Vijaya Bank,826759,638534,1465293,21886.04,1457358,(A) Public Sector Banks,09/26/2018
Public Sector Banks Sub Total,142508707,121972357,264481064,6575593.13,199990486,(A) Public Sector Banks,09/26/2018
Allahabad Bank,971028,169314,1140342,30191.76,781002,(B) Regional Rural Bank,09/26/2018
Andhra Bank,167498,17457,184955,3040.19,101170,(B) Regional Rural Bank,09/26/2018
Bank of Baroda,5332535,1484551,6817086,196692.69,5300493,(B) Regional Rural Bank,09/26/2018
Bank of India,3218994,1063372,4282366,89915.95,3782331,(B) Regional Rural Bank,09/26/2018
Bank of Maharashtra,1008038,140318,1148356,28657.07,798847,(B) Regional Rural Bank,09/26/2018
Canara Bank,654871,445684,1100555,55269.42,1072097,(B) Regional Rural Bank,09/26/2018
Central Bank of India,3443615,811229,4254844,123233.12,3782078,(B) Regional Rural Bank,09/26/2018
Dena Bank,421356,14315,435671,14895.29,294405,(B) Regional Rural Bank,09/26/2018
Indian Bank,450143,151622,601765,7828.28,496331,(B) Regional Rural Bank,09/26/2018
Indian Overseas Bank,1014447,30654,1045101,32414.18,616138,(B) Regional Rural Bank,09/26/2018
Jammu & Kashmir Bank Ltd,108295,18226,126521,6064.02,22126,(B) Regional Rural Bank,09/26/2018
Punjab & Sind Bank,20158,1424,21582,10.59,19655,(B) Regional Rural Bank,09/26/2018
Punjab National Bank,3160450,573593,3734043,135297.29,3200939,(B) Regional Rural Bank,09/26/2018
State Bank of India,11533177,2269033,13802210,594972.3,6408325,(B) Regional Rural Bank,09/26/2018
Syndicate Bank,2074820,556962,2631782,97885.55,2504218,(B) Regional Rural Bank,09/26/2018
UCO Bank,1693958,61281,1755239,38282.32,559347,(B) Regional Rural Bank,09/26/2018
Union Bank of India,1127057,390339,1517396,38634.59,761940,(B) Regional Rural Bank,09/26/2018
United Bank of India,8756816,107087,8863903,217523.63,6739168,(B) Regional Rural Bank,09/26/2018
Regional Rural Banks Sub Total,45157256,8306461,53463717,1710808.23,37240610,(B) Regional Rural Bank,09/26/2018
Axis Bank Ltd,130051,673077,803128,19330.62,711996,(C) Major Private Banks,09/26/2018
City Union Bank Ltd,9566,75887,85453,1530.14,84416,(C) Major Private Banks,09/26/2018
Federal Bank Ltd,408361,81654,490015,20319.94,429008,(C) Major Private Banks,09/26/2018
HDFC Bank Ltd,332321,1440395,1772716,80454.06,1772038,(C) Major Private Banks,09/26/2018
ICICI Bank Ltd,3499946,552445,4052391,21650.83,4052391,(C) Major Private Banks,09/26/2018
IndusInd Bank Ltd,41805,410937,452742,3025.92,426112,(C) Major Private Banks,09/26/2018
Jammu & Kashmir Bank Ltd,1366580,179711,1546291,62161.46,1220595,(C) Major Private Banks,09/26/2018
Karur Vysya Bank,26783,169370,196153,1668.1,193039,(C) Major Private Banks,09/26/2018
Kotak Mahindra Bank Ltd,106857,70615,177472,1989.56,130245,(C) Major Private Banks,09/26/2018
Lakshmi Vilas Bank Ltd,38938,101563,140501,1685.97,125916,(C) Major Private Banks,09/26/2018
RBL Bank Ltd,59787,35520,95307,225.3,93174,(C) Major Private Banks,09/26/2018
South Indian Bank Ltd,30622,180384,211006,4730.08,59893,(C) Major Private Banks,09/26/2018
Yes Bank Ltd,6757,5782,12539,227.12,12208,(C) Major Private Banks,09/26/2018
Major Private Banks Sub Total,6058374,3977340,10035714,218999.1,9311031,(C) Major Private Banks,09/26/2018
Public Sector Banks,142917303,122223483,265140786,6593060.97,200288368,Summary,10/03/2018
Regional Rural Banks,45298275,8335065,53633340,1722450.76,37270371,Summary,10/03/2018
Private Sector Banks,6062238,3978783,10041021,222348.18,9315577,Summary,10/03/2018
Grand Total,194277816,134537331,328815147,8537859.91,246874316,Summary,10/03/2018
Allahabad Bank,6977356,2577240,9554596,262772.69,6074875,(A) Public Sector Banks,10/03/2018
Andhra Bank,1543432,892125,2435557,34930.31,1812150,(A) Public Sector Banks,10/03/2018
Bank of Baroda,10292238,17118816,27411054,754418.05,25252292,(A) Public Sector Banks,10/03/2018
Bank of India,9808804,10707091,20515895,487929.81,18676343,(A) Public Sector Banks,10/03/2018
Bank of Maharashtra,4194354,1204635,5398989,120438.4,1133335,(A) Public Sector Banks,10/03/2018
Canara Bank,4772448,2157249,6929697,209524.08,4248375,(A) Public Sector Banks,10/03/2018
Central Bank of India,10038638,2262788,12301426,251925.72,11472096,(A) Public Sector Banks,10/03/2018
Corporation Bank,1369675,1354102,2723777,108124.76,2575323,(A) Public Sector Banks,10/03/2018
Dena Bank,3693583,949199,4642782,112095.85,3249681,(A) Public Sector Banks,10/03/2018
IDBI Bank Ltd.,466135,366101,832236,22074.99,676797,(A) Public Sector Banks,10/03/2018
Indian Bank,2276378,1127140,3403518,51473.72,3366625,(A) Public Sector Banks,10/03/2018
Indian Overseas Bank,994910,3471451,4466361,84787.47,4212657,(A) Public Sector Banks,10/03/2018
Oriental Bank of Commerce,2520780,1899270,4420050,337565.6,3862209,(A) Public Sector Banks,10/03/2018
Punjab & Sind Bank,662331,422133,1084464,65020.01,999424,(A) Public Sector Banks,10/03/2018
Punjab National Bank,15953930,2865857,18819787,384849.1,17826816,(A) Public Sector Banks,10/03/2018
State Bank of India,44403353,60672472,105075825,1951958.91,70325595,(A) Public Sector Banks,10/03/2018
Syndicate Bank,3154095,1404766,4558861,137142.51,3996541,(A) Public Sector Banks,10/03/2018
UCO Bank,4018267,3148770,7167037,188478.94,3867045,(A) Public Sector Banks,10/03/2018
Union Bank of India,7269073,1963574,9232647,200337.28,4819104,(A) Public Sector Banks,10/03/2018
United Bank of India,7680619,5020074,12700693,805379.69,10383727,(A) Public Sector Banks,10/03/2018
Vijaya Bank,826904,638630,1465534,21833.09,1457358,(A) Public Sector Banks,10/03/2018
Public Sector Banks Sub Total,142917303,122223483,265140786,6593060.97,200288368,(A) Public Sector Banks,10/03/2018
Allahabad Bank,975601,169314,1144915,30413.72,781002,(B) Regional Rural Bank,10/03/2018
Andhra Bank,167602,17458,185060,3101.78,101163,(B) Regional Rural Bank,10/03/2018
Bank of Baroda,5357882,1493516,6851398,198896.52,5317546,(B) Regional Rural Bank,10/03/2018
Bank of India,3225543,1065198,4290741,91376.98,3782331,(B) Regional Rural Bank,10/03/2018
Bank of Maharashtra,1030605,140318,1170923,29912.67,798852,(B) Regional Rural Bank,10/03/2018
Canara Bank,655194,445898,1101092,54639.82,1072613,(B) Regional Rural Bank,10/03/2018
Central Bank of India,3444850,812288,4257138,123511.06,3781705,(B) Regional Rural Bank,10/03/2018
Dena Bank,422256,14392,436648,15568.55,294555,(B) Regional Rural Bank,10/03/2018
Indian Bank,454096,156212,610308,7896.41,496332,(B) Regional Rural Bank,10/03/2018
Indian Overseas Bank,1019246,30806,1050052,32734.53,616138,(B) Regional Rural Bank,10/03/2018
Jammu & Kashmir Bank Ltd,108398,18234,126632,6195.34,22134,(B) Regional Rural Bank,10/03/2018
Punjab & Sind Bank,19775,1410,21185,327.82,18446,(B) Regional Rural Bank,10/03/2018
Punjab National Bank,3163816,574199,3738015,135743.19,3202012,(B) Regional Rural Bank,10/03/2018
State Bank of India,11558259,2277397,13835656,596464.23,6419619,(B) Regional Rural Bank,10/03/2018
Syndicate Bank,2077498,557022,2634520,98953.94,2504218,(B) Regional Rural Bank,10/03/2018
UCO Bank,1705957,61909,1767866,38397.69,559347,(B) Regional Rural Bank,10/03/2018
Union Bank of India,1131854,392389,1524243,39482.9,762389,(B) Regional Rural Bank,10/03/2018
United Bank of India,8779843,107105,8886948,218833.6,6739969,(B) Regional Rural Bank,10/03/2018
Regional Rural Banks Sub Total,45298275,8335065,53633340,1722450.76,37270371,(B) Regional Rural Bank,10/03/2018
Axis Bank Ltd,130188,674088,804276,19568.92,712811,(C) Major Private Banks,10/03/2018
City Union Bank Ltd,9574,75887,85461,1544.63,84365,(C) Major Private Banks,10/03/2018
Federal Bank Ltd,411623,81857,493480,20498.34,431374,(C) Major Private Banks,10/03/2018
HDFC Bank Ltd,332331,1440421,1772752,82628.2,1772074,(C) Major Private Banks,10/03/2018
ICICI Bank Ltd,3499984,552445,4052429,21558.93,4052429,(C) Major Private Banks,10/03/2018
IndusInd Bank Ltd,41861,410935,452796,3142.21,426156,(C) Major Private Banks,10/03/2018
Jammu & Kashmir Bank Ltd,1366919,179771,1546690,62823.43,1221730,(C) Major Private Banks,10/03/2018
Karur Vysya Bank,26783,169370,196153,1668.1,193039,(C) Major Private Banks,10/03/2018
Kotak Mahindra Bank Ltd,106849,70595,177444,2012.29,130217,(C) Major Private Banks,10/03/2018
Lakshmi Vilas Bank Ltd,38962,101731,140693,1714.12,126116,(C) Major Private Banks,10/03/2018
RBL Bank Ltd,59787,35520,95307,230.8,93171,(C) Major Private Banks,10/03/2018
South Indian Bank Ltd,30622,180384,211006,4730.08,59893,(C) Major Private Banks,10/03/2018
Yes Bank Ltd,6755,5779,12534,228.13,12202,(C) Major Private Banks,10/03/2018
Major Private Banks Sub Total,6062238,3978783,10041021,222348.18,9315577,(C) Major Private Banks,10/03/2018
Public Sector Banks,143123695,122461690,265585385,6681194.38,200513583,Summary,10/10/2018
Regional Rural Banks,45387658,8352223,53739881,1713694.29,37285161,Summary,10/10/2018
Private Sector Banks,6066604,3980903,10047507,221490.21,9321036,Summary,10/10/2018
Grand Total,194577957,134794816,329372773,8616378.88,247119780,Summary,10/10/2018
Allahabad Bank,7013477,2602774,9616251,267771.41,6074994,(A) Public Sector Banks,10/10/2018
Andhra Bank,1544195,892165,2436360,35017.16,1811933,(A) Public Sector Banks,10/10/2018
Bank of Baroda,10336878,17214724,27551602,766763.94,25374634,(A) Public Sector Banks,10/10/2018
Bank of India,9832674,10734354,20567028,492334.27,18673219,(A) Public Sector Banks,10/10/2018
Bank of Maharashtra,4112681,1206242,5318923,121129.66,1137453,(A) Public Sector Banks,10/10/2018
Canara Bank,4781944,2180545,6962489,212575.62,4267820,(A) Public Sector Banks,10/10/2018
Central Bank of India,10093837,2270827,12364664,254153.59,11522576,(A) Public Sector Banks,10/10/2018
Corporation Bank,1369453,1355058,2724511,108562.06,2575402,(A) Public Sector Banks,10/10/2018
Dena Bank,3705610,950519,4656129,112887.32,3249523,(A) Public Sector Banks,10/10/2018
IDBI Bank Ltd.,466441,366195,832636,22256.12,676769,(A) Public Sector Banks,10/10/2018
Indian Bank,2280544,1128843,3409387,52245.52,3373718,(A) Public Sector Banks,10/10/2018
Indian Overseas Bank,996157,3476269,4472426,85678.84,4215857,(A) Public Sector Banks,10/10/2018
Oriental Bank of Commerce,2525099,1901856,4426955,343842.14,3863741,(A) Public Sector Banks,10/10/2018
Punjab & Sind Bank,664012,422133,1086145,64862.66,999778,(A) Public Sector Banks,10/10/2018
Punjab National Bank,15971390,2868858,18840248,389352.96,17833382,(A) Public Sector Banks,10/10/2018
State Bank of India,44403353,60672472,105075825,1990044.67,70325595,(A) Public Sector Banks,10/10/2018
Syndicate Bank,3165570,1408152,4573722,138040.3,3998677,(A) Public Sector Banks,10/10/2018
UCO Bank,4034717,3159545,7194262,191958.6,3873105,(A) Public Sector Banks,10/10/2018
Union Bank of India,7286948,1971089,9258037,203870.89,4816651,(A) Public Sector Banks,10/10/2018
United Bank of India,7711666,5040344,12752010,805478.66,10391398,(A) Public Sector Banks,10/10/2018
Vijaya Bank,827049,638726,1465775,22368,1457358,(A) Public Sector Banks,10/10/2018
Public Sector Banks Sub Total,143123695,122461690,265585385,6681194.38,200513583,(A) Public Sector Banks,10/10/2018
Allahabad Bank,979475,169314,1148789,30752.9,781002,(B) Regional Rural Bank,10/10/2018
Andhra Bank,167600,17466,185066,3084.85,101133,(B) Regional Rural Bank,10/10/2018
Bank of Baroda,5376155,1500951,6877106,201892.62,5328273,(B) Regional Rural Bank,10/10/2018
Bank of India,3231151,1067736,4298887,90864.99,3782331,(B) Regional Rural Bank,10/10/2018
Bank of Maharashtra,1030971,140327,1171298,30297.26,798986,(B) Regional Rural Bank,10/10/2018
Canara Bank,655455,446079,1101534,54614.99,1073029,(B) Regional Rural Bank,10/10/2018
Central Bank of India,3445728,813428,4259156,123673.87,3780949,(B) Regional Rural Bank,10/10/2018
Dena Bank,424672,14470,439142,15638.65,294758,(B) Regional Rural Bank,10/10/2018
Indian Bank,455128,156522,611650,7614.37,497131,(B) Regional Rural Bank,10/10/2018
Indian Overseas Bank,1021127,30848,1051975,33096.1,616138,(B) Regional Rural Bank,10/10/2018
Jammu & Kashmir Bank Ltd,108527,18250,126777,6150.15,22141,(B) Regional Rural Bank,10/10/2018
Punjab & Sind Bank,19800,1423,21223,345.49,18448,(B) Regional Rural Bank,10/10/2018
Punjab National Bank,3170675,572172,3742847,135495.3,3203207,(B) Regional Rural Bank,10/10/2018
State Bank of India,11596146,2283123,13879269,582982.55,6421044,(B) Regional Rural Bank,10/10/2018
Syndicate Bank,2080199,557308,2637507,98938.76,2504218,(B) Regional Rural Bank,10/10/2018
UCO Bank,1711626,62354,1773980,38756.91,559347,(B) Regional Rural Bank,10/10/2018
Union Bank of India,1134129,393358,1527487,39899.23,762652,(B) Regional Rural Bank,10/10/2018
United Bank of India,8779094,107094,8886188,219595.31,6740374,(B) Regional Rural Bank,10/10/2018
Regional Rural Banks Sub Total,45387658,8352223,53739881,1713694.29,37285161,(B) Regional Rural Bank,10/10/2018
Axis Bank Ltd,130489,675825,806314,19698.46,714217,(C) Major Private Banks,10/10/2018
City Union Bank Ltd,9574,75887,85461,1544.63,84365,(C) Major Private Banks,10/10/2018
Federal Bank Ltd,414555,82022,496577,20656.64,433505,(C) Major Private Banks,10/10/2018
HDFC Bank Ltd,332337,1440430,1772767,80764.38,1772089,(C) Major Private Banks,10/10/2018
ICICI Bank Ltd,3500559,552445,4053004,21704.76,4053004,(C) Major Private Banks,10/10/2018
IndusInd Bank Ltd,41960,410943,452903,3174.1,426179,(C) Major Private Banks,10/10/2018
Jammu & Kashmir Bank Ltd,1367293,179838,1547131,63065.35,1222804,(C) Major Private Banks,10/10/2018
Karur Vysya Bank,26846,169344,196190,1762.28,193160,(C) Major Private Banks,10/10/2018
Kotak Mahindra Bank Ltd,106828,70573,177401,2028.29,130175,(C) Major Private Banks,10/10/2018
Lakshmi Vilas Bank Ltd,39001,101913,140914,1884.5,126283,(C) Major Private Banks,10/10/2018
RBL Bank Ltd,59787,35520,95307,235.05,93166,(C) Major Private Banks,10/10/2018
South Indian Bank Ltd,30622,180384,211006,4730.08,59893,(C) Major Private Banks,10/10/2018
Yes Bank Ltd,6753,5779,12532,241.7,12196,(C) Major Private Banks,10/10/2018
Major Private Banks Sub Total,6066604,3980903,10047507,221490.21,9321036,(C) Major Private Banks,10/10/2018
Public Sector Banks,143298274,122583128,265881402,6696061.36,200677737,Summary,10/17/2018
Regional Rural Banks,45469189,8369978,53839167,1730353.57,37298742,Summary,10/17/2018
Private Sector Banks,6093745,4041240,10134985,221677.71,9389194,Summary,10/17/2018
Grand Total,194861208,134994346,329855554,8648092.64,247365673,Summary,10/17/2018
Allahabad Bank,7038485,2624647,9663132,267785.21,6087595,(A) Public Sector Banks,10/17/2018
Andhra Bank,1544644,892393,2437037,35164.83,1811963,(A) Public Sector Banks,10/17/2018
Bank of Baroda,10369486,17287125,27656611,771396.51,25469916,(A) Public Sector Banks,10/17/2018
Bank of India,9848648,10754346,20602994,494267.47,18723164,(A) Public Sector Banks,10/17/2018
Bank of Maharashtra,4118648,1203047,5321695,121033.72,1141318,(A) Public Sector Banks,10/17/2018
Canara Bank,4782828,2161427,6944255,211581.28,4250783,(A) Public Sector Banks,10/17/2018
Central Bank of India,10118556,2274238,12392794,256443.44,11550577,(A) Public Sector Banks,10/17/2018
Corporation Bank,1369292,1355918,2725210,108751.91,2575516,(A) Public Sector Banks,10/17/2018
Dena Bank,3715638,952155,4667793,112752.11,3219810,(A) Public Sector Banks,10/17/2018
IDBI Bank Ltd.,467291,366486,833777,22270.33,676857,(A) Public Sector Banks,10/17/2018
Indian Bank,2284082,1130168,3414250,51167.15,3378584,(A) Public Sector Banks,10/17/2018
Indian Overseas Bank,996157,3476269,4472426,85678.84,4215857,(A) Public Sector Banks,10/17/2018
Oriental Bank of Commerce,2528053,1903515,4431568,345489.71,3865295,(A) Public Sector Banks,10/17/2018
Punjab & Sind Bank,664012,422133,1086145,64862.66,999778,(A) Public Sector Banks,10/17/2018
Punjab National Bank,15984121,2870146,18854267,393560.46,17838811,(A) Public Sector Banks,10/17/2018
State Bank of India,44403353,60672472,105075825,1990044.67,70325595,(A) Public Sector Banks,10/17/2018
Syndicate Bank,3172961,1407749,4580710,138096.36,4000379,(A) Public Sector Banks,10/17/2018
UCO Bank,4042387,3165378,7207765,193343.99,3877541,(A) Public Sector Banks,10/17/2018
Union Bank of India,7299003,1976711,9275714,204461.18,4814946,(A) Public Sector Banks,10/17/2018
United Bank of India,7723435,5047983,12771418,805376.72,10396094,(A) Public Sector Banks,10/17/2018
Vijaya Bank,827194,638822,1466016,22532.81,1457358,(A) Public Sector Banks,10/17/2018
Public Sector Banks Sub Total,143298274,122583128,265881402,6696061.36,200677737,(A) Public Sector Banks,10/17/2018
Allahabad Bank,979475,169314,1148789,30752.9,781002,(B) Regional Rural Bank,10/17/2018
Andhra Bank,167587,17468,185055,3088.47,101134,(B) Regional Rural Bank,10/17/2018
Bank of Baroda,5393120,1507193,6900313,201873.17,5340394,(B) Regional Rural Bank,10/17/2018
Bank of India,3235120,1069701,4304821,90297.59,3782331,(B) Regional Rural Bank,10/17/2018
Bank of Maharashtra,1031452,140331,1171783,30756,799248,(B) Regional Rural Bank,10/17/2018
Canara Bank,655587,446581,1102168,54700.76,1073627,(B) Regional Rural Bank,10/17/2018
Central Bank of India,3446190,814935,4261125,126049.55,3780417,(B) Regional Rural Bank,10/17/2018
Dena Bank,425508,14537,440045,15695.59,294935,(B) Regional Rural Bank,10/17/2018
Indian Bank,455996,156977,612973,7663,497305,(B) Regional Rural Bank,10/17/2018
Indian Overseas Bank,1021127,30848,1051975,33096.1,616138,(B) Regional Rural Bank,10/17/2018
Jammu & Kashmir Bank Ltd,108612,18254,126866,6136.7,22145,(B) Regional Rural Bank,10/17/2018
Punjab & Sind Bank,19800,1423,21223,345.49,18448,(B) Regional Rural Bank,10/17/2018
Punjab National Bank,3171008,572210,3743218,135131.2,3202867,(B) Regional Rural Bank,10/17/2018
State Bank of India,11619321,2288120,13907441,597817.19,6421593,(B) Regional Rural Bank,10/17/2018
Syndicate Bank,2083811,558217,2642028,98901.52,2504218,(B) Regional Rural Bank,10/17/2018
UCO Bank,1711626,62354,1773980,38756.91,559347,(B) Regional Rural Bank,10/17/2018
Union Bank of India,1136611,394424,1531035,39889.54,763022,(B) Regional Rural Bank,10/17/2018
United Bank of India,8807238,107091,8914329,219401.9,6740571,(B) Regional Rural Bank,10/17/2018
Regional Rural Banks Sub Total,45469189,8369978,53839167,1730353.57,37298742,(B) Regional Rural Bank,10/17/2018
Axis Bank Ltd,130690,676805,807495,19586.59,715149,(C) Major Private Banks,10/17/2018
City Union Bank Ltd,9584,75908,85492,1541.55,84511,(C) Major Private Banks,10/17/2018
Federal Bank Ltd,414555,82022,496577,20656.64,433505,(C) Major Private Banks,10/17/2018
HDFC Bank Ltd,332347,1440431,1772778,80805.3,1772100,(C) Major Private Banks,10/17/2018
ICICI Bank Ltd,3512980,567587,4080567,21731.3,4080567,(C) Major Private Banks,10/17/2018
IndusInd Bank Ltd,42058,411128,453186,3155.53,426217,(C) Major Private Banks,10/17/2018
Jammu & Kashmir Bank Ltd,1367572,179891,1547463,63250.44,1225894,(C) Major Private Banks,10/17/2018
Karur Vysya Bank,26846,169344,196190,1762.28,193160,(C) Major Private Banks,10/17/2018
Kotak Mahindra Bank Ltd,106821,70558,177379,2024.95,130153,(C) Major Private Banks,10/17/2018
Lakshmi Vilas Bank Ltd,53126,145885,199011,1959.17,162679,(C) Major Private Banks,10/17/2018
RBL Bank Ltd,59787,35520,95307,237.14,93165,(C) Major Private Banks,10/17/2018
South Indian Bank Ltd,30622,180384,211006,4730.08,59893,(C) Major Private Banks,10/17/2018
Yes Bank Ltd,6757,5777,12534,236.74,12201,(C) Major Private Banks,10/17/2018
Major Private Banks Sub Total,6093745,4041240,10134985,221677.71,9389194,(C) Major Private Banks,10/17/2018
Public Sector Banks,143609439,122900156,266509595,6687347.27,201600079,Summary,10/24/2018
Regional Rural Banks,45569428,8390916,53960344,1649681.81,37358525,Summary,10/24/2018
Private Sector Banks,6109364,4411407,10520771,219535.75,9428199,Summary,10/24/2018
Grand Total,195288231,135702479,330990710,8556564.83,248386803,Summary,10/24/2018
Allahabad Bank,7071381,2653244,9724625,270505.04,6090118,(A) Public Sector Banks,10/24/2018
Andhra Bank,1557750,900850,2458600,35494.44,1821571,(A) Public Sector Banks,10/24/2018
Bank of Baroda,10391551,17335869,27727420,766592.79,25535020,(A) Public Sector Banks,10/24/2018
Bank of India,9859598,10756303,20615901,490761.41,18740838,(A) Public Sector Banks,10/24/2018
Bank of Maharashtra,4129493,1204996,5334489,120764.6,1146152,(A) Public Sector Banks,10/24/2018
Canara Bank,4785450,2162785,6948235,209627.09,4251350,(A) Public Sector Banks,10/24/2018
Central Bank of India,10128161,2275583,12403744,255425.85,11564640,(A) Public Sector Banks,10/24/2018
Corporation Bank,1369220,1356223,2725443,108113.17,2575699,(A) Public Sector Banks,10/24/2018
Dena Bank,3723638,952836,4676474,113305.29,3247546,(A) Public Sector Banks,10/24/2018
IDBI Bank Ltd.,467729,366616,834345,22123.59,677036,(A) Public Sector Banks,10/24/2018
Indian Bank,2305658,1137639,3443297,51348.86,3408696,(A) Public Sector Banks,10/24/2018
Indian Overseas Bank,998009,3482408,4480417,86037.52,4225553,(A) Public Sector Banks,10/24/2018
Oriental Bank of Commerce,2529589,1904606,4434195,344647.41,3865960,(A) Public Sector Banks,10/24/2018
Punjab & Sind Bank,666952,422133,1089085,65001.79,1000240,(A) Public Sector Banks,10/24/2018
Punjab National Bank,15988488,2870581,18859069,395778.8,17863989,(A) Public Sector Banks,10/24/2018
State Bank of India,44544352,60866345,105410697,1990044.67,71035856,(A) Public Sector Banks,10/24/2018
Syndicate Bank,3177068,1409369,4586437,138031.56,4001374,(A) Public Sector Banks,10/24/2018
UCO Bank,4051554,3171378,7222932,191827.14,3881779,(A) Public Sector Banks,10/24/2018
Union Bank of India,7307849,1980165,9288014,204109.74,4812269,(A) Public Sector Banks,10/24/2018
United Bank of India,7728755,5051405,12780160,805273.69,10397035,(A) Public Sector Banks,10/24/2018
Vijaya Bank,827194,638822,1466016,22532.81,1457358,(A) Public Sector Banks,10/24/2018
Public Sector Banks Sub Total,143609439,122900156,266509595,6687347.27,201600079,(A) Public Sector Banks,10/24/2018
Allahabad Bank,987058,169314,1156372,30573.36,781002,(B) Regional Rural Bank,10/24/2018
Andhra Bank,167560,17475,185035,3065.72,101117,(B) Regional Rural Bank,10/24/2018
Bank of Baroda,5405026,1511484,6916510,200585.42,5348425,(B) Regional Rural Bank,10/24/2018
Bank of India,3238191,1070756,4308947,89901.77,3804512,(B) Regional Rural Bank,10/24/2018
Bank of Maharashtra,1031845,140331,1172176,31035.84,799413,(B) Regional Rural Bank,10/24/2018
Canara Bank,655776,446745,1102521,54473.27,1073980,(B) Regional Rural Bank,10/24/2018
Central Bank of India,3446562,815551,4262113,124283.99,3780064,(B) Regional Rural Bank,10/24/2018
Dena Bank,426733,14629,441362,15737.72,295058,(B) Regional Rural Bank,10/24/2018
Indian Bank,457099,158507,615606,7669.19,522588,(B) Regional Rural Bank,10/24/2018
Indian Overseas Bank,1019322,34028,1053350,32660.57,616138,(B) Regional Rural Bank,10/24/2018
Jammu & Kashmir Bank Ltd,108712,18259,126971,6137.13,22148,(B) Regional Rural Bank,10/24/2018
Punjab & Sind Bank,19813,1446,21259,339.64,18514,(B) Regional Rural Bank,10/24/2018
Punjab National Bank,3174433,572812,3747245,136552.29,3204112,(B) Regional Rural Bank,10/24/2018
State Bank of India,11648006,2292656,13940662,520706.29,6422345,(B) Regional Rural Bank,10/24/2018
Syndicate Bank,2091521,561566,2653087,99222.37,2505826,(B) Regional Rural Bank,10/24/2018
UCO Bank,1721616,63275,1784891,39147.28,559347,(B) Regional Rural Bank,10/24/2018
Union Bank of India,1137866,394958,1532824,39619.37,763214,(B) Regional Rural Bank,10/24/2018
United Bank of India,8832289,107124,8939413,217970.59,6740722,(B) Regional Rural Bank,10/24/2018
Regional Rural Banks Sub Total,45569428,8390916,53960344,1649681.81,37358525,(B) Regional Rural Bank,10/24/2018
Axis Bank Ltd,130810,677590,808400,19335.83,715948,(C) Major Private Banks,10/24/2018
City Union Bank Ltd,9584,75908,85492,1541.55,84543,(C) Major Private Banks,10/24/2018
Federal Bank Ltd,416340,82134,498474,20407.4,434931,(C) Major Private Banks,10/24/2018
HDFC Bank Ltd,333128,1445204,1778332,80792.66,1777654,(C) Major Private Banks,10/24/2018
ICICI Bank Ltd,3525737,581904,4107641,21611.23,4107641,(C) Major Private Banks,10/24/2018
IndusInd Bank Ltd,42118,411408,453526,3079.96,426235,(C) Major Private Banks,10/24/2018
Jammu & Kashmir Bank Ltd,1367647,179905,1547552,63589.07,1227268,(C) Major Private Banks,10/24/2018
Karur Vysya Bank,26891,519193,546084,0.76,193755,(C) Major Private Banks,10/24/2018
Kotak Mahindra Bank Ltd,106817,70547,177364,2018.45,130136,(C) Major Private Banks,10/24/2018
Lakshmi Vilas Bank Ltd,53126,145933,199059,1953.59,162687,(C) Major Private Banks,10/24/2018
RBL Bank Ltd,59787,35520,95307,238.44,95307,(C) Major Private Banks,10/24/2018
South Indian Bank Ltd,30622,180384,211006,4730.08,59893,(C) Major Private Banks,10/24/2018
Yes Bank Ltd,6757,5777,12534,236.74,12201,(C) Major Private Banks,10/24/2018
Major Private Banks Sub Total,6109364,4411407,10520771,219535.75,9428199,(C) Major Private Banks,10/24/2018
Public Sector Banks,144366299,122874150,267240449,6637820.05,214293021,Summary,10/31/2018
Regional Rural Banks,45684223,8410036,54094259,1591446.54,37383607,Summary,10/31/2018
Private Sector Banks,6117469,4056856,10174325,225307.92,9449984,Summary,10/31/2018
Grand Total,196167991,135341042,331509033,8454574.51,261126612,Summary,10/31/2018
Allahabad Bank,7089834,2669633,9759467,268726.28,6092958,(A) Public Sector Banks,10/31/2018
Andhra Bank,1567376,905229,2472605,35519.4,1828642,(A) Public Sector Banks,10/31/2018
Bank of Baroda,10419635,17397031,27816666,767464.26,25616447,(A) Public Sector Banks,10/31/2018
Bank of India,9875113,10772522,20647635,491091.71,18737731,(A) Public Sector Banks,10/31/2018
Bank of Maharashtra,4140016,1208424,5348440,121277.63,1151364,(A) Public Sector Banks,10/31/2018
Canara Bank,4789357,2164258,6953615,211739.18,4251302,(A) Public Sector Banks,10/31/2018
Central Bank of India,10163065,2280578,12443643,254542.12,11592653,(A) Public Sector Banks,10/31/2018
Corporation Bank,1381222,1369188,2750410,107741.11,2594974,(A) Public Sector Banks,10/31/2018
Dena Bank,3730504,955283,4685787,113618.09,3247726,(A) Public Sector Banks,10/31/2018
IDBI Bank Ltd.,468160,367080,835240,22196.37,677117,(A) Public Sector Banks,10/31/2018
Indian Bank,2324592,1138747,3463339,52414.15,3428738,(A) Public Sector Banks,10/31/2018
Indian Overseas Bank,998643,3484245,4482888,86275.8,4228254,(A) Public Sector Banks,10/31/2018
Oriental Bank of Commerce,2533401,1908191,4441592,345965.37,3869294,(A) Public Sector Banks,10/31/2018
Punjab & Sind Bank,666952,422133,1089085,65001.79,1000768,(A) Public Sector Banks,10/31/2018
Punjab National Bank,16000065,2871748,18871813,398731.1,17955162,(A) Public Sector Banks,10/31/2018
State Bank of India,45037189,60649967,105687156,1934202.06,83410412,(A) Public Sector Banks,10/31/2018
Syndicate Bank,3180358,1410262,4590620,139029.71,4003243,(A) Public Sector Banks,10/31/2018
UCO Bank,4057268,3175509,7232777,191235.29,3884102,(A) Public Sector Banks,10/31/2018
Union Bank of India,7319541,1984568,9304109,203525.41,4809488,(A) Public Sector Banks,10/31/2018
United Bank of India,7755392,5068790,12824182,805183.68,10400501,(A) Public Sector Banks,10/31/2018
Vijaya Bank,868616,670764,1539380,22339.54,1512145,(A) Public Sector Banks,10/31/2018
Public Sector Banks Sub Total,144366299,122874150,267240449,6637820.05,214293021,(A) Public Sector Banks,10/31/2018
Allahabad Bank,991630,169314,1160944,30411.08,781002,(B) Regional Rural Bank,10/31/2018
Andhra Bank,167607,17473,185080,2986.35,101106,(B) Regional Rural Bank,10/31/2018
Bank of Baroda,5418327,1515725,6934052,199739.3,5358308,(B) Regional Rural Bank,10/31/2018
Bank of India,3241732,1071624,4313356,89673.95,3804512,(B) Regional Rural Bank,10/31/2018
Bank of Maharashtra,1032325,140331,1172656,31749.13,799621,(B) Regional Rural Bank,10/31/2018
Canara Bank,656181,447022,1103203,54313.17,1074706,(B) Regional Rural Bank,10/31/2018
Central Bank of India,3460870,819129,4279999,123104.49,3779145,(B) Regional Rural Bank,10/31/2018
Dena Bank,428584,14683,443267,15790.52,295178,(B) Regional Rural Bank,10/31/2018
Indian Bank,461639,159244,620883,7763.36,527908,(B) Regional Rural Bank,10/31/2018
Indian Overseas Bank,1019559,34046,1053605,32897.19,616138,(B) Regional Rural Bank,10/31/2018
Jammu & Kashmir Bank Ltd,108817,18270,127087,6158.36,22150,(B) Regional Rural Bank,10/31/2018
Punjab & Sind Bank,19813,1446,21259,339.64,18514,(B) Regional Rural Bank,10/31/2018
Punjab National Bank,3177273,573128,3750401,135639.21,3205187,(B) Regional Rural Bank,10/31/2018
State Bank of India,11664803,2299659,13964462,466020.51,6425103,(B) Regional Rural Bank,10/31/2018
Syndicate Bank,2095247,562690,2657937,99031.2,2511308,(B) Regional Rural Bank,10/31/2018
UCO Bank,1724741,63426,1788167,39058.14,559347,(B) Regional Rural Bank,10/31/2018
Union Bank of India,1139595,395701,1535296,39381.74,763470,(B) Regional Rural Bank,10/31/2018
United Bank of India,8875480,107125,8982605,217389.18,6740904,(B) Regional Rural Bank,10/31/2018
Regional Rural Banks Sub Total,45684223,8410036,54094259,1591446.54,37383607,(B) Regional Rural Bank,10/31/2018
Axis Bank Ltd,131023,679302,810325,20190.37,717375,(C) Major Private Banks,10/31/2018
City Union Bank Ltd,9584,75908,85492,1541.55,84543,(C) Major Private Banks,10/31/2018
Federal Bank Ltd,418137,82199,500336,20327.29,436263,(C) Major Private Banks,10/31/2018
HDFC Bank Ltd,333729,1449982,1783711,83678.61,1783033,(C) Major Private Banks,10/31/2018
ICICI Bank Ltd,3543911,601184,4145095,21965.76,4145095,(C) Major Private Banks,10/31/2018
IndusInd Bank Ltd,43328,423626,466954,3194.85,439185,(C) Major Private Banks,10/31/2018
Jammu & Kashmir Bank Ltd,1367850,179944,1547794,63726.73,1228545,(C) Major Private Banks,10/31/2018
Karur Vysya Bank,26916,170161,197077,1700.96,193824,(C) Major Private Banks,10/31/2018
Kotak Mahindra Bank Ltd,106817,70547,177364,2040.47,130136,(C) Major Private Banks,10/31/2018
Lakshmi Vilas Bank Ltd,39010,102322,141332,1739.38,126737,(C) Major Private Banks,10/31/2018
RBL Bank Ltd,59787,35520,95307,238.55,93159,(C) Major Private Banks,10/31/2018
South Indian Bank Ltd,30622,180384,211006,4730.08,59893,(C) Major Private Banks,10/31/2018
Yes Bank Ltd,6755,5777,12532,233.31,12196,(C) Major Private Banks,10/31/2018
Major Private Banks Sub Total,6117469,4056856,10174325,225307.92,9449984,(C) Major Private Banks,10/31/2018
Public Sector Banks,144528988,122985583,267514571,6695207.41,214433469,Summary,11/07/2018
Regional Rural Banks,45715317,8448116,54163433,1542954.35,37443378,Summary,11/07/2018
Private Sector Banks,6150620,4109680,10260300,230752.17,9536698,Summary,11/07/2018
Grand Total,196394925,135543379,331938304,8468913.93,261413545,Summary,11/07/2018
Allahabad Bank,7109779,2681709,9791488,271908.79,6094172,(A) Public Sector Banks,11/07/2018
Andhra Bank,1574385,907239,2481624,36615.85,1832591,(A) Public Sector Banks,11/07/2018
Bank of Baroda,10432952,17426382,27859334,780440.24,25655491,(A) Public Sector Banks,11/07/2018
Bank of India,9890624,10785982,20676606,500505.33,18743322,(A) Public Sector Banks,11/07/2018
Bank of Maharashtra,4146159,1210043,5356202,123425.73,1154243,(A) Public Sector Banks,11/07/2018
Canara Bank,4797172,2184796,6981968,215407.52,4249066,(A) Public Sector Banks,11/07/2018
Central Bank of India,10184846,2283755,12468601,257315.69,11620555,(A) Public Sector Banks,11/07/2018
Corporation Bank,1381222,1369188,2750410,107741.11,2594974,(A) Public Sector Banks,11/07/2018
Dena Bank,3736674,956803,4693477,114766.01,3247617,(A) Public Sector Banks,11/07/2018
IDBI Bank Ltd.,468291,367175,835466,22372.46,677215,(A) Public Sector Banks,11/07/2018
Indian Bank,2348819,1140333,3489152,53499.36,3454551,(A) Public Sector Banks,11/07/2018
Indian Overseas Bank,998929,3485238,4484167,88845.08,4229774,(A) Public Sector Banks,11/07/2018
Oriental Bank of Commerce,2535293,1909776,4445069,353935.5,3870101,(A) Public Sector Banks,11/07/2018
Punjab & Sind Bank,663182,422133,1085315,65785.35,999658,(A) Public Sector Banks,11/07/2018
Punjab National Bank,16007082,2873097,18880179,403291.88,17977586,(A) Public Sector Banks,11/07/2018
State Bank of India,45037189,60649967,105687156,1934202.06,83410412,(A) Public Sector Banks,11/07/2018
Syndicate Bank,3180931,1410632,4591563,140395.58,4003572,(A) Public Sector Banks,11/07/2018
UCO Bank,4069019,3182134,7251153,193282.8,3888569,(A) Public Sector Banks,11/07/2018
Union Bank of India,7319541,1984568,9304109,203525.41,4809488,(A) Public Sector Banks,11/07/2018
United Bank of India,7777060,5082915,12859975,805277.17,10406514,(A) Public Sector Banks,11/07/2018
Vijaya Bank,869839,671718,1541557,22668.49,1513998,(A) Public Sector Banks,11/07/2018
Public Sector Banks Sub Total,144528988,122985583,267514571,6695207.41,214433469,(A) Public Sector Banks,11/07/2018
Allahabad Bank,994839,169314,1164153,30238.31,781002,(B) Regional Rural Bank,11/07/2018
Andhra Bank,167563,17470,185033,2956.12,101109,(B) Regional Rural Bank,11/07/2018
Bank of Baroda,5428303,1518323,6946626,201520.97,5366120,(B) Regional Rural Bank,11/07/2018
Bank of India,3242732,1071648,4314380,89683.92,3804512,(B) Regional Rural Bank,11/07/2018
Bank of Maharashtra,1032272,140692,1172964,31839.13,799668,(B) Regional Rural Bank,11/07/2018
Canara Bank,656721,447396,1104117,54393.66,1075513,(B) Regional Rural Bank,11/07/2018
Central Bank of India,3462147,820024,4282171,122977.49,3778140,(B) Regional Rural Bank,11/07/2018
Dena Bank,429664,14740,444404,15731.6,295287,(B) Regional Rural Bank,11/07/2018
Indian Bank,462897,159244,622141,7804.77,563053,(B) Regional Rural Bank,11/07/2018
Indian Overseas Bank,1020795,34062,1054857,32680.36,616138,(B) Regional Rural Bank,11/07/2018
Jammu & Kashmir Bank Ltd,108906,18281,127187,6165.49,22154,(B) Regional Rural Bank,11/07/2018
Punjab & Sind Bank,19869,1458,21327,339.64,18546,(B) Regional Rural Bank,11/07/2018
Punjab National Bank,3177273,573128,3750401,135639.21,3205187,(B) Regional Rural Bank,11/07/2018
State Bank of India,11672962,2333234,14006196,416559.16,6441110,(B) Regional Rural Bank,11/07/2018
Syndicate Bank,2096960,562757,2659717,99077.65,2511308,(B) Regional Rural Bank,11/07/2018
UCO Bank,1726800,63522,1790322,39073.43,559347,(B) Regional Rural Bank,11/07/2018
Union Bank of India,1139595,395701,1535296,39381.74,763470,(B) Regional Rural Bank,11/07/2018
United Bank of India,8875019,107122,8982141,216891.68,6741714,(B) Regional Rural Bank,11/07/2018
Regional Rural Banks Sub Total,45715317,8448116,54163433,1542954.35,37443378,(B) Regional Rural Bank,11/07/2018
Axis Bank Ltd,131166,680696,811862,20546.83,718526,(C) Major Private Banks,11/07/2018
City Union Bank Ltd,9584,75908,85492,1541.55,84543,(C) Major Private Banks,11/07/2018
Federal Bank Ltd,418137,82199,500336,20327.29,436263,(C) Major Private Banks,11/07/2018
HDFC Bank Ltd,334964,1455676,1790640,87760.6,1789962,(C) Major Private Banks,11/07/2018
ICICI Bank Ltd,3574823,642897,4217720,21991.54,4217720,(C) Major Private Banks,11/07/2018
IndusInd Bank Ltd,43709,427240,470949,3354.89,442984,(C) Major Private Banks,11/07/2018
Jammu & Kashmir Bank Ltd,1368272,180040,1548312,64333.03,1230494,(C) Major Private Banks,11/07/2018
Karur Vysya Bank,26933,170349,197282,1784.33,193952,(C) Major Private Banks,11/07/2018
Kotak Mahindra Bank Ltd,106817,70547,177364,2053.15,130136,(C) Major Private Banks,11/07/2018
Lakshmi Vilas Bank Ltd,39050,102442,141492,1845.26,126873,(C) Major Private Banks,11/07/2018
RBL Bank Ltd,59787,35520,95307,242.52,93155,(C) Major Private Banks,11/07/2018
South Indian Bank Ltd,30622,180384,211006,4730.08,59893,(C) Major Private Banks,11/07/2018
Yes Bank Ltd,6756,5782,12538,241.1,12197,(C) Major Private Banks,11/07/2018
Major Private Banks Sub Total,6150620,4109680,10260300,230752.17,9536698,(C) Major Private Banks,11/07/2018
Public Sector Banks,144665752,123066733,267732485,6698100.02,214607239,Summary,11/14/2018
Regional Rural Banks,45816832,8435582,54252414,1494978.79,37441847,Summary,11/14/2018
Private Sector Banks,6180128,4170483,10350611,230671.38,9627951,Summary,11/14/2018
Grand Total,196662712,135672798,332335510,8423750.19,261677037,Summary,11/14/2018
Allahabad Bank,7125971,2686088,9812059,272953.84,6094397,(A) Public Sector Banks,11/14/2018
Andhra Bank,1579928,908536,2488464,36293.5,1836114,(A) Public Sector Banks,11/14/2018
Bank of Baroda,10461805,17485397,27947202,784549.44,25738858,(A) Public Sector Banks,11/14/2018
Bank of India,9893668,10789884,20683552,499965.24,18769938,(A) Public Sector Banks,11/14/2018
Bank of Maharashtra,4149475,1210954,5360429,122111.27,1155888,(A) Public Sector Banks,11/14/2018
Canara Bank,4797087,2166742,6963829,213854.54,4251639,(A) Public Sector Banks,11/14/2018
Central Bank of India,10193376,2284404,12477780,257688.9,11629232,(A) Public Sector Banks,11/14/2018
Corporation Bank,1381222,1369188,2750410,107741.11,2594974,(A) Public Sector Banks,11/14/2018
Dena Bank,3737525,957154,4694679,115406.55,3247479,(A) Public Sector Banks,11/14/2018
IDBI Bank Ltd.,468575,367283,835858,22296.98,677250,(A) Public Sector Banks,11/14/2018
Indian Bank,2366845,1146331,3513176,52380.36,3478575,(A) Public Sector Banks,11/14/2018
Indian Overseas Bank,998802,3486303,4485105,87520.84,4231035,(A) Public Sector Banks,11/14/2018
Oriental Bank of Commerce,2537235,1911556,4448791,354841.67,3872184,(A) Public Sector Banks,11/14/2018
Punjab & Sind Bank,675623,424135,1099758,65800.12,1006051,(A) Public Sector Banks,11/14/2018
Punjab National Bank,16011019,2873430,18884449,404816.25,17975697,(A) Public Sector Banks,11/14/2018
State Bank of India,45037189,60649967,105687156,1934202.06,83410412,(A) Public Sector Banks,11/14/2018
Syndicate Bank,3185261,1411613,4596874,139596.4,4012794,(A) Public Sector Banks,11/14/2018
UCO Bank,4075672,3185710,7261382,193314.47,3891799,(A) Public Sector Banks,11/14/2018
Union Bank of India,7328814,1988226,9317040,204783.38,4805714,(A) Public Sector Banks,11/14/2018
United Bank of India,7788718,5090476,12879194,805371.28,10409508,(A) Public Sector Banks,11/14/2018
Vijaya Bank,871942,673356,1545298,22611.82,1517701,(A) Public Sector Banks,11/14/2018
Public Sector Banks Sub Total,144665752,123066733,267732485,6698100.02,214607239,(A) Public Sector Banks,11/14/2018
Allahabad Bank,998662,169314,1167976,30130.22,781002,(B) Regional Rural Bank,11/14/2018
Andhra Bank,167558,17468,185026,2954.18,101124,(B) Regional Rural Bank,11/14/2018
Bank of Baroda,5438155,1521260,6959415,200189.21,5373637,(B) Regional Rural Bank,11/14/2018
Bank of India,3243293,1071714,4315007,89687.02,3804512,(B) Regional Rural Bank,11/14/2018
Bank of Maharashtra,1032447,140701,1173148,31850.13,799702,(B) Regional Rural Bank,11/14/2018
Canara Bank,656979,447560,1104539,54223.67,1075826,(B) Regional Rural Bank,11/14/2018
Central Bank of India,3462986,820686,4283672,123409.89,3778063,(B) Regional Rural Bank,11/14/2018
Dena Bank,430458,14747,445205,15749.61,295414,(B) Regional Rural Bank,11/14/2018
Indian Bank,467760,161333,629093,7742.06,564180,(B) Regional Rural Bank,11/14/2018
Indian Overseas Bank,1021708,34091,1055799,32519.91,616138,(B) Regional Rural Bank,11/14/2018
Jammu & Kashmir Bank Ltd,109027,18286,127313,6219.2,22156,(B) Regional Rural Bank,11/14/2018
Punjab & Sind Bank,19880,1461,21341,339.64,18561,(B) Regional Rural Bank,11/14/2018
Punjab National Bank,3180833,573912,3754745,135693.68,3207470,(B) Regional Rural Bank,11/14/2018
State Bank of India,11698889,2312317,14011206,367136.26,6427008,(B) Regional Rural Bank,11/14/2018
Syndicate Bank,2097988,563329,2661317,99543.67,2511702,(B) Regional Rural Bank,11/14/2018
UCO Bank,1728908,63592,1792500,41157.72,559347,(B) Regional Rural Bank,11/14/2018
Union Bank of India,1141861,396669,1538530,39305.91,763841,(B) Regional Rural Bank,11/14/2018
United Bank of India,8919440,107142,9026582,217126.79,6742164,(B) Regional Rural Bank,11/14/2018
Regional Rural Banks Sub Total,45816832,8435582,54252414,1494978.79,37441847,(B) Regional Rural Bank,11/14/2018
Axis Bank Ltd,131265,681852,813117,19974.65,719517,(C) Major Private Banks,11/14/2018
City Union Bank Ltd,9584,75908,85492,1541.55,84543,(C) Major Private Banks,11/14/2018
Federal Bank Ltd,418137,82199,500336,20327.29,436263,(C) Major Private Banks,11/14/2018
HDFC Bank Ltd,338948,1475133,1814081,88087.53,1813403,(C) Major Private Banks,11/14/2018
ICICI Bank Ltd,3599706,680685,4280391,22047.17,4280391,(C) Major Private Banks,11/14/2018
IndusInd Bank Ltd,44019,429279,473298,3275.11,445358,(C) Major Private Banks,11/14/2018
Jammu & Kashmir Bank Ltd,1368497,180193,1548690,64643.76,1232228,(C) Major Private Banks,11/14/2018
Karur Vysya Bank,26946,170467,197413,1743.26,194028,(C) Major Private Banks,11/14/2018
Kotak Mahindra Bank Ltd,106812,70541,177353,2045.1,130125,(C) Major Private Banks,11/14/2018
Lakshmi Vilas Bank Ltd,39049,102539,141588,1767.16,126851,(C) Major Private Banks,11/14/2018
RBL Bank Ltd,59787,35520,95307,249.21,93154,(C) Major Private Banks,11/14/2018
South Indian Bank Ltd,30622,180384,211006,4730.08,59893,(C) Major Private Banks,11/14/2018
Yes Bank Ltd,6756,5783,12539,239.5,12197,(C) Major Private Banks,11/14/2018
Major Private Banks Sub Total,6180128,4170483,10350611,230671.38,9627951,(C) Major Private Banks,11/14/2018
Public Sector Banks,144968690,123312401,268281091,6728519.41,216330809,Summary,11/21/2018
Regional Rural Banks,45898164,8452214,54350378,1445876.12,37462493,Summary,11/21/2018
Private Sector Banks,6189613,4184183,10373796,235535.86,9651067,Summary,11/21/2018
Grand Total,197056467,135948798,333005265,8409931.39,263444369,Summary,11/21/2018
Allahabad Bank,7140294,2694525,9834819,273697.7,6094704,(A) Public Sector Banks,11/21/2018
Andhra Bank,1585430,910620,2496050,37198.19,1850379,(A) Public Sector Banks,11/21/2018
Bank of Baroda,10476814,17516035,27992849,781756.13,25814687,(A) Public Sector Banks,11/21/2018
Bank of India,9905174,10801289,20706463,497186.53,18767132,(A) Public Sector Banks,11/21/2018
Bank of Maharashtra,4156512,1212962,5369474,122007.15,1160316,(A) Public Sector Banks,11/21/2018
Canara Bank,4804205,2168675,6972880,212571.16,4253657,(A) Public Sector Banks,11/21/2018
Central Bank of India,10214172,2286656,12500828,257445.54,11699307,(A) Public Sector Banks,11/21/2018
Corporation Bank,1401091,1397758,2798849,107741.11,2615794,(A) Public Sector Banks,11/21/2018
Dena Bank,3743983,958257,4702240,115751.84,3247677,(A) Public Sector Banks,11/21/2018
IDBI Bank Ltd.,466739,367379,834118,22260.71,677271,(A) Public Sector Banks,11/21/2018
Indian Bank,2385390,1154998,3540388,51217.56,3505787,(A) Public Sector Banks,11/21/2018
Indian Overseas Bank,999245,3487578,4486823,87281.33,4233407,(A) Public Sector Banks,11/21/2018
Oriental Bank of Commerce,2538238,1912662,4450900,355096.48,3872667,(A) Public Sector Banks,11/21/2018
Punjab & Sind Bank,675623,424135,1099758,65800.12,1006051,(A) Public Sector Banks,11/21/2018
Punjab National Bank,16021415,2874603,18896018,406064.9,17971681,(A) Public Sector Banks,11/21/2018
State Bank of India,45169777,60775473,105945250,1970598.41,84912512,(A) Public Sector Banks,11/21/2018
Syndicate Bank,3190560,1413222,4603782,139333.72,4017403,(A) Public Sector Banks,11/21/2018
UCO Bank,4084749,3191047,7275796,193290.98,3896465,(A) Public Sector Banks,11/21/2018
Union Bank of India,7333350,1990742,9324092,204397.9,4803717,(A) Public Sector Banks,11/21/2018
United Bank of India,7803831,5100327,12904158,805469.26,10412494,(A) Public Sector Banks,11/21/2018
Vijaya Bank,872098,673458,1545556,22352.69,1517701,(A) Public Sector Banks,11/21/2018
Public Sector Banks Sub Total,144968690,123312401,268281091,6728519.41,216330809,(A) Public Sector Banks,11/21/2018
Allahabad Bank,1011937,169314,1181251,30052.18,781002,(B) Regional Rural Bank,11/21/2018
Andhra Bank,167567,17468,185035,3119.46,101152,(B) Regional Rural Bank,11/21/2018
Bank of Baroda,5452491,1525385,6977876,201263.67,5385271,(B) Regional Rural Bank,11/21/2018
Bank of India,3249077,1074145,4323222,89584.24,3804512,(B) Regional Rural Bank,11/21/2018
Bank of Maharashtra,1032966,140701,1173667,32012.77,799736,(B) Regional Rural Bank,11/21/2018
Canara Bank,657286,447767,1105053,53970.09,1076340,(B) Regional Rural Bank,11/21/2018
Central Bank of India,3464352,821438,4285790,122083.51,3777086,(B) Regional Rural Bank,11/21/2018
Dena Bank,431617,14794,446411,15780.52,295540,(B) Regional Rural Bank,11/21/2018
Indian Bank,471200,162809,634009,7981.03,564280,(B) Regional Rural Bank,11/21/2018
Indian Overseas Bank,1022872,34129,1057001,32565.73,616138,(B) Regional Rural Bank,11/21/2018
Jammu & Kashmir Bank Ltd,109139,18306,127445,6228.09,22165,(B) Regional Rural Bank,11/21/2018
Punjab & Sind Bank,19880,1461,21341,339.64,18561,(B) Regional Rural Bank,11/21/2018
Punjab National Bank,3185121,574394,3759515,135785.69,3210350,(B) Regional Rural Bank,11/21/2018
State Bank of India,11725899,2317442,14043341,317597.49,6426113,(B) Regional Rural Bank,11/21/2018
Syndicate Bank,2100054,564391,2664445,99957.53,2518163,(B) Regional Rural Bank,11/21/2018
UCO Bank,1734322,63763,1798085,40973.18,559347,(B) Regional Rural Bank,11/21/2018
Union Bank of India,1143509,397369,1540878,39309.26,764085,(B) Regional Rural Bank,11/21/2018
United Bank of India,8918875,107138,9026013,217272.06,6742652,(B) Regional Rural Bank,11/21/2018
Regional Rural Banks Sub Total,45898164,8452214,54350378,1445876.12,37462493,(B) Regional Rural Bank,11/21/2018
Axis Bank Ltd,131361,682875,814236,19622.5,720290,(C) Major Private Banks,11/21/2018
City Union Bank Ltd,9584,75908,85492,1541.55,84543,(C) Major Private Banks,11/21/2018
Federal Bank Ltd,419881,82268,502149,20094.21,437109,(C) Major Private Banks,11/21/2018
HDFC Bank Ltd,339421,1478280,1817701,93148.86,1817023,(C) Major Private Banks,11/21/2018
ICICI Bank Ltd,3606473,687551,4294024,22092.23,4294024,(C) Major Private Banks,11/21/2018
IndusInd Bank Ltd,44265,431453,475718,3248.81,447747,(C) Major Private Banks,11/21/2018
Jammu & Kashmir Bank Ltd,1368613,180417,1549030,65118.81,1233734,(C) Major Private Banks,11/21/2018
Karur Vysya Bank,26970,170587,197557,1682.04,194215,(C) Major Private Banks,11/21/2018
Kotak Mahindra Bank Ltd,106812,70541,177353,2055.24,130125,(C) Major Private Banks,11/21/2018
Lakshmi Vilas Bank Ltd,39068,102616,141684,1715.33,127021,(C) Major Private Banks,11/21/2018
RBL Bank Ltd,59787,35520,95307,246.69,93146,(C) Major Private Banks,11/21/2018
South Indian Bank Ltd,30622,180384,211006,4730.08,59893,(C) Major Private Banks,11/21/2018
Yes Bank Ltd,6756,5783,12539,239.5,12197,(C) Major Private Banks,11/21/2018
Major Private Banks Sub Total,6189613,4184183,10373796,235535.86,9651067,(C) Major Private Banks,11/21/2018
Public Sector Banks,145175437,123582771,268758208,6740778.17,217034714,Summary,11/28/2018
Regional Rural Banks,46121048,8546961,54668009,1453998.58,37483770,Summary,11/28/2018
Private Sector Banks,6198592,4207896,10406488,238959.84,9683280,Summary,11/28/2018
Grand Total,197495077,136337628,333832705,8433736.59,264201764,Summary,11/28/2018
Allahabad Bank,7143340,2696242,9839582,274617.96,6094880,(A) Public Sector Banks,11/28/2018
Andhra Bank,1590513,912168,2502681,38765.6,1855193,(A) Public Sector Banks,11/28/2018
Bank of Baroda,10494250,17554862,28049112,782764.44,25900473,(A) Public Sector Banks,11/28/2018
Bank of India,9914814,10815311,20730125,498566.09,18760031,(A) Public Sector Banks,11/28/2018
Bank of Maharashtra,4161664,1214217,5375881,121483.23,1162655,(A) Public Sector Banks,11/28/2018
Canara Bank,4871816,2191206,7063022,215264.17,4264639,(A) Public Sector Banks,11/28/2018
Central Bank of India,10232614,2289087,12521701,257857.95,11715729,(A) Public Sector Banks,11/28/2018
Corporation Bank,1379422,1451173,2830595,109594.59,2634232,(A) Public Sector Banks,11/28/2018
Dena Bank,3745483,959306,4704789,115405.66,3244742,(A) Public Sector Banks,11/28/2018
IDBI Bank Ltd.,466739,367379,834118,22260.71,677271,(A) Public Sector Banks,11/28/2018
Indian Bank,2396316,1158073,3554389,51504.98,3519788,(A) Public Sector Banks,11/28/2018
Indian Overseas Bank,999065,3489259,4488324,87699.15,4234924,(A) Public Sector Banks,11/28/2018
Oriental Bank of Commerce,2539318,1913639,4452957,355913.24,3872551,(A) Public Sector Banks,11/28/2018
Punjab & Sind Bank,688961,425735,1114696,66987.81,1020176,(A) Public Sector Banks,11/28/2018
Punjab National Bank,16029442,2876017,18905459,408410.73,18003518,(A) Public Sector Banks,11/28/2018
State Bank of India,45212985,60887516,106100501,1963943.11,85412368,(A) Public Sector Banks,11/28/2018
Syndicate Bank,3193853,1414393,4608246,142322.43,4020587,(A) Public Sector Banks,11/28/2018
UCO Bank,4094500,3197152,7291652,194927.88,3903344,(A) Public Sector Banks,11/28/2018
Union Bank of India,7339210,1992944,9332154,204505.08,4801730,(A) Public Sector Banks,11/28/2018
United Bank of India,7808882,5103536,12912418,805576.78,10417858,(A) Public Sector Banks,11/28/2018
Vijaya Bank,872250,673556,1545806,22406.56,1518025,(A) Public Sector Banks,11/28/2018
Public Sector Banks Sub Total,145175437,123582771,268758208,6740778.17,217034714,(A) Public Sector Banks,11/28/2018
Allahabad Bank,1019010,169314,1188324,29976.81,781002,(B) Regional Rural Bank,11/28/2018
Andhra Bank,167573,17466,185039,3324.83,101172,(B) Regional Rural Bank,11/28/2018
Bank of Baroda,5465951,1529655,6995606,200965.81,5396249,(B) Regional Rural Bank,11/28/2018
Bank of India,3249829,1074252,4324081,89797.2,3804512,(B) Regional Rural Bank,11/28/2018
Bank of Maharashtra,1032966,140701,1173667,32012.77,799736,(B) Regional Rural Bank,11/28/2018
Canara Bank,657476,447897,1105373,54057.97,1076601,(B) Regional Rural Bank,11/28/2018
Central Bank of India,3465347,822120,4287467,122399.99,3776281,(B) Regional Rural Bank,11/28/2018
Dena Bank,433355,14826,448181,15821.25,295670,(B) Regional Rural Bank,11/28/2018
Indian Bank,473344,163572,636916,8429.69,564484,(B) Regional Rural Bank,11/28/2018
Indian Overseas Bank,1023746,34152,1057898,32813.61,616138,(B) Regional Rural Bank,11/28/2018
Jammu & Kashmir Bank Ltd,109185,18316,127501,6221.05,22168,(B) Regional Rural Bank,11/28/2018
Punjab & Sind Bank,20125,1520,21645,378.51,18721,(B) Regional Rural Bank,11/28/2018
Punjab National Bank,3188764,575637,3764401,136382.26,3212146,(B) Regional Rural Bank,11/28/2018
State Bank of India,11860596,2403158,14263754,318187.98,6430641,(B) Regional Rural Bank,11/28/2018
Syndicate Bank,2101890,565200,2667090,101651.28,2521361,(B) Regional Rural Bank,11/28/2018
UCO Bank,1736246,63844,1800090,41185.05,559347,(B) Regional Rural Bank,11/28/2018
Union Bank of India,1145200,398095,1543295,39412.81,764330,(B) Regional Rural Bank,11/28/2018
United Bank of India,8970445,107236,9077681,220979.71,6743211,(B) Regional Rural Bank,11/28/2018
Regional Rural Banks Sub Total,46121048,8546961,54668009,1453998.58,37483770,(B) Regional Rural Bank,11/28/2018
Axis Bank Ltd,131516,684352,815868,19620.9,721480,(C) Major Private Banks,11/28/2018
City Union Bank Ltd,9584,75908,85492,1541.55,84543,(C) Major Private Banks,11/28/2018
Federal Bank Ltd,420331,82255,502586,20157.19,437525,(C) Major Private Banks,11/28/2018
HDFC Bank Ltd,339735,1479656,1819391,95620.69,1818713,(C) Major Private Banks,11/28/2018
ICICI Bank Ltd,3613673,704220,4317893,22944.93,4317893,(C) Major Private Banks,11/28/2018
IndusInd Bank Ltd,44929,435320,480249,3186.38,452276,(C) Major Private Banks,11/28/2018
Jammu & Kashmir Bank Ltd,1368792,180433,1549225,65230.55,1234361,(C) Major Private Banks,11/28/2018
Karur Vysya Bank,27027,170827,197854,1702.98,194421,(C) Major Private Banks,11/28/2018
Kotak Mahindra Bank Ltd,106766,70472,177238,2052.29,129663,(C) Major Private Banks,11/28/2018
Lakshmi Vilas Bank Ltd,39075,102770,141845,1694.72,127175,(C) Major Private Banks,11/28/2018
RBL Bank Ltd,59787,35520,95307,245.73,93145,(C) Major Private Banks,11/28/2018
South Indian Bank Ltd,30622,180384,211006,4730.08,59893,(C) Major Private Banks,11/28/2018
Yes Bank Ltd,6755,5779,12534,231.84,12192,(C) Major Private Banks,11/28/2018
Major Private Banks Sub Total,6198592,4207896,10406488,238959.84,9683280,(C) Major Private Banks,11/28/2018
Public Sector Banks,145335588,123724472,269060060,6780371.81,217215284,Summary,12/05/2018
Regional Rural Banks,46345217,8734460,55079677,1458920.01,37501549,Summary,12/05/2018
Private Sector Banks,6205016,4228571,10433587,242162.1,9710941,Summary,12/05/2018
Grand Total,197885821,136687503,334573324,8481453.92,264427774,Summary,12/05/2018
Allahabad Bank,7153951,2700025,9853976,281504.52,6096873,(A) Public Sector Banks,12/05/2018
Andhra Bank,1595006,913832,2508838,39144.33,1858956,(A) Public Sector Banks,12/05/2018
Bank of Baroda,10520754,17608031,28128785,789895.8,25975327,(A) Public Sector Banks,12/05/2018
Bank of India,9914814,10815311,20730125,498566.09,18760031,(A) Public Sector Banks,12/05/2018
Bank of Maharashtra,4172812,1216748,5389560,122639.32,1166953,(A) Public Sector Banks,12/05/2018
Canara Bank,4880449,2193721,7074170,217937.4,4265780,(A) Public Sector Banks,12/05/2018
Central Bank of India,10254004,2291507,12545511,261672.74,11740940,(A) Public Sector Banks,12/05/2018
Corporation Bank,1390146,1490737,2880883,110409.09,2648015,(A) Public Sector Banks,12/05/2018
Dena Bank,3752882,960306,4713188,116915.72,3244799,(A) Public Sector Banks,12/05/2018
IDBI Bank Ltd.,467463,367635,835098,22686.93,677441,(A) Public Sector Banks,12/05/2018
Indian Bank,2400010,1159397,3559407,52485.54,3524806,(A) Public Sector Banks,12/05/2018
Indian Overseas Bank,999506,3490458,4489964,89080.25,4236844,(A) Public Sector Banks,12/05/2018
Oriental Bank of Commerce,2540490,1914725,4455215,361332.25,3873224,(A) Public Sector Banks,12/05/2018
Punjab & Sind Bank,701486,425735,1127221,66987.81,1026782,(A) Public Sector Banks,12/05/2018
Punjab National Bank,16040115,2877098,18917213,410962.49,18024953,(A) Public Sector Banks,12/05/2018
State Bank of India,45212985,60887516,106100501,1963943.11,85412368,(A) Public Sector Banks,12/05/2018
Syndicate Bank,3192209,1422767,4614976,143235.38,4020978,(A) Public Sector Banks,12/05/2018
UCO Bank,4105277,3204916,7310193,196609.99,3909820,(A) Public Sector Banks,12/05/2018
Union Bank of India,7354661,2003420,9358081,206047.66,4797344,(A) Public Sector Banks,12/05/2018
United Bank of India,7814166,5106933,12921099,805368.83,10434701,(A) Public Sector Banks,12/05/2018
Vijaya Bank,872402,673654,1546056,22946.56,1518349,(A) Public Sector Banks,12/05/2018
Public Sector Banks Sub Total,145335588,123724472,269060060,6780371.81,217215284,(A) Public Sector Banks,12/05/2018
Allahabad Bank,1026274,169314,1195588,30477.89,781002,(B) Regional Rural Bank,12/05/2018
Andhra Bank,167561,17469,185030,3246.15,101201,(B) Regional Rural Bank,12/05/2018
Bank of Baroda,5480162,1533776,7013938,204548.25,5408148,(B) Regional Rural Bank,12/05/2018
Bank of India,3251889,1075260,4327149,90063.11,3804512,(B) Regional Rural Bank,12/05/2018
Bank of Maharashtra,1032966,140701,1173667,32012.77,799736,(B) Regional Rural Bank,12/05/2018
Canara Bank,657819,448118,1105937,54641.61,1077120,(B) Regional Rural Bank,12/05/2018
Central Bank of India,3466625,822705,4289330,121740.67,3775298,(B) Regional Rural Bank,12/05/2018
Dena Bank,433355,14826,448181,15821.25,295670,(B) Regional Rural Bank,12/05/2018
Indian Bank,475963,166149,642112,8184.12,564713,(B) Regional Rural Bank,12/05/2018
Indian Overseas Bank,1024905,34184,1059089,32889.23,616138,(B) Regional Rural Bank,12/05/2018
Jammu & Kashmir Bank Ltd,109296,18330,127626,6219.42,22174,(B) Regional Rural Bank,12/05/2018
Punjab & Sind Bank,20473,1551,22024,371.79,19035,(B) Regional Rural Bank,12/05/2018
Punjab National Bank,3195254,576906,3772160,137133.02,3214798,(B) Regional Rural Bank,12/05/2018
State Bank of India,12035012,2578445,14613457,321276.1,6433031,(B) Regional Rural Bank,12/05/2018
Syndicate Bank,2105776,566952,2672728,95530.8,2521390,(B) Regional Rural Bank,12/05/2018
UCO Bank,1746243,64164,1810407,41258.16,559347,(B) Regional Rural Bank,12/05/2018
Union Bank of India,1145736,398394,1544130,39608.27,764530,(B) Regional Rural Bank,12/05/2018
United Bank of India,8969908,107216,9077124,223897.39,6743706,(B) Regional Rural Bank,12/05/2018
Regional Rural Banks Sub Total,46345217,8734460,55079677,1458920.01,37501549,(B) Regional Rural Bank,12/05/2018
Axis Bank Ltd,131672,686122,817794,19626.24,722825,(C) Major Private Banks,12/05/2018
City Union Bank Ltd,9605,75671,85276,1555.75,84543,(C) Major Private Banks,12/05/2018
Federal Bank Ltd,420931,82329,503260,20320.63,438083,(C) Major Private Banks,12/05/2018
HDFC Bank Ltd,339926,1480844,1820770,98045.42,1820092,(C) Major Private Banks,12/05/2018
ICICI Bank Ltd,3618525,720677,4339202,23167.35,4339202,(C) Major Private Banks,12/05/2018
IndusInd Bank Ltd,45154,436571,481725,3450.57,453826,(C) Major Private Banks,12/05/2018
Jammu & Kashmir Bank Ltd,1369175,180509,1549684,65436.08,1235454,(C) Major Private Banks,12/05/2018
Karur Vysya Bank,27027,170827,197854,1702.98,194421,(C) Major Private Banks,12/05/2018
Kotak Mahindra Bank Ltd,106752,70452,177204,2074.54,129974,(C) Major Private Banks,12/05/2018
Lakshmi Vilas Bank Ltd,39085,102889,141974,1714.42,127298,(C) Major Private Banks,12/05/2018
RBL Bank Ltd,59787,35520,95307,246.86,93140,(C) Major Private Banks,12/05/2018
South Indian Bank Ltd,30622,180384,211006,4730.08,59893,(C) Major Private Banks,12/05/2018
Yes Bank Ltd,6755,5776,12531,91.17,12190,(C) Major Private Banks,12/05/2018
Major Private Banks Sub Total,6205016,4228571,10433587,242162.1,9710941,(C) Major Private Banks,12/05/2018
Public Sector Banks,145958004,123927665,269885669,6853823.85,218934073,Summary,12/12/2018
Regional Rural Banks,46418257,8744921,55163178,1455391.38,37523086,Summary,12/12/2018
Private Sector Banks,6206257,4237711,10443968,240254.26,9782195,Summary,12/12/2018
Grand Total,198582518,136910297,335492815,8549469.49,266239354,Summary,12/12/2018
Allahabad Bank,7180282,2716122,9896404,284107.47,6097027,(A) Public Sector Banks,12/12/2018
Andhra Bank,1597218,914367,2511585,39201.25,1861505,(A) Public Sector Banks,12/12/2018
Bank of Baroda,10579718,17733215,28312933,802382.92,26070532,(A) Public Sector Banks,12/12/2018
Bank of India,10117877,10704709,20822586,511183.41,18798200,(A) Public Sector Banks,12/12/2018
Bank of Maharashtra,4183081,1218758,5401839,123612,1170619,(A) Public Sector Banks,12/12/2018
Canara Bank,4887976,2196301,7084277,219614.58,4266487,(A) Public Sector Banks,12/12/2018
Central Bank of India,10270158,2292872,12563030,262483.16,11754324,(A) Public Sector Banks,12/12/2018
Corporation Bank,1426883,1529397,2956280,112370.33,2662129,(A) Public Sector Banks,12/12/2018
Dena Bank,3761727,961380,4723107,118626.59,3244558,(A) Public Sector Banks,12/12/2018
IDBI Bank Ltd.,467843,367788,835631,22917.87,677474,(A) Public Sector Banks,12/12/2018
Indian Bank,2403077,1160461,3563538,52864.22,3528937,(A) Public Sector Banks,12/12/2018
Indian Overseas Bank,999835,3491391,4491226,89394.01,4238269,(A) Public Sector Banks,12/12/2018
Oriental Bank of Commerce,2541417,1915904,4457321,363455.05,3873139,(A) Public Sector Banks,12/12/2018
Punjab & Sind Bank,712301,425735,1138036,67278.87,1035636,(A) Public Sector Banks,12/12/2018
Punjab National Bank,16048307,2878562,18926869,415322,18047154,(A) Public Sector Banks,12/12/2018
State Bank of India,45415441,60996003,106411444,1992408.32,86916482,(A) Public Sector Banks,12/12/2018
Syndicate Bank,3197126,1424173,4621299,143250.39,4022124,(A) Public Sector Banks,12/12/2018
UCO Bank,4114013,3211141,7325154,197560,3916088,(A) Public Sector Banks,12/12/2018
Union Bank of India,7363788,2006643,9370431,207275.01,4795479,(A) Public Sector Banks,12/12/2018
United Bank of India,7817407,5109006,12926413,805569.82,10439561,(A) Public Sector Banks,12/12/2018
Vijaya Bank,872529,673737,1546266,22946.56,1518349,(A) Public Sector Banks,12/12/2018
Public Sector Banks Sub Total,145958004,123927665,269885669,6853823.85,218934073,(A) Public Sector Banks,12/12/2018
Allahabad Bank,1029684,169314,1198998,30588.46,781002,(B) Regional Rural Bank,12/12/2018
Andhra Bank,167555,17467,185022,3206.48,101220,(B) Regional Rural Bank,12/12/2018
Bank of Baroda,5491033,1536794,7027827,205284.52,5417487,(B) Regional Rural Bank,12/12/2018
Bank of India,3254591,1076391,4330982,90667.15,3804512,(B) Regional Rural Bank,12/12/2018
Bank of Maharashtra,1061896,140762,1202658,32806.98,800203,(B) Regional Rural Bank,12/12/2018
Canara Bank,658164,448358,1106522,54563.31,1077632,(B) Regional Rural Bank,12/12/2018
Central Bank of India,3467894,823679,4291573,122944.01,3774456,(B) Regional Rural Bank,12/12/2018
Dena Bank,437600,15078,452678,16036.43,295965,(B) Regional Rural Bank,12/12/2018
Indian Bank,477319,166435,643754,8095.86,564911,(B) Regional Rural Bank,12/12/2018
Indian Overseas Bank,1025889,34215,1060104,32855.56,616138,(B) Regional Rural Bank,12/12/2018
Jammu & Kashmir Bank Ltd,109354,18337,127691,6241.4,22177,(B) Regional Rural Bank,12/12/2018
Punjab & Sind Bank,20483,1555,22038,371.79,19046,(B) Regional Rural Bank,12/12/2018
Punjab National Bank,3203828,578411,3782239,137576.86,3218281,(B) Regional Rural Bank,12/12/2018
State Bank of India,12035012,2578445,14613457,321276.1,6433031,(B) Regional Rural Bank,12/12/2018
Syndicate Bank,2112354,571298,2683652,102903.91,2528782,(B) Regional Rural Bank,12/12/2018
UCO Bank,1747084,64191,1811275,41312.89,559347,(B) Regional Rural Bank,12/12/2018
Union Bank of India,1148264,399477,1547741,39848.41,764970,(B) Regional Rural Bank,12/12/2018
United Bank of India,8970253,104714,9074967,208811.28,6743926,(B) Regional Rural Bank,12/12/2018
Regional Rural Banks Sub Total,46418257,8744921,55163178,1455391.38,37523086,(B) Regional Rural Bank,12/12/2018
Axis Bank Ltd,131802,687350,819152,20093.31,723910,(C) Major Private Banks,12/12/2018
City Union Bank Ltd,9605,75671,85276,1555.75,84543,(C) Major Private Banks,12/12/2018
Federal Bank Ltd,421263,82321,503584,20542.92,438463,(C) Major Private Banks,12/12/2018
HDFC Bank Ltd,340082,1481621,1821703,95350.22,1821025,(C) Major Private Banks,12/12/2018
ICICI Bank Ltd,3618211,720677,4338888,23004.88,4338888,(C) Major Private Banks,12/12/2018
IndusInd Bank Ltd,46025,443241,489266,3413.07,461351,(C) Major Private Banks,12/12/2018
Jammu & Kashmir Bank Ltd,1369175,180509,1549684,65436.08,1296711,(C) Major Private Banks,12/12/2018
Karur Vysya Bank,27103,171118,198221,1772.85,194782,(C) Major Private Banks,12/12/2018
Kotak Mahindra Bank Ltd,106748,70446,177194,2061.14,129963,(C) Major Private Banks,12/12/2018
Lakshmi Vilas Bank Ltd,39079,103080,142159,1802.48,127345,(C) Major Private Banks,12/12/2018
RBL Bank Ltd,59787,35520,95307,249.68,93134,(C) Major Private Banks,12/12/2018
South Indian Bank Ltd,30622,180384,211006,4730.08,59893,(C) Major Private Banks,12/12/2018
Yes Bank Ltd,6755,5773,12528,241.81,12187,(C) Major Private Banks,12/12/2018
Major Private Banks Sub Total,6206257,4237711,10443968,240254.26,9782195,(C) Major Private Banks,12/12/2018
Public Sector Banks,146221197,124153588,270374785,6881688.28,220350083,Summary,12/19/2018
Regional Rural Banks,46536981,8769424,55306405,1470103.5,37670927,Summary,12/19/2018
Private Sector Banks,6210530,4257036,10467566,239601.25,9805236,Summary,12/19/2018
Grand Total,198968708,137180048,336148756,8591393.03,267826246,Summary,12/19/2018
Allahabad Bank,7198116,2729562,9927678,289008.65,6097193,(A) Public Sector Banks,12/19/2018
Andhra Bank,1599618,915195,2514813,39063.94,1862674,(A) Public Sector Banks,12/19/2018
Bank of Baroda,10610981,17798253,28409234,806213.96,26157599,(A) Public Sector Banks,12/19/2018
Bank of India,10134178,10720021,20854199,512583.95,18884112,(A) Public Sector Banks,12/19/2018
Bank of Maharashtra,4194436,1221007,5415443,124347.72,1175001,(A) Public Sector Banks,12/19/2018
Canara Bank,4895893,2199277,7095170,219821.01,4266423,(A) Public Sector Banks,12/19/2018
Central Bank of India,10305126,2296147,12601273,264566.32,11773474,(A) Public Sector Banks,12/19/2018
Corporation Bank,1426883,1529397,2956280,112370.33,2662129,(A) Public Sector Banks,12/19/2018
Dena Bank,3770330,962707,4733037,118736.7,3383776,(A) Public Sector Banks,12/19/2018
IDBI Bank Ltd.,468322,367973,836295,22861.12,677403,(A) Public Sector Banks,12/19/2018
Indian Bank,2406919,1161968,3568887,52419.21,3534286,(A) Public Sector Banks,12/19/2018
Indian Overseas Bank,1000419,3493093,4493512,89484.41,4240560,(A) Public Sector Banks,12/19/2018
Oriental Bank of Commerce,2542963,1917440,4460403,364525.15,3872218,(A) Public Sector Banks,12/19/2018
Punjab & Sind Bank,720532,427324,1147856,67436.68,1042462,(A) Public Sector Banks,12/19/2018
Punjab National Bank,16054173,2879195,18933368,417906.01,18084996,(A) Public Sector Banks,12/19/2018
State Bank of India,45498211,61096206,106594417,2003432.7,87932510,(A) Public Sector Banks,12/19/2018
Syndicate Bank,3202476,1425442,4627918,142982.87,4023255,(A) Public Sector Banks,12/19/2018
UCO Bank,4121058,3215099,7336157,197810.87,3919143,(A) Public Sector Banks,12/19/2018
Union Bank of India,7372794,2010214,9383008,207449.05,4793516,(A) Public Sector Banks,12/19/2018
United Bank of India,7823164,5112712,12935876,805577.81,10446862,(A) Public Sector Banks,12/19/2018
Vijaya Bank,874605,675356,1549961,23089.81,1520491,(A) Public Sector Banks,12/19/2018
Public Sector Banks Sub Total,146221197,124153588,270374785,6881688.28,220350083,(A) Public Sector Banks,12/19/2018
Allahabad Bank,1031099,169314,1200413,30641.46,781002,(B) Regional Rural Bank,12/19/2018
Andhra Bank,167555,17467,185022,3206.48,101220,(B) Regional Rural Bank,12/19/2018
Bank of Baroda,5504811,1540531,7045342,207218.17,5427644,(B) Regional Rural Bank,12/19/2018
Bank of India,3256519,1077180,4333699,91336.98,3804512,(B) Regional Rural Bank,12/19/2018
Bank of Maharashtra,1070427,140773,1211200,33138.91,800219,(B) Regional Rural Bank,12/19/2018
Canara Bank,658413,448533,1106946,54563.31,1078056,(B) Regional Rural Bank,12/19/2018
Central Bank of India,3469602,824484,4294086,123377.1,3773033,(B) Regional Rural Bank,12/19/2018
Dena Bank,439855,15160,455015,16097.98,296354,(B) Regional Rural Bank,12/19/2018
Indian Bank,478482,166674,645156,8086.56,565104,(B) Regional Rural Bank,12/19/2018
Indian Overseas Bank,1025889,34215,1060104,32855.56,616138,(B) Regional Rural Bank,12/19/2018
Jammu & Kashmir Bank Ltd,109448,18360,127808,6267,22180,(B) Regional Rural Bank,12/19/2018
Punjab & Sind Bank,20494,1561,22055,371.79,19046,(B) Regional Rural Bank,12/19/2018
Punjab National Bank,3222592,582299,3804891,138797.12,3227569,(B) Regional Rural Bank,12/19/2018
State Bank of India,12075089,2586057,14661146,326105.25,6561264,(B) Regional Rural Bank,12/19/2018
Syndicate Bank,2118111,575210,2693321,94827.42,2528782,(B) Regional Rural Bank,12/19/2018
UCO Bank,1750918,64358,1815276,41526.61,559347,(B) Regional Rural Bank,12/19/2018
Union Bank of India,1149577,400037,1549614,40245.92,765260,(B) Regional Rural Bank,12/19/2018
United Bank of India,8988100,107211,9095311,221439.88,6744197,(B) Regional Rural Bank,12/19/2018
Regional Rural Banks Sub Total,46536981,8769424,55306405,1470103.5,37670927,(B) Regional Rural Bank,12/19/2018
Axis Bank Ltd,131952,688732,820684,19881.6,725063,(C) Major Private Banks,12/19/2018
City Union Bank Ltd,9605,75671,85276,1555.75,84543,(C) Major Private Banks,12/19/2018
Federal Bank Ltd,421622,82333,503955,21067.59,438766,(C) Major Private Banks,12/19/2018
HDFC Bank Ltd,343756,1497346,1841102,94363.84,1840424,(C) Major Private Banks,12/19/2018
ICICI Bank Ltd,3617988,720677,4338665,22810.68,4338665,(C) Major Private Banks,12/19/2018
IndusInd Bank Ltd,46248,445136,491384,3772.71,463454,(C) Major Private Banks,12/19/2018
Jammu & Kashmir Bank Ltd,1369229,180516,1549745,65436.08,1296711,(C) Major Private Banks,12/19/2018
Karur Vysya Bank,27146,171339,198485,1695.45,195051,(C) Major Private Banks,12/19/2018
Kotak Mahindra Bank Ltd,106734,70420,177154,2053.97,129924,(C) Major Private Banks,12/19/2018
Lakshmi Vilas Bank Ltd,39086,103193,142279,1726.69,127428,(C) Major Private Banks,12/19/2018
RBL Bank Ltd,59787,35520,95307,249.79,93132,(C) Major Private Banks,12/19/2018
South Indian Bank Ltd,30622,180384,211006,4730.08,59893,(C) Major Private Banks,12/19/2018
Yes Bank Ltd,6755,5769,12524,257.01,12182,(C) Major Private Banks,12/19/2018
Major Private Banks Sub Total,6210530,4257036,10467566,239601.25,9805236,(C) Major Private Banks,12/19/2018
Public Sector Banks,146229322,124314618,270543940,6908371.17,221035028,Summary,12/26/2018
Regional Rural Banks,46723565,8810595,55534160,1483823.55,37851033,Summary,12/26/2018
Private Sector Banks,6213441,4276786,10490227,239884.58,9827742,Summary,12/26/2018
Grand Total,199166328,137401999,336568327,8632079.3,268713803,Summary,12/26/2018
Allahabad Bank,7217984,2736227,9954211,292922.68,6099478,(A) Public Sector Banks,12/26/2018
Andhra Bank,1600148,915323,2515471,39187.15,1862895,(A) Public Sector Banks,12/26/2018
Bank of Baroda,10640931,17861954,28502885,809757.31,26241953,(A) Public Sector Banks,12/26/2018
Bank of India,10142359,10728215,20870574,514975.48,18883459,(A) Public Sector Banks,12/26/2018
Bank of Maharashtra,4201143,1222527,5423670,124878.95,1177717,(A) Public Sector Banks,12/26/2018
Canara Bank,4898725,2200486,7099211,220059.9,4265429,(A) Public Sector Banks,12/26/2018
Central Bank of India,10323388,2297592,12620980,265473.67,11806600,(A) Public Sector Banks,12/26/2018
Corporation Bank,1426627,1530267,2956894,112255.19,2667767,(A) Public Sector Banks,12/26/2018
Dena Bank,3776920,963310,4740230,119212.87,3383753,(A) Public Sector Banks,12/26/2018
IDBI Bank Ltd.,468657,368032,836689,22891.49,677571,(A) Public Sector Banks,12/26/2018
Indian Bank,2408301,1162534,3570835,52198.46,3536234,(A) Public Sector Banks,12/26/2018
Indian Overseas Bank,1000490,3493529,4494019,89552.8,4240750,(A) Public Sector Banks,12/26/2018
Oriental Bank of Commerce,2543968,1918167,4462135,363306.53,3872687,(A) Public Sector Banks,12/26/2018
Punjab & Sind Bank,727744,429194,1156938,67592.77,1050126,(A) Public Sector Banks,12/26/2018
Punjab National Bank,16058969,2879804,18938773,419908.5,18095224,(A) Public Sector Banks,12/26/2018
State Bank of India,45376033,61158928,106534961,2013493.09,88463212,(A) Public Sector Banks,12/26/2018
Syndicate Bank,3203756,1425931,4629687,143383.24,4024120,(A) Public Sector Banks,12/26/2018
UCO Bank,4121058,3215099,7336157,197810.87,3919143,(A) Public Sector Banks,12/26/2018
Union Bank of India,7389053,2015751,9404804,211085.54,4790790,(A) Public Sector Banks,12/26/2018
United Bank of India,7825975,5114478,12940453,805371.83,10451267,(A) Public Sector Banks,12/26/2018
Vijaya Bank,877093,677270,1554363,23052.86,1524853,(A) Public Sector Banks,12/26/2018
Public Sector Banks Sub Total,146229322,124314618,270543940,6908371.17,221035028,(A) Public Sector Banks,12/26/2018
Allahabad Bank,1032532,169314,1201846,31249.58,781002,(B) Regional Rural Bank,12/26/2018
Andhra Bank,167532,17465,184997,3155.2,101247,(B) Regional Rural Bank,12/26/2018
Bank of Baroda,5516066,1543686,7059752,208936.64,5435164,(B) Regional Rural Bank,12/26/2018
Bank of India,3257895,1077588,4335483,92898.25,3804512,(B) Regional Rural Bank,12/26/2018
Bank of Maharashtra,1077395,140784,1218179,33702.27,800547,(B) Regional Rural Bank,12/26/2018
Canara Bank,792411,477955,1270366,55950.51,1241468,(B) Regional Rural Bank,12/26/2018
Central Bank of India,3470474,825033,4295507,123698.94,3772108,(B) Regional Rural Bank,12/26/2018
Dena Bank,441298,15508,456806,16139.98,296647,(B) Regional Rural Bank,12/26/2018
Indian Bank,479389,166908,646297,8110.78,565177,(B) Regional Rural Bank,12/26/2018
Indian Overseas Bank,1026350,34221,1060571,32793.79,616138,(B) Regional Rural Bank,12/26/2018
Jammu & Kashmir Bank Ltd,109594,18388,127982,6260.61,22185,(B) Regional Rural Bank,12/26/2018
Punjab & Sind Bank,20494,1561,22055,371.79,19046,(B) Regional Rural Bank,12/26/2018
Punjab National Bank,3238507,584755,3823262,139867.23,3232346,(B) Regional Rural Bank,12/26/2018
State Bank of India,12080807,2588029,14668836,324625.53,6562155,(B) Regional Rural Bank,12/26/2018
Syndicate Bank,2121707,576716,2698423,102081.94,2531487,(B) Regional Rural Bank,12/26/2018
UCO Bank,1750918,64358,1815276,41526.61,559347,(B) Regional Rural Bank,12/26/2018
Union Bank of India,1152096,401115,1553211,40735.17,765320,(B) Regional Rural Bank,12/26/2018
United Bank of India,8988100,107211,9095311,221718.71,6745137,(B) Regional Rural Bank,12/26/2018
Regional Rural Banks Sub Total,46723565,8810595,55534160,1483823.55,37851033,(B) Regional Rural Bank,12/26/2018
Axis Bank Ltd,132011,689698,821709,19837.21,725819,(C) Major Private Banks,12/26/2018
City Union Bank Ltd,9612,75791,85403,1555.75,84543,(C) Major Private Banks,12/26/2018
Federal Bank Ltd,421622,82333,503955,21067.59,438766,(C) Major Private Banks,12/26/2018
HDFC Bank Ltd,346908,1515386,1862294,94882.08,1861616,(C) Major Private Banks,12/26/2018
ICICI Bank Ltd,3617671,720677,4338348,23115.69,4338348,(C) Major Private Banks,12/26/2018
IndusInd Bank Ltd,46256,445587,491843,3339.97,463962,(C) Major Private Banks,12/26/2018
Jammu & Kashmir Bank Ltd,1369229,180516,1549745,65436.08,1296711,(C) Major Private Banks,12/26/2018
Karur Vysya Bank,27157,171363,198520,1662.93,195206,(C) Major Private Banks,12/26/2018
Kotak Mahindra Bank Ltd,106727,70408,177135,2045.42,129904,(C) Major Private Banks,12/26/2018
Lakshmi Vilas Bank Ltd,39086,103350,142436,1718.17,127660,(C) Major Private Banks,12/26/2018
RBL Bank Ltd,59787,35520,95307,250.15,93132,(C) Major Private Banks,12/26/2018
South Indian Bank Ltd,30622,180384,211006,4730.08,59893,(C) Major Private Banks,12/26/2018
Yes Bank Ltd,6753,5773,12526,243.46,12182,(C) Major Private Banks,12/26/2018
Major Private Banks Sub Total,6213441,4276786,10490227,239884.58,9827742,(C) Major Private Banks,12/26/2018
