Bank Name / Type,Number of Beneficiaries at rural/semiurban centre bank branches,Number of Beneficiaries at urban metro centre bank branches,Number of Total Beneficiaries,Deposits in Accounts(In lac),Number of Rupay Debit Cards issued to beneficiaries,level,date
Public Sector Banks,17394862,14845177,32240039,93390.3,10402669,Summary,09/24/2014
Regional Rural Banks,357621,66286,423907,1431.38,6119,Summary,09/24/2014
Private Sector Banks,359258,471164,830422,1090.87,55489,Summary,09/24/2014
Grand Total,18111741,15382627,33494368,95912.55,10464277,Summary,09/24/2014
Andhra Bank,584929,433918,1018847,254.31,762409,(A) Public Sector Banks,09/24/2014
Bank of Baroda,958981,1617242,2576223,1366.41,1973850,(A) Public Sector Banks,09/24/2014
Bank of Maharashtra,560682,304735,865417,582.01,37684,(A) Public Sector Banks,09/24/2014
Canara Bank,1599843,885426,2485269,4467.66,93940,(A) Public Sector Banks,09/24/2014
Central Bank of India,1831008,649487,2480495,1973.4,395030,(A) Public Sector Banks,09/24/2014
Corporation Bank,507510,462572,970082,725.97,431146,(A) Public Sector Banks,09/24/2014
Dena Bank,538846,367735,906581,685.16,218921,(A) Public Sector Banks,09/24/2014
IDBI Bank Ltd.,226058,226935,452993,233.02,126239,(A) Public Sector Banks,09/24/2014
Indian Bank,863709,553175,1416884,685.83,868542,(A) Public Sector Banks,09/24/2014
Indian Overseas Bank,385808,854401,1240209,462.32,390804,(A) Public Sector Banks,09/24/2014
Oriental Bank of Commerce,611187,468934,1080121,1619.58,116799,(A) Public Sector Banks,09/24/2014
Punjab & Sind Bank,381827,240786,622613,1062.31,338403,(A) Public Sector Banks,09/24/2014
Punjab National Bank,2225853,690332,2916185,71885.09,465269,(A) Public Sector Banks,09/24/2014
State Bank of Hyderabad,327907,749894,1077801,281.55,314155,(A) Public Sector Banks,09/24/2014
State Bank of India,2980000,4139554,7119554,2739.08,2329992,(A) Public Sector Banks,09/24/2014
Syndicate Bank,1065208,643891,1709099,531.18,618289,(A) Public Sector Banks,09/24/2014
UCO Bank,718187,768684,1486871,1663.74,503621,(A) Public Sector Banks,09/24/2014
United Bank of India,751228,538973,1290201,1921.21,143275,(A) Public Sector Banks,09/24/2014
Vijaya Bank,276091,248503,524594,250.47,274301,(A) Public Sector Banks,09/24/2014
Public Sector Banks Sub Total,17394862,14845177,32240039,93390.3,10402669,(A) Public Sector Banks,09/24/2014
Dena Bank,69527,4251,73778,250,887,(B) Regional Rural Bank,09/24/2014
United Bank of India,288094,62035,350129,1181.39,5232,(B) Regional Rural Bank,09/24/2014
Regional Rural Banks Sub Total,357621,66286,423907,1431.38,6119,(B) Regional Rural Bank,09/24/2014
Axis Bank Ltd,56014,68474,124488,62.79,0,(C) Major Private Banks,09/24/2014
City Union Bank Ltd,5823,25189,31012,57.41,0,(C) Major Private Banks,09/24/2014
HDFC Bank Ltd,58630,258251,316881,804.46,20746,(C) Major Private Banks,09/24/2014
ICICI Bank Ltd,194386,60837,255223,148.21,4442,(C) Major Private Banks,09/24/2014
Karur Vysya Bank,3392,36906,40298,12.49,16922,(C) Major Private Banks,09/24/2014
Kotak Mahindra Bank Ltd,14116,9338,23454,3.14,0,(C) Major Private Banks,09/24/2014
RBL Bank Ltd,26897,12169,39066,2.36,13379,(C) Major Private Banks,09/24/2014
Major Private Banks Sub Total,359258,471164,830422,1090.87,55489,(C) Major Private Banks,09/24/2014
Public Sector Banks,4029772,2754484,6784256,10466.93,1703977,Summary,10/01/2014
Regional Rural Banks,198184,91256,289440,0,48719,Summary,10/01/2014
Grand Total,4227956,2845740,7073696,10466.93,1752696,Summary,10/01/2014
Canara Bank,1774285,946200,2720485,3104.81,113798,(A) Public Sector Banks,10/01/2014
Syndicate Bank,1163372,691817,1855189,2.42,618289,(A) Public Sector Banks,10/01/2014
UCO Bank,791743,846370,1638113,6628.86,619740,(A) Public Sector Banks,10/01/2014
Vijaya Bank,300372,270097,570469,730.83,352150,(A) Public Sector Banks,10/01/2014
Public Sector Banks Sub Total,4029772,2754484,6784256,10466.93,1703977,(A) Public Sector Banks,10/01/2014
Canara Bank,198184,91256,289440,0,48719,(B) Regional Rural Bank,10/01/2014
Regional Rural Banks Sub Total,198184,91256,289440,0,48719,(B) Regional Rural Bank,10/01/2014
Major Private Banks Sub Total,,,,,,(C) Major Private Banks,10/01/2014
Public Sector Banks,14856505,13855257,28711762,11133.84,14468061,Summary,10/08/2014
Regional Rural Banks,313222,78792,392014,1573,6694,Summary,10/08/2014
Private Sector Banks,469494,292553,762047,825.93,80854,Summary,10/08/2014
Grand Total,15639221,14226602,29865823,13532.77,14555609,Summary,10/08/2014
Andhra Bank,635099,465817,1100916,292.7,864234,(A) Public Sector Banks,10/08/2014
Bank of Baroda,1129334,1835576,2964910,810.7,2307438,(A) Public Sector Banks,10/08/2014
Bank of India,1004197,1521534,2525731,740.14,1407469,(A) Public Sector Banks,10/08/2014
Bank of Maharashtra,651554,338579,990133,594.45,146314,(A) Public Sector Banks,10/08/2014
Central Bank of India,2072937,716338,2789275,2071.84,1071545,(A) Public Sector Banks,10/08/2014
Indian Bank,940544,598693,1539237,666.55,1426828,(A) Public Sector Banks,10/08/2014
Oriental Bank of Commerce,687386,515288,1202674,1603.92,431155,(A) Public Sector Banks,10/08/2014
State Bank of Bikaner & Jaipur,412558,574101,986659,0,230018,(A) Public Sector Banks,10/08/2014
State Bank of India,3674485,5249691,8924176,2090.61,3397761,(A) Public Sector Banks,10/08/2014
State Bank of Mysore,333888,114619,448507,228.34,305440,(A) Public Sector Banks,10/08/2014
Syndicate Bank,1186045,703044,1889089,6.12,725621,(A) Public Sector Banks,10/08/2014
UCO Bank,814077,868417,1682494,1680.94,665302,(A) Public Sector Banks,10/08/2014
Union Bank of India,1314401,353560,1667961,347.52,1488936,(A) Public Sector Banks,10/08/2014
Public Sector Banks Sub Total,14856505,13855257,28711762,11133.84,14468061,(A) Public Sector Banks,10/08/2014
Union Bank of India,313222,78792,392014,1573,6694,(B) Regional Rural Bank,10/08/2014
Regional Rural Banks Sub Total,313222,78792,392014,1573,6694,(B) Regional Rural Bank,10/08/2014
Axis Bank Ltd,70407,100669,171076,70.69,0,(C) Major Private Banks,10/08/2014
City Union Bank Ltd,6148,27285,33433,38.92,0,(C) Major Private Banks,10/08/2014
Federal Bank Ltd,77862,24077,101939,463.28,26894,(C) Major Private Banks,10/08/2014
ICICI Bank Ltd,263777,73611,337388,230.12,4563,(C) Major Private Banks,10/08/2014
Karur Vysya Bank,3666,40301,43967,14.71,36018,(C) Major Private Banks,10/08/2014
Kotak Mahindra Bank Ltd,17153,12643,29796,8.21,0,(C) Major Private Banks,10/08/2014
RBL Bank Ltd,30481,13967,44448,0,13379,(C) Major Private Banks,10/08/2014
Major Private Banks Sub Total,469494,292553,762047,825.93,80854,(C) Major Private Banks,10/08/2014
Public Sector Banks,22088030,20609465,42697495,34272.27,21924436,Summary,10/15/2014
Regional Rural Banks,143148,47453,190601,41.82,128335,Summary,10/15/2014
Private Sector Banks,587399,717318,1304717,841.28,203361,Summary,10/15/2014
Grand Total,22818577,21374236,44192813,35155.37,22256132,Summary,10/15/2014
Andhra Bank,671013,485148,1156161,366.05,1012478,(A) Public Sector Banks,10/15/2014
Bank of Baroda,1296704,2007609,3304313,792.41,2684634,(A) Public Sector Banks,10/15/2014
Bank of India,1072906,1625680,2698586,754.57,1719413,(A) Public Sector Banks,10/15/2014
Bank of Maharashtra,688304,352567,1040871,544.19,218650,(A) Public Sector Banks,10/15/2014
Canara Bank,2065385,1069678,3135063,807.53,151798,(A) Public Sector Banks,10/15/2014
Central Bank of India,2215911,753522,2969433,2169.74,1112013,(A) Public Sector Banks,10/15/2014
Corporation Bank,538282,501695,1039977,0,506181,(A) Public Sector Banks,10/15/2014
Dena Bank,671540,433475,1105015,774.38,560673,(A) Public Sector Banks,10/15/2014
IDBI Bank Ltd.,251454,252713,504167,312.45,173091,(A) Public Sector Banks,10/15/2014
Indian Bank,986649,622057,1608706,673.63,1595782,(A) Public Sector Banks,10/15/2014
Indian Overseas Bank,469640,1008302,1477942,481.68,732843,(A) Public Sector Banks,10/15/2014
Oriental Bank of Commerce,731758,541935,1273693,2577.28,509214,(A) Public Sector Banks,10/15/2014
Punjab & Sind Bank,447598,272882,720480,973.76,533851,(A) Public Sector Banks,10/15/2014
State Bank of Hyderabad,409699,907740,1317439,246.9,582636,(A) Public Sector Banks,10/15/2014
State Bank of India,4108487,5894424,10002911,2302.35,4364380,(A) Public Sector Banks,10/15/2014
State Bank of Mysore,354264,119991,474255,229.87,338687,(A) Public Sector Banks,10/15/2014
State Bank of Patiala,265890,526273,792163,526.92,552222,(A) Public Sector Banks,10/15/2014
State Bank of Travancore,26285,239474,265759,16480.64,48829,(A) Public Sector Banks,10/15/2014
Syndicate Bank,1278161,743003,2021164,7.67,728509,(A) Public Sector Banks,10/15/2014
UCO Bank,893439,938159,1831598,1469.03,781653,(A) Public Sector Banks,10/15/2014
Union Bank of India,1410974,370630,1781604,336.23,1489119,(A) Public Sector Banks,10/15/2014
United Bank of India,907508,658337,1565845,1170.37,1020015,(A) Public Sector Banks,10/15/2014
Vijaya Bank,326179,284171,610350,274.62,507765,(A) Public Sector Banks,10/15/2014
Public Sector Banks Sub Total,22088030,20609465,42697495,34272.27,21924436,(A) Public Sector Banks,10/15/2014
State Bank of Mysore,115257,46927,162184,0,127321,(B) Regional Rural Bank,10/15/2014
State Bank of Patiala,27891,526,28417,41.82,1014,(B) Regional Rural Bank,10/15/2014
Regional Rural Banks Sub Total,143148,47453,190601,41.82,128335,(B) Regional Rural Bank,10/15/2014
Axis Bank Ltd,61691,106304,167995,23.6,0,(C) Major Private Banks,10/15/2014
City Union Bank Ltd,6503,28434,34937,34.94,0,(C) Major Private Banks,10/15/2014
Federal Bank Ltd,84841,26455,111296,344.77,33249,(C) Major Private Banks,10/15/2014
HDFC Bank Ltd,85530,381491,467021,209.62,54451,(C) Major Private Banks,10/15/2014
ICICI Bank Ltd,283494,79482,362976,179.16,41639,(C) Major Private Banks,10/15/2014
IndusInd Bank Ltd,6596,20742,27338,6.4,20825,(C) Major Private Banks,10/15/2014
Karur Vysya Bank,3872,44186,48058,22.76,38078,(C) Major Private Banks,10/15/2014
Kotak Mahindra Bank Ltd,19457,13677,33134,18.04,0,(C) Major Private Banks,10/15/2014
RBL Bank Ltd,34236,15988,50224,1.08,13379,(C) Major Private Banks,10/15/2014
Yes Bank Ltd,1179,559,1738,0.91,1740,(C) Major Private Banks,10/15/2014
Major Private Banks Sub Total,587399,717318,1304717,841.28,203361,(C) Major Private Banks,10/15/2014
Public Sector Banks,19923405,19779051,39702456,29121.22,21852910,Summary,10/22/2014
Regional Rural Banks,745574,210774,956348,2800.12,116142,Summary,10/22/2014
Private Sector Banks,609575,764498,1374073,946.01,334108,Summary,10/22/2014
Grand Total,21278554,20754323,42032877,32867.35,22303160,Summary,10/22/2014
Andhra Bank,690690,496767,1187457,493.33,1052150,(A) Public Sector Banks,10/22/2014
Bank of Baroda,1377920,2102186,3480106,554.4,2812340,(A) Public Sector Banks,10/22/2014
Bank of India,1170301,1752362,2922663,837.28,2038729,(A) Public Sector Banks,10/22/2014
Bank of Maharashtra,714648,363841,1078489,554.86,269381,(A) Public Sector Banks,10/22/2014
Bhartiya Mahila Bank,0,31738,31738,66.97,31587,(A) Public Sector Banks,10/22/2014
Canara Bank,2224367,1136833,3361200,1820.9,182386,(A) Public Sector Banks,10/22/2014
Corporation Bank,568489,527612,1096101,323.86,531542,(A) Public Sector Banks,10/22/2014
Dena Bank,720268,459803,1180071,761.47,784854,(A) Public Sector Banks,10/22/2014
Indian Bank,1026941,641726,1668667,611.32,1623325,(A) Public Sector Banks,10/22/2014
Indian Overseas Bank,507149,1076143,1583292,496.2,859413,(A) Public Sector Banks,10/22/2014
Punjab & Sind Bank,473583,284620,758203,1004.69,572910,(A) Public Sector Banks,10/22/2014
State Bank of Hyderabad,449316,966833,1416149,194.74,961373,(A) Public Sector Banks,10/22/2014
State Bank of India,4509439,6442657,10952096,2142.47,5229792,(A) Public Sector Banks,10/22/2014
State Bank of Mysore,370845,124230,495075,241.99,371268,(A) Public Sector Banks,10/22/2014
State Bank of Travancore,27494,243049,270543,16422.12,62084,(A) Public Sector Banks,10/22/2014
Syndicate Bank,1330830,769982,2100812,7.09,728509,(A) Public Sector Banks,10/22/2014
UCO Bank,932941,969517,1902458,831.36,390709,(A) Public Sector Banks,10/22/2014
Union Bank of India,1486567,383813,1870380,363.77,1776331,(A) Public Sector Banks,10/22/2014
United Bank of India,990743,708563,1699306,1149.06,1049627,(A) Public Sector Banks,10/22/2014
Vijaya Bank,350874,296776,647650,243.34,524600,(A) Public Sector Banks,10/22/2014
Public Sector Banks Sub Total,19923405,19779051,39702456,29121.22,21852910,(A) Public Sector Banks,10/22/2014
Canara Bank,219423,108438,327861,0,96896,(B) Regional Rural Bank,10/22/2014
UCO Bank,191019,7273,198292,1002.59,9744,(B) Regional Rural Bank,10/22/2014
Union Bank of India,335132,95063,430195,1797.53,9502,(B) Regional Rural Bank,10/22/2014
Regional Rural Banks Sub Total,745574,210774,956348,2800.12,116142,(B) Regional Rural Bank,10/22/2014
Axis Bank Ltd,63692,112509,176201,26.38,58801,(C) Major Private Banks,10/22/2014
City Union Bank Ltd,6676,29391,36067,41.79,0,(C) Major Private Banks,10/22/2014
Federal Bank Ltd,99568,31324,130892,381.41,37688,(C) Major Private Banks,10/22/2014
HDFC Bank Ltd,94632,424679,519311,206.42,84672,(C) Major Private Banks,10/22/2014
ICICI Bank Ltd,333259,85438,418697,258.2,89660,(C) Major Private Banks,10/22/2014
IndusInd Bank Ltd,7745,33768,41513,4.98,23657,(C) Major Private Banks,10/22/2014
Karur Vysya Bank,4003,47389,51392,26.84,39630,(C) Major Private Banks,10/22/2014
Major Private Banks Sub Total,609575,764498,1374073,946.01,334108,(C) Major Private Banks,10/22/2014
Public Sector Banks,28574563,24190468,52765031,314628.43,28918571,Summary,10/29/2014
Regional Rural Banks,9382212,1823299,11205511,57879.58,1100154,Summary,10/29/2014
Private Sector Banks,670273,875442,1545715,22308.47,431858,Summary,10/29/2014
Grand Total,38627048,26889209,65516257,394816.48,30450583,Summary,10/29/2014
Allahabad Bank,1180117,536891,1717008,2212.03,495162,(A) Public Sector Banks,10/29/2014
Andhra Bank,715393,508537,1223930,1803.57,1085174,(A) Public Sector Banks,10/29/2014
Bank of Baroda,1440998,2173483,3614481,20506.68,3029850,(A) Public Sector Banks,10/29/2014
Bank of India,1225201,1811651,3036852,7683.45,2164745,(A) Public Sector Banks,10/29/2014
Bank of Maharashtra,737632,371799,1109431,3910.34,324981,(A) Public Sector Banks,10/29/2014
Bhartiya Mahila Bank,0,33380,33380,107.22,33042,(A) Public Sector Banks,10/29/2014
Canara Bank,2346691,1181295,3527986,7368.32,218108,(A) Public Sector Banks,10/29/2014
Central Bank of India,2401276,804865,3206141,7257.58,1401166,(A) Public Sector Banks,10/29/2014
Corporation Bank,588869,549513,1138382,8667.15,548370,(A) Public Sector Banks,10/29/2014
Dena Bank,747110,472212,1219322,4138.05,785898,(A) Public Sector Banks,10/29/2014
IDBI Bank Ltd.,269052,269691,538743,656.96,270422,(A) Public Sector Banks,10/29/2014
Indian Bank,1065510,655990,1721500,3657.4,1673750,(A) Public Sector Banks,10/29/2014
Indian Overseas Bank,536906,1136122,1673028,806.17,1042020,(A) Public Sector Banks,10/29/2014
Oriental Bank of Commerce,790671,580467,1371138,32730.56,624934,(A) Public Sector Banks,10/29/2014
Punjab & Sind Bank,512775,298447,811222,17115.08,602759,(A) Public Sector Banks,10/29/2014
Punjab National Bank,2721344,728270,3449614,77524.31,1353333,(A) Public Sector Banks,10/29/2014
State Bank of Hyderabad,464117,987278,1451395,3525.16,1276878,(A) Public Sector Banks,10/29/2014
State Bank of India,4786505,6806013,11592518,12144.47,5817120,(A) Public Sector Banks,10/29/2014
State Bank of Patiala,285788,551030,836818,22272.95,674453,(A) Public Sector Banks,10/29/2014
State Bank of Travancore,28237,247930,276167,16683.85,93784,(A) Public Sector Banks,10/29/2014
Syndicate Bank,1369980,784577,2154557,8328.2,728509,(A) Public Sector Banks,10/29/2014
UCO Bank,969136,991000,1960136,25871.41,1007516,(A) Public Sector Banks,10/29/2014
Union Bank of India,1987763,677956,2665719,8359.08,2016246,(A) Public Sector Banks,10/29/2014
United Bank of India,1033652,726146,1759798,20390.77,1063383,(A) Public Sector Banks,10/29/2014
Vijaya Bank,369840,305925,675765,907.65,586968,(A) Public Sector Banks,10/29/2014
Public Sector Banks Sub Total,28574563,24190468,52765031,314628.43,28918571,(A) Public Sector Banks,10/29/2014
Allahabad Bank,365712,70532,436244,449.32,62023,(B) Regional Rural Bank,10/29/2014
Andhra Bank,76451,7334,83785,148.62,0,(B) Regional Rural Bank,10/29/2014
Bank of Baroda,724876,213656,938532,3722.4,264010,(B) Regional Rural Bank,10/29/2014
Bank of India,751934,165596,917530,732.85,41630,(B) Regional Rural Bank,10/29/2014
Bank of Maharashtra,117237,39036,156273,82.99,17737,(B) Regional Rural Bank,10/29/2014
Canara Bank,232255,118864,351119,0,128718,(B) Regional Rural Bank,10/29/2014
Central Bank of India,949888,174622,1124510,8686.93,42328,(B) Regional Rural Bank,10/29/2014
Dena Bank,104899,4251,109150,484.64,24318,(B) Regional Rural Bank,10/29/2014
Indian Bank,207048,34831,241879,583.57,0,(B) Regional Rural Bank,10/29/2014
Indian Overseas Bank,245372,8955,254327,1254.68,0,(B) Regional Rural Bank,10/29/2014
Punjab & Sind Bank,8429,1453,9882,0,0,(B) Regional Rural Bank,10/29/2014
Punjab National Bank,978367,200476,1178843,9284.25,122885,(B) Regional Rural Bank,10/29/2014
State Bank of Bikaner & Jaipur,549708,262606,812314,8341.58,252804,(B) Regional Rural Bank,10/29/2014
State Bank of Hyderabad,278135,8548,286683,0,0,(B) Regional Rural Bank,10/29/2014
State Bank of India,1298391,201956,1500347,6666.48,35932,(B) Regional Rural Bank,10/29/2014
State Bank of Patiala,28981,558,29539,59.09,1076,(B) Regional Rural Bank,10/29/2014
Syndicate Bank,547609,182061,729670,5817.83,59596,(B) Regional Rural Bank,10/29/2014
UCO Bank,239739,7389,247128,1072.33,10742,(B) Regional Rural Bank,10/29/2014
Union Bank of India,344257,99488,443745,1872.22,10515,(B) Regional Rural Bank,10/29/2014
United Bank of India,1332924,21087,1354011,8619.81,25840,(B) Regional Rural Bank,10/29/2014
Regional Rural Banks Sub Total,9382212,1823299,11205511,57879.58,1100154,(B) Regional Rural Bank,10/29/2014
Axis Bank Ltd,64315,115077,179392,667.07,62094,(C) Major Private Banks,10/29/2014
City Union Bank Ltd,7029,30836,37865,146.31,0,(C) Major Private Banks,10/29/2014
Federal Bank Ltd,93236,29354,122590,9012.04,44407,(C) Major Private Banks,10/29/2014
HDFC Bank Ltd,101017,446653,547670,11364.97,92141,(C) Major Private Banks,10/29/2014
ICICI Bank Ltd,359495,88874,448369,705.92,117348,(C) Major Private Banks,10/29/2014
IndusInd Bank Ltd,8110,46438,54548,38.14,28489,(C) Major Private Banks,10/29/2014
Karur Vysya Bank,4169,49549,53718,96.77,42744,(C) Major Private Banks,10/29/2014
Kotak Mahindra Bank Ltd,20766,14797,35563,35.72,34239,(C) Major Private Banks,10/29/2014
Lakshmi Vilas Bank Ltd,2851,13672,16523,33.45,0,(C) Major Private Banks,10/29/2014
South Indian Bank Ltd,7894,39490,47384,203.24,8297,(C) Major Private Banks,10/29/2014
Yes Bank Ltd,1391,702,2093,4.83,2099,(C) Major Private Banks,10/29/2014
Major Private Banks Sub Total,670273,875442,1545715,22308.47,431858,(C) Major Private Banks,10/29/2014
Public Sector Banks,30833241,26068406,56901647,419927.65,32997113,Summary,11/05/2014
Regional Rural Banks,9918749,1751966,11670715,51547.74,1202076,Summary,11/05/2014
Private Sector Banks,950416,982096,1932512,26051.01,591085,Summary,11/05/2014
Grand Total,41702406,28802468,70504874,497526.4,34790274,Summary,11/05/2014
Allahabad Bank,1211887,547600,1759487,2369.36,579359,(A) Public Sector Banks,11/05/2014
Andhra Bank,739683,520331,1260014,1779.51,1085174,(A) Public Sector Banks,11/05/2014
Bank of Baroda,1520802,2259269,3780071,23590.93,3129818,(A) Public Sector Banks,11/05/2014
Bank of India,1292467,1905860,3198327,8362.33,2317061,(A) Public Sector Banks,11/05/2014
Bank of Maharashtra,764171,381058,1145229,3767.46,464281,(A) Public Sector Banks,11/05/2014
Bhartiya Mahila Bank,0,35047,35047,134.32,34763,(A) Public Sector Banks,11/05/2014
Canara Bank,2456799,1226902,3683701,67189.38,255717,(A) Public Sector Banks,11/05/2014
Central Bank of India,2483341,827266,3310607,8253.33,1540588,(A) Public Sector Banks,11/05/2014
Corporation Bank,608838,573178,1182016,7944.67,566873,(A) Public Sector Banks,11/05/2014
Dena Bank,786916,489933,1276849,4193.31,864515,(A) Public Sector Banks,11/05/2014
IDBI Bank Ltd.,280148,281950,562098,737.64,333740,(A) Public Sector Banks,11/05/2014
Indian Bank,1097882,669113,1766995,4651.53,1687501,(A) Public Sector Banks,11/05/2014
Indian Overseas Bank,563020,1184085,1747105,824.83,1075041,(A) Public Sector Banks,11/05/2014
Oriental Bank of Commerce,822529,599402,1421931,38976.36,703817,(A) Public Sector Banks,11/05/2014
Punjab & Sind Bank,530804,306778,837582,19132.44,633487,(A) Public Sector Banks,11/05/2014
Punjab National Bank,2883062,736281,3619343,77531.45,1652331,(A) Public Sector Banks,11/05/2014
State Bank of Bikaner & Jaipur,554457,719304,1273761,17200.24,1023704,(A) Public Sector Banks,11/05/2014
State Bank of Hyderabad,488117,1022399,1510516,3768.84,1299033,(A) Public Sector Banks,11/05/2014
State Bank of India,5071942,7222147,12294089,12214.88,6433407,(A) Public Sector Banks,11/05/2014
State Bank of Mysore,391366,129938,521304,270.33,500343,(A) Public Sector Banks,11/05/2014
State Bank of Patiala,296222,564625,860847,23073.62,767312,(A) Public Sector Banks,11/05/2014
State Bank of Travancore,28643,254211,282854,17174.82,109858,(A) Public Sector Banks,11/05/2014
Syndicate Bank,1412472,800620,2213092,8695.81,829328,(A) Public Sector Banks,11/05/2014
UCO Bank,990158,1031129,2021287,30467.98,1349910,(A) Public Sector Banks,11/05/2014
Union Bank of India,2075910,693897,2769807,9024.96,2017502,(A) Public Sector Banks,11/05/2014
United Bank of India,1099197,771789,1870986,27612.14,1124990,(A) Public Sector Banks,11/05/2014
Vijaya Bank,382408,314294,696702,985.18,617660,(A) Public Sector Banks,11/05/2014
Public Sector Banks Sub Total,30833241,26068406,56901647,419927.65,32997113,(A) Public Sector Banks,11/05/2014
Allahabad Bank,380031,75040,455071,442.32,73807,(B) Regional Rural Bank,11/05/2014
Andhra Bank,78776,7401,86177,0,0,(B) Regional Rural Bank,11/05/2014
Bank of Baroda,764328,229602,993930,4252.4,305996,(B) Regional Rural Bank,11/05/2014
Bank of India,773975,172130,946105,910.06,41650,(B) Regional Rural Bank,11/05/2014
Bank of Maharashtra,119292,40124,159416,84.97,18056,(B) Regional Rural Bank,11/05/2014
Canara Bank,249783,129824,379607,0,140374,(B) Regional Rural Bank,11/05/2014
Central Bank of India,980838,181764,1162602,9725.36,45305,(B) Regional Rural Bank,11/05/2014
Dena Bank,116039,4756,120795,579.86,27588,(B) Regional Rural Bank,11/05/2014
Indian Bank,211624,35251,246875,624.83,0,(B) Regional Rural Bank,11/05/2014
Indian Overseas Bank,257686,8963,266649,1460.1,0,(B) Regional Rural Bank,11/05/2014
Punjab & Sind Bank,8566,1522,10088,0,0,(B) Regional Rural Bank,11/05/2014
Punjab National Bank,1008189,208580,1216769,10013.64,125768,(B) Regional Rural Bank,11/05/2014
State Bank of Bikaner & Jaipur,409617,14896,424513,3417.98,40093,(B) Regional Rural Bank,11/05/2014
State Bank of Hyderabad,290893,8863,299756,0,43974,(B) Regional Rural Bank,11/05/2014
State Bank of India,1498068,246107,1744175,8333.64,78606,(B) Regional Rural Bank,11/05/2014
State Bank of Mysore,173608,56006,229614,0.99,148000,(B) Regional Rural Bank,11/05/2014
State Bank of Patiala,29569,559,30128,83.28,1080,(B) Regional Rural Bank,11/05/2014
Syndicate Bank,575259,192487,767746,0.06,59596,(B) Regional Rural Bank,11/05/2014
UCO Bank,243959,7950,251909,1119.17,11291,(B) Regional Rural Bank,11/05/2014
Union Bank of India,349045,104334,453379,2001.32,11689,(B) Regional Rural Bank,11/05/2014
United Bank of India,1399604,25807,1425411,8497.75,29203,(B) Regional Rural Bank,11/05/2014
Regional Rural Banks Sub Total,9918749,1751966,11670715,51547.74,1202076,(B) Regional Rural Bank,11/05/2014
Axis Bank Ltd,65491,120253,185744,1125.59,64368,(C) Major Private Banks,11/05/2014
City Union Bank Ltd,7197,31753,38950,148.78,0,(C) Major Private Banks,11/05/2014
Federal Bank Ltd,97471,30207,127678,9661.68,50542,(C) Major Private Banks,11/05/2014
HDFC Bank Ltd,108279,462788,571067,13559.72,101904,(C) Major Private Banks,11/05/2014
ICICI Bank Ltd,373940,93985,467925,1016.69,200433,(C) Major Private Banks,11/05/2014
IndusInd Bank Ltd,8378,48319,56697,54.14,55700,(C) Major Private Banks,11/05/2014
Jammu & Kashmir Bank Ltd,205203,49195,254398,0.03,21,(C) Major Private Banks,11/05/2014
Karur Vysya Bank,4250,50881,55131,109.29,42744,(C) Major Private Banks,11/05/2014
Kotak Mahindra Bank Ltd,21239,15285,36524,43.74,35899,(C) Major Private Banks,11/05/2014
Lakshmi Vilas Bank Ltd,2912,14079,16991,37.3,0,(C) Major Private Banks,11/05/2014
RBL Bank Ltd,46115,23297,69412,58.69,28143,(C) Major Private Banks,11/05/2014
South Indian Bank Ltd,8382,41257,49639,229.44,8977,(C) Major Private Banks,11/05/2014
Yes Bank Ltd,1559,797,2356,5.92,2354,(C) Major Private Banks,11/05/2014
Major Private Banks Sub Total,950416,982096,1932512,26051.01,591085,(C) Major Private Banks,11/05/2014
Public Sector Banks,32021638,27040384,59062022,464556.53,33859690,Summary,11/12/2014
Regional Rural Banks,10409959,1826498,12236457,57196.85,1321989,Summary,11/12/2014
Private Sector Banks,990514,1014063,2004577,33742.34,773133,Summary,11/12/2014
Grand Total,43422111,29880945,73303056,555495.72,35954812,Summary,11/12/2014
Allahabad Bank,1234259,554166,1788425,2630.11,667021,(A) Public Sector Banks,11/12/2014
Andhra Bank,765227,529851,1295078,2350.39,1156997,(A) Public Sector Banks,11/12/2014
Bank of Baroda,1601907,2349016,3950923,25706.24,3233154,(A) Public Sector Banks,11/12/2014
Bank of India,1337139,1962553,3299692,10284.91,2427891,(A) Public Sector Banks,11/12/2014
Bank of Maharashtra,786537,389384,1175921,5039.11,464281,(A) Public Sector Banks,11/12/2014
Bhartiya Mahila Bank,0,37815,37815,149.97,37487,(A) Public Sector Banks,11/12/2014
Canara Bank,2558895,1264136,3823031,72628.07,298677,(A) Public Sector Banks,11/12/2014
Central Bank of India,2557785,850749,3408534,9087.88,1912109,(A) Public Sector Banks,11/12/2014
Corporation Bank,629475,595137,1224612,20013.1,584957,(A) Public Sector Banks,11/12/2014
Dena Bank,823989,506226,1330215,5250.84,952053,(A) Public Sector Banks,11/12/2014
IDBI Bank Ltd.,289607,292691,582298,843.25,374663,(A) Public Sector Banks,11/12/2014
Indian Bank,1125178,680839,1806017,5028.45,1773063,(A) Public Sector Banks,11/12/2014
Indian Overseas Bank,591734,1226636,1818370,891.84,1075058,(A) Public Sector Banks,11/12/2014
Oriental Bank of Commerce,845311,612873,1458184,43121.8,733689,(A) Public Sector Banks,11/12/2014
Punjab & Sind Bank,547806,314544,862350,21009.75,642872,(A) Public Sector Banks,11/12/2014
Punjab National Bank,3000399,762906,3763305,77545.74,1723239,(A) Public Sector Banks,11/12/2014
State Bank of Bikaner & Jaipur,573165,754685,1327850,18664.09,1106576,(A) Public Sector Banks,11/12/2014
State Bank of Hyderabad,514404,1054142,1568546,4347.95,1311245,(A) Public Sector Banks,11/12/2014
State Bank of India,5338044,7638907,12976951,13438.99,7032104,(A) Public Sector Banks,11/12/2014
State Bank of Mysore,400319,132085,532404,269.82,503180,(A) Public Sector Banks,11/12/2014
State Bank of Patiala,301459,573270,874729,23082.73,779782,(A) Public Sector Banks,11/12/2014
State Bank of Travancore,29212,258161,287373,17373.45,116225,(A) Public Sector Banks,11/12/2014
Syndicate Bank,1461283,815781,2277064,9824.9,829328,(A) Public Sector Banks,11/12/2014
UCO Bank,1028161,1050907,2079068,35345,1640,(A) Public Sector Banks,11/12/2014
Union Bank of India,2130183,707456,2837639,9970.57,2332399,(A) Public Sector Banks,11/12/2014
United Bank of India,1151893,801205,1953098,29397.55,1137284,(A) Public Sector Banks,11/12/2014
Vijaya Bank,398267,324263,722530,1260,652716,(A) Public Sector Banks,11/12/2014
Public Sector Banks Sub Total,32021638,27040384,59062022,464556.53,33859690,(A) Public Sector Banks,11/12/2014
Allahabad Bank,397286,79964,477250,447.44,79696,(B) Regional Rural Bank,11/12/2014
Andhra Bank,81235,7452,88687,0,0,(B) Regional Rural Bank,11/12/2014
Bank of Baroda,809538,240640,1050178,4577.64,368250,(B) Regional Rural Bank,11/12/2014
Bank of India,788795,176889,965684,1060.03,41630,(B) Regional Rural Bank,11/12/2014
Bank of Maharashtra,120879,41034,161913,86.66,18084,(B) Regional Rural Bank,11/12/2014
Canara Bank,259587,137583,397170,0,145490,(B) Regional Rural Bank,11/12/2014
Central Bank of India,1044808,192578,1237386,11706.72,48720,(B) Regional Rural Bank,11/12/2014
Dena Bank,121128,4946,126074,634.96,27611,(B) Regional Rural Bank,11/12/2014
Indian Bank,215496,35367,250863,640.76,0,(B) Regional Rural Bank,11/12/2014
Indian Overseas Bank,270182,8980,279162,1547.46,0,(B) Regional Rural Bank,11/12/2014
Punjab & Sind Bank,8620,1555,10175,0,0,(B) Regional Rural Bank,11/12/2014
Punjab National Bank,1048267,214846,1263113,11328.85,129288,(B) Regional Rural Bank,11/12/2014
State Bank of Bikaner & Jaipur,435097,15376,450473,3578.44,63271,(B) Regional Rural Bank,11/12/2014
State Bank of Hyderabad,303417,9406,312823,0.01,45529,(B) Regional Rural Bank,11/12/2014
State Bank of India,1590183,262313,1852496,9045.92,84780,(B) Regional Rural Bank,11/12/2014
State Bank of Mysore,181337,58027,239364,1.01,148000,(B) Regional Rural Bank,11/12/2014
State Bank of Patiala,29762,559,30321,83.94,1080,(B) Regional Rural Bank,11/12/2014
Syndicate Bank,604224,201741,805965,0.06,59596,(B) Regional Rural Bank,11/12/2014
UCO Bank,259741,7978,267719,1.28,11691,(B) Regional Rural Bank,11/12/2014
Union Bank of India,356009,105521,461530,2219.04,13449,(B) Regional Rural Bank,11/12/2014
United Bank of India,1484368,23743,1508111,10236.64,35824,(B) Regional Rural Bank,11/12/2014
Regional Rural Banks Sub Total,10409959,1826498,12236457,57196.85,1321989,(B) Regional Rural Bank,11/12/2014
Axis Bank Ltd,66055,123611,189666,1188.33,66886,(C) Major Private Banks,11/12/2014
City Union Bank Ltd,7587,32947,40534,188.5,0,(C) Major Private Banks,11/12/2014
Federal Bank Ltd,101388,31235,132623,9690.76,53931,(C) Major Private Banks,11/12/2014
HDFC Bank Ltd,113965,476428,590393,21269.22,109344,(C) Major Private Banks,11/12/2014
ICICI Bank Ltd,387834,97407,485241,770.08,350500,(C) Major Private Banks,11/12/2014
IndusInd Bank Ltd,8845,49591,58436,104.84,57033,(C) Major Private Banks,11/12/2014
Jammu & Kashmir Bank Ltd,216455,51139,267594,0.03,21,(C) Major Private Banks,11/12/2014
Karur Vysya Bank,4326,52143,56469,92.96,48035,(C) Major Private Banks,11/12/2014
Kotak Mahindra Bank Ltd,21653,15655,37308,68.73,36200,(C) Major Private Banks,11/12/2014
Lakshmi Vilas Bank Ltd,3138,14669,17807,35,0,(C) Major Private Banks,11/12/2014
RBL Bank Ltd,48839,25021,73860,51.24,28143,(C) Major Private Banks,11/12/2014
South Indian Bank Ltd,8774,43333,52107,274.14,20501,(C) Major Private Banks,11/12/2014
Yes Bank Ltd,1655,884,2539,8.53,2539,(C) Major Private Banks,11/12/2014
Major Private Banks Sub Total,990514,1014063,2004577,33742.34,773133,(C) Major Private Banks,11/12/2014
Public Sector Banks,33759705,28409062,62168767,494604.39,39856807,Summary,11/19/2014
Regional Rural Banks,11079391,1960919,13040310,73449.6,1811662,Summary,11/19/2014
Private Sector Banks,1039225,1060920,2100145,34318.32,942009,Summary,11/19/2014
Grand Total,45878321,31430901,77309222,602372.31,42610478,Summary,11/19/2014
Allahabad Bank,1265294,567763,1833057,3010.56,846587,(A) Public Sector Banks,11/19/2014
Andhra Bank,793660,542678,1336338,2671.42,1156997,(A) Public Sector Banks,11/19/2014
Bank of Baroda,1694345,2449102,4143447,28873.47,3483598,(A) Public Sector Banks,11/19/2014
Bank of India,1418011,2072931,3490942,12258.28,2631741,(A) Public Sector Banks,11/19/2014
Bank of Maharashtra,823344,403258,1226602,5838.54,703894,(A) Public Sector Banks,11/19/2014
Bhartiya Mahila Bank,0,43362,43362,175.54,43011,(A) Public Sector Banks,11/19/2014
Canara Bank,2757678,1345290,4102968,72902.98,363004,(A) Public Sector Banks,11/19/2014
Central Bank of India,2682016,879963,3561979,10438.3,2307002,(A) Public Sector Banks,11/19/2014
Corporation Bank,657018,626831,1283849,21103.32,607422,(A) Public Sector Banks,11/19/2014
Dena Bank,875086,529467,1404553,5854.58,1182158,(A) Public Sector Banks,11/19/2014
IDBI Bank Ltd.,303543,305612,609155,963.11,442933,(A) Public Sector Banks,11/19/2014
Indian Bank,1163483,697409,1860892,5549.72,1778859,(A) Public Sector Banks,11/19/2014
Indian Overseas Bank,622955,1278677,1901632,915.95,1245925,(A) Public Sector Banks,11/19/2014
Oriental Bank of Commerce,885949,635625,1521574,47129.21,1015588,(A) Public Sector Banks,11/19/2014
Punjab & Sind Bank,568969,323758,892727,23243.45,686032,(A) Public Sector Banks,11/19/2014
Punjab National Bank,3173982,799193,3973175,77547.95,1787569,(A) Public Sector Banks,11/19/2014
State Bank of Bikaner & Jaipur,605850,783616,1389466,20719.67,1111713,(A) Public Sector Banks,11/19/2014
State Bank of Hyderabad,536575,1094058,1630633,4778.7,1557136,(A) Public Sector Banks,11/19/2014
State Bank of India,5734289,8205041,13939330,13524.11,7854893,(A) Public Sector Banks,11/19/2014
State Bank of Mysore,414234,137668,551902,276.61,518958,(A) Public Sector Banks,11/19/2014
State Bank of Patiala,307040,582582,889622,23098.37,816565,(A) Public Sector Banks,11/19/2014
State Bank of Travancore,31089,264093,295182,17529.33,124538,(A) Public Sector Banks,11/19/2014
Syndicate Bank,1533518,842035,2375553,10082.31,1329437,(A) Public Sector Banks,11/19/2014
UCO Bank,1060525,1089277,2149802,40733.52,1770102,(A) Public Sector Banks,11/19/2014
Union Bank of India,2215833,730143,2945976,11107.52,2568677,(A) Public Sector Banks,11/19/2014
United Bank of India,1211261,841009,2052270,32758.19,1257161,(A) Public Sector Banks,11/19/2014
Vijaya Bank,424158,338621,762779,1519.67,665307,(A) Public Sector Banks,11/19/2014
Public Sector Banks Sub Total,33759705,28409062,62168767,494604.39,39856807,(A) Public Sector Banks,11/19/2014
Allahabad Bank,408721,83409,492130,454.16,88092,(B) Regional Rural Bank,11/19/2014
Andhra Bank,85514,7571,93085,0,0,(B) Regional Rural Bank,11/19/2014
Bank of Baroda,861500,257267,1118767,5102.6,435226,(B) Regional Rural Bank,11/19/2014
Bank of India,830608,189457,1020065,1110.38,41650,(B) Regional Rural Bank,11/19/2014
Bank of Maharashtra,123124,42203,165327,87.85,18106,(B) Regional Rural Bank,11/19/2014
Canara Bank,274224,149626,423850,0,153815,(B) Regional Rural Bank,11/19/2014
Central Bank of India,1146751,212729,1359480,15247.88,54694,(B) Regional Rural Bank,11/19/2014
Dena Bank,123117,4971,128088,638.85,27628,(B) Regional Rural Bank,11/19/2014
Indian Bank,219846,35765,255611,688.8,0,(B) Regional Rural Bank,11/19/2014
Indian Overseas Bank,284351,9013,293364,1716.87,0,(B) Regional Rural Bank,11/19/2014
Punjab & Sind Bank,8713,1608,10321,0,684,(B) Regional Rural Bank,11/19/2014
Punjab National Bank,1093877,226847,1320724,16482.12,134471,(B) Regional Rural Bank,11/19/2014
State Bank of Bikaner & Jaipur,472651,15945,488596,3878.19,391878,(B) Regional Rural Bank,11/19/2014
State Bank of Hyderabad,323141,16841,339982,0.01,46592,(B) Regional Rural Bank,11/19/2014
State Bank of India,1724968,281132,2006100,10082.79,96315,(B) Regional Rural Bank,11/19/2014
State Bank of Mysore,175917,75085,251002,1.14,155953,(B) Regional Rural Bank,11/19/2014
State Bank of Patiala,29888,559,30447,84.19,1080,(B) Regional Rural Bank,11/19/2014
Syndicate Bank,646191,211067,857258,7442.6,95582,(B) Regional Rural Bank,11/19/2014
UCO Bank,310981,8042,319023,1.42,11838,(B) Regional Rural Bank,11/19/2014
Union Bank of India,367232,106112,473344,2408.32,16059,(B) Regional Rural Bank,11/19/2014
United Bank of India,1568076,25670,1593746,8021.41,41999,(B) Regional Rural Bank,11/19/2014
Regional Rural Banks Sub Total,11079391,1960919,13040310,73449.6,1811662,(B) Regional Rural Bank,11/19/2014
Axis Bank Ltd,66914,128378,195292,1173.29,72504,(C) Major Private Banks,11/19/2014
City Union Bank Ltd,8052,34760,42812,206.04,0,(C) Major Private Banks,11/19/2014
Federal Bank Ltd,107614,32116,139730,9735.49,61472,(C) Major Private Banks,11/19/2014
HDFC Bank Ltd,120653,492744,613397,21879.93,118521,(C) Major Private Banks,11/19/2014
ICICI Bank Ltd,408029,101064,509093,654.85,490335,(C) Major Private Banks,11/19/2014
IndusInd Bank Ltd,9456,59818,69274,103.65,58987,(C) Major Private Banks,11/19/2014
Jammu & Kashmir Bank Ltd,223721,51788,275509,0.03,21,(C) Major Private Banks,11/19/2014
Karur Vysya Bank,4406,54013,58419,105.9,49711,(C) Major Private Banks,11/19/2014
Kotak Mahindra Bank Ltd,22186,16146,38332,88.78,37157,(C) Major Private Banks,11/19/2014
Lakshmi Vilas Bank Ltd,3588,16470,20058,38.97,0,(C) Major Private Banks,11/19/2014
RBL Bank Ltd,53708,26153,79861,46.42,28143,(C) Major Private Banks,11/19/2014
South Indian Bank Ltd,9119,46464,55583,274.84,22373,(C) Major Private Banks,11/19/2014
Yes Bank Ltd,1779,1006,2785,10.14,2785,(C) Major Private Banks,11/19/2014
Major Private Banks Sub Total,1039225,1060920,2100145,34318.32,942009,(C) Major Private Banks,11/19/2014
Public Sector Banks,35469451,29774121,65243572,509823.01,43615330,Summary,11/26/2014
Regional Rural Banks,11730447,2083823,13814270,84234.73,2045114,Summary,11/26/2014
Private Sector Banks,1067353,1097612,2164965,32893.84,1208127,Summary,11/26/2014
Grand Total,48267251,32955556,81222807,626951.58,46868571,Summary,11/26/2014
Allahabad Bank,1301738,583440,1885178,3335.84,1041863,(A) Public Sector Banks,11/26/2014
Andhra Bank,825746,555827,1381573,2952.18,1209846,(A) Public Sector Banks,11/26/2014
Bank of Baroda,1801389,2583405,4384794,31731,3804681,(A) Public Sector Banks,11/26/2014
Bank of India,1504009,2184650,3688659,13791.92,2826915,(A) Public Sector Banks,11/26/2014
Bank of Maharashtra,864806,420066,1284872,6215.49,806699,(A) Public Sector Banks,11/26/2014
Bhartiya Mahila Bank,0,45999,45999,197.96,45210,(A) Public Sector Banks,11/26/2014
Canara Bank,2905599,1411626,4317225,72787.18,475235,(A) Public Sector Banks,11/26/2014
Central Bank of India,2820610,911382,3731992,11223.53,2503213,(A) Public Sector Banks,11/26/2014
Corporation Bank,678413,652323,1330736,21625.72,623493,(A) Public Sector Banks,11/26/2014
Dena Bank,924716,552771,1477487,6727.19,1183230,(A) Public Sector Banks,11/26/2014
IDBI Bank Ltd.,316569,317228,633797,1063.22,477814,(A) Public Sector Banks,11/26/2014
Indian Bank,1207745,716104,1923849,6013.47,1833965,(A) Public Sector Banks,11/26/2014
Indian Overseas Bank,658169,1338611,1996780,941.34,1531823,(A) Public Sector Banks,11/26/2014
Oriental Bank of Commerce,925780,659342,1585122,51015.52,1040005,(A) Public Sector Banks,11/26/2014
Punjab & Sind Bank,594055,334062,928117,25407.14,743667,(A) Public Sector Banks,11/26/2014
Punjab National Bank,3366043,845602,4211645,77559.84,1870465,(A) Public Sector Banks,11/26/2014
State Bank of Bikaner & Jaipur,628111,804576,1432687,21573.33,1243893,(A) Public Sector Banks,11/26/2014
State Bank of Hyderabad,567626,1136297,1703923,5299.63,1655779,(A) Public Sector Banks,11/26/2014
State Bank of India,6093361,8735694,14829055,13621.74,8608132,(A) Public Sector Banks,11/26/2014
State Bank of Mysore,432759,145391,578150,280.15,541634,(A) Public Sector Banks,11/26/2014
State Bank of Patiala,312964,592222,905186,23109.15,836410,(A) Public Sector Banks,11/26/2014
State Bank of Travancore,31566,268340,299906,16047.85,133720,(A) Public Sector Banks,11/26/2014
Syndicate Bank,1596166,869271,2465437,11404.12,1574625,(A) Public Sector Banks,11/26/2014
UCO Bank,1087470,1122296,2209766,36646.33,2151417,(A) Public Sector Banks,11/26/2014
Union Bank of India,2310674,755700,3066374,12072.13,2692258,(A) Public Sector Banks,11/26/2014
United Bank of India,1262921,878522,2141443,35500.11,1450606,(A) Public Sector Banks,11/26/2014
Vijaya Bank,450446,353374,803820,1679.92,708732,(A) Public Sector Banks,11/26/2014
Public Sector Banks Sub Total,35469451,29774121,65243572,509823.01,43615330,(A) Public Sector Banks,11/26/2014
Allahabad Bank,417903,86244,504147,632.45,164478,(B) Regional Rural Bank,11/26/2014
Andhra Bank,92241,7831,100072,0,8500,(B) Regional Rural Bank,11/26/2014
Bank of Baroda,916435,274997,1191432,5761.45,501200,(B) Regional Rural Bank,11/26/2014
Bank of India,882035,206613,1088648,1143.94,41650,(B) Regional Rural Bank,11/26/2014
Bank of Maharashtra,125910,42670,168580,88.59,18152,(B) Regional Rural Bank,11/26/2014
Canara Bank,294241,164024,458265,0,157092,(B) Regional Rural Bank,11/26/2014
Central Bank of India,1235958,236718,1472676,16974.1,61468,(B) Regional Rural Bank,11/26/2014
Dena Bank,141606,8279,149885,761.42,30938,(B) Regional Rural Bank,11/26/2014
Indian Bank,226528,35917,262445,752.91,0,(B) Regional Rural Bank,11/26/2014
Indian Overseas Bank,299597,9030,308627,1987.94,0,(B) Regional Rural Bank,11/26/2014
Punjab & Sind Bank,8756,1639,10395,0,1029,(B) Regional Rural Bank,11/26/2014
Punjab National Bank,1143099,236450,1379549,19645.95,138630,(B) Regional Rural Bank,11/26/2014
State Bank of Bikaner & Jaipur,508738,16406,525144,4054.65,396280,(B) Regional Rural Bank,11/26/2014
State Bank of Hyderabad,338034,17850,355884,0.01,48169,(B) Regional Rural Bank,11/26/2014
State Bank of India,1830951,303387,2134338,12805.17,128666,(B) Regional Rural Bank,11/26/2014
State Bank of Mysore,193220,71265,264485,1.31,172169,(B) Regional Rural Bank,11/26/2014
State Bank of Patiala,29998,559,30557,89.13,1191,(B) Regional Rural Bank,11/26/2014
Syndicate Bank,703771,221539,925310,7824.62,97785,(B) Regional Rural Bank,11/26/2014
UCO Bank,321738,8138,329876,2.72,13032,(B) Regional Rural Bank,11/26/2014
Union Bank of India,380906,106831,487737,2593.07,18318,(B) Regional Rural Bank,11/26/2014
United Bank of India,1638782,27436,1666218,9115.3,46367,(B) Regional Rural Bank,11/26/2014
Regional Rural Banks Sub Total,11730447,2083823,13814270,84234.73,2045114,(B) Regional Rural Bank,11/26/2014
Axis Bank Ltd,67780,132572,200352,1207.32,76304,(C) Major Private Banks,11/26/2014
City Union Bank Ltd,8556,36274,44830,218.35,0,(C) Major Private Banks,11/26/2014
Federal Bank Ltd,113314,33337,146651,9799.37,67555,(C) Major Private Banks,11/26/2014
HDFC Bank Ltd,122556,499496,622052,20346.47,342647,(C) Major Private Banks,11/26/2014
ICICI Bank Ltd,412630,104249,516879,644.85,514974,(C) Major Private Banks,11/26/2014
IndusInd Bank Ltd,9980,67601,77581,95.34,60506,(C) Major Private Banks,11/26/2014
Jammu & Kashmir Bank Ltd,229613,52808,282421,0.03,0,(C) Major Private Banks,11/26/2014
Karur Vysya Bank,4461,56674,61135,122.54,51996,(C) Major Private Banks,11/26/2014
Kotak Mahindra Bank Ltd,22915,17049,39964,101.15,38351,(C) Major Private Banks,11/26/2014
Lakshmi Vilas Bank Ltd,3912,17352,21264,0,0,(C) Major Private Banks,11/26/2014
RBL Bank Ltd,59987,29381,89368,53.92,28143,(C) Major Private Banks,11/26/2014
South Indian Bank Ltd,9572,49687,59259,293.65,24442,(C) Major Private Banks,11/26/2014
Yes Bank Ltd,2077,1132,3209,10.85,3209,(C) Major Private Banks,11/26/2014
Major Private Banks Sub Total,1067353,1097612,2164965,32893.84,1208127,(C) Major Private Banks,11/26/2014
Public Sector Banks,36166563,30410575,66577138,503350.28,48648882,Summary,12/03/2014
Regional Rural Banks,12223546,2157297,14380843,95976.79,2255185,Summary,12/03/2014
Private Sector Banks,861253,1073543,1934796,33732.02,1320187,Summary,12/03/2014
Grand Total,49251362,33641415,82892777,633059.09,52224254,Summary,12/03/2014
Allahabad Bank,1336502,595781,1932283,3553.79,1241294,(A) Public Sector Banks,12/03/2014
Andhra Bank,852674,567447,1420121,3269.28,1234292,(A) Public Sector Banks,12/03/2014
Bank of Baroda,1884960,2687923,4572883,34402.23,3983481,(A) Public Sector Banks,12/03/2014
Bank of India,1585643,2288892,3874535,15016.34,3013723,(A) Public Sector Banks,12/03/2014
Bhartiya Mahila Bank,0,48579,48579,245.08,47749,(A) Public Sector Banks,12/03/2014
Canara Bank,3025440,1463033,4488473,73194.53,3610073,(A) Public Sector Banks,12/03/2014
Central Bank of India,2937892,934731,3872623,11864.29,2650298,(A) Public Sector Banks,12/03/2014
Corporation Bank,701100,674565,1375665,21881.96,228628,(A) Public Sector Banks,12/03/2014
Dena Bank,977602,574145,1551747,7578.21,1376027,(A) Public Sector Banks,12/03/2014
IDBI Bank Ltd.,338303,335061,673364,1162.99,556447,(A) Public Sector Banks,12/03/2014
Indian Bank,1239063,732939,1972002,6537.37,1887390,(A) Public Sector Banks,12/03/2014
Indian Overseas Bank,689123,1388101,2077224,963.31,1586846,(A) Public Sector Banks,12/03/2014
Oriental Bank of Commerce,957466,678835,1636301,54847.13,1156024,(A) Public Sector Banks,12/03/2014
Punjab & Sind Bank,616424,343435,959859,25846.58,788469,(A) Public Sector Banks,12/03/2014
Punjab National Bank,3551467,886202,4437669,77572.34,1926184,(A) Public Sector Banks,12/03/2014
State Bank of Bikaner & Jaipur,646206,820790,1466996,22867.43,1385352,(A) Public Sector Banks,12/03/2014
State Bank of Hyderabad,596484,1172615,1769099,5571.04,1706063,(A) Public Sector Banks,12/03/2014
State Bank of India,6457982,9303318,15761300,13684.68,9412958,(A) Public Sector Banks,12/03/2014
State Bank of Mysore,444272,152690,596962,282.97,561047,(A) Public Sector Banks,12/03/2014
State Bank of Patiala,319414,603492,922906,23130.41,853982,(A) Public Sector Banks,12/03/2014
Syndicate Bank,1644954,888822,2533776,12393.38,2076502,(A) Public Sector Banks,12/03/2014
UCO Bank,1177288,1215393,2392681,32441.97,2352141,(A) Public Sector Banks,12/03/2014
Union Bank of India,2406175,776616,3182791,12911.88,2772492,(A) Public Sector Banks,12/03/2014
United Bank of India,1312385,914053,2226438,40331.05,1503590,(A) Public Sector Banks,12/03/2014
Vijaya Bank,467744,363117,830861,1800.01,737830,(A) Public Sector Banks,12/03/2014
Public Sector Banks Sub Total,36166563,30410575,66577138,503350.28,48648882,(A) Public Sector Banks,12/03/2014
Allahabad Bank,430848,89250,520098,710.47,130562,(B) Regional Rural Bank,12/03/2014
Andhra Bank,98697,8120,106817,217.9,20122,(B) Regional Rural Bank,12/03/2014
Bank of Baroda,965135,293466,1258601,6242.28,552391,(B) Regional Rural Bank,12/03/2014
Bank of India,932209,225314,1157523,1208.11,41630,(B) Regional Rural Bank,12/03/2014
Canara Bank,321161,172457,493618,503.7,159046,(B) Regional Rural Bank,12/03/2014
Central Bank of India,1314250,258615,1572865,18128.01,66912,(B) Regional Rural Bank,12/03/2014
Dena Bank,148304,8279,156583,777.85,30941,(B) Regional Rural Bank,12/03/2014
Indian Bank,231914,36095,268009,790.19,0,(B) Regional Rural Bank,12/03/2014
Indian Overseas Bank,312746,9034,321780,2149.56,76,(B) Regional Rural Bank,12/03/2014
Punjab & Sind Bank,9204,1898,11102,0,4290,(B) Regional Rural Bank,12/03/2014
Punjab National Bank,1190388,243055,1433443,21744.46,142209,(B) Regional Rural Bank,12/03/2014
State Bank of Bikaner & Jaipur,539960,16711,556671,4285.11,396747,(B) Regional Rural Bank,12/03/2014
State Bank of Hyderabad,361308,18777,380085,649.45,51363,(B) Regional Rural Bank,12/03/2014
State Bank of India,1961219,329458,2290677,13896.01,162631,(B) Regional Rural Bank,12/03/2014
State Bank of Mysore,203764,73488,277252,1404.77,172544,(B) Regional Rural Bank,12/03/2014
State Bank of Patiala,31053,559,31612,90.4,26926,(B) Regional Rural Bank,12/03/2014
Syndicate Bank,751899,228263,980162,7697.63,97785,(B) Regional Rural Bank,12/03/2014
UCO Bank,330975,8239,339214,2790.43,129107,(B) Regional Rural Bank,12/03/2014
Union Bank of India,391607,107392,498999,2737.94,20314,(B) Regional Rural Bank,12/03/2014
United Bank of India,1696905,28827,1725732,9952.52,49589,(B) Regional Rural Bank,12/03/2014
Regional Rural Banks Sub Total,12223546,2157297,14380843,95976.79,2255185,(B) Regional Rural Bank,12/03/2014
Axis Bank Ltd,68701,137433,206134,1364.17,80770,(C) Major Private Banks,12/03/2014
City Union Bank Ltd,8926,37884,46810,248.4,0,(C) Major Private Banks,12/03/2014
Federal Bank Ltd,119570,34460,154030,9852.87,73448,(C) Major Private Banks,12/03/2014
HDFC Bank Ltd,125556,509297,634853,20695.32,394544,(C) Major Private Banks,12/03/2014
ICICI Bank Ltd,423474,107721,531195,755.83,530172,(C) Major Private Banks,12/03/2014
IndusInd Bank Ltd,10420,69420,79840,131.81,75921,(C) Major Private Banks,12/03/2014
Karur Vysya Bank,4523,58880,63403,128.13,55758,(C) Major Private Banks,12/03/2014
Kotak Mahindra Bank Ltd,23395,17463,40858,116.19,39837,(C) Major Private Banks,12/03/2014
Lakshmi Vilas Bank Ltd,4260,18299,22559,51.66,0,(C) Major Private Banks,12/03/2014
RBL Bank Ltd,59998,29425,89423,49.94,39761,(C) Major Private Banks,12/03/2014
South Indian Bank Ltd,10022,52020,62042,326.13,26327,(C) Major Private Banks,12/03/2014
Yes Bank Ltd,2408,1241,3649,11.57,3649,(C) Major Private Banks,12/03/2014
Major Private Banks Sub Total,861253,1073543,1934796,33732.02,1320187,(C) Major Private Banks,12/03/2014
Public Sector Banks,38880468,32704542,71585010,546830.58,55065020,Summary,12/10/2014
Regional Rural Banks,13010559,2316810,15327369,105317.77,3287929,Summary,12/10/2014
Private Sector Banks,1236445,1150103,2386548,40274.25,1593677,Summary,12/10/2014
Grand Total,53127472,36171455,89298927,692422.6,59946626,Summary,12/10/2014
Allahabad Bank,1360351,607322,1967673,3849.81,1469639,(A) Public Sector Banks,12/10/2014
Andhra Bank,879726,581049,1460775,3578.66,1315882,(A) Public Sector Banks,12/10/2014
Bank of Baroda,1984684,2816138,4800822,37738.06,4619973,(A) Public Sector Banks,12/10/2014
Bank of India,1672329,2411114,4083443,16281.41,3335254,(A) Public Sector Banks,12/10/2014
Bank of Maharashtra,952260,446842,1399102,7318.66,1118599,(A) Public Sector Banks,12/10/2014
Bhartiya Mahila Bank,0,50006,50006,266.08,49068,(A) Public Sector Banks,12/10/2014
Canara Bank,3168455,1525142,4693597,72981.33,3858028,(A) Public Sector Banks,12/10/2014
Central Bank of India,2970625,996181,3966806,12223.26,2883358,(A) Public Sector Banks,12/10/2014
Corporation Bank,727225,701710,1428935,21927.44,991440,(A) Public Sector Banks,12/10/2014
Dena Bank,1024785,596975,1621760,8416.2,1376854,(A) Public Sector Banks,12/10/2014
IDBI Bank Ltd.,354161,347268,701429,1299.8,610306,(A) Public Sector Banks,12/10/2014
Indian Bank,1275045,753388,2028433,7326.27,1942939,(A) Public Sector Banks,12/10/2014
Indian Overseas Bank,715612,1438917,2154529,996.97,1651778,(A) Public Sector Banks,12/10/2014
Oriental Bank of Commerce,998377,701680,1700057,59587.45,1212333,(A) Public Sector Banks,12/10/2014
Punjab & Sind Bank,638936,355295,994231,28584.06,864518,(A) Public Sector Banks,12/10/2014
Punjab National Bank,3830994,938787,4769781,77592.38,1978794,(A) Public Sector Banks,12/10/2014
State Bank of Bikaner & Jaipur,675760,845434,1521194,23990.06,1394578,(A) Public Sector Banks,12/10/2014
State Bank of Hyderabad,620197,1211417,1831614,6095.95,1775559,(A) Public Sector Banks,12/10/2014
State Bank of India,6860641,9951475,16812116,13763.48,10332809,(A) Public Sector Banks,12/10/2014
State Bank of Mysore,459898,157341,617239,287.15,575742,(A) Public Sector Banks,12/10/2014
State Bank of Patiala,326478,615550,942028,23160.51,879883,(A) Public Sector Banks,12/10/2014
State Bank of Travancore,33014,271899,304913,16219.74,222601,(A) Public Sector Banks,12/10/2014
Syndicate Bank,1699768,912464,2612232,15163.67,2374188,(A) Public Sector Banks,12/10/2014
UCO Bank,1321770,1346782,2668552,28612.18,2592764,(A) Public Sector Banks,12/10/2014
Union Bank of India,2488545,798916,3287461,13884.68,2916154,(A) Public Sector Banks,12/10/2014
United Bank of India,1358014,950434,2308448,43567.57,1938922,(A) Public Sector Banks,12/10/2014
Vijaya Bank,482818,375016,857834,2117.75,783057,(A) Public Sector Banks,12/10/2014
Public Sector Banks Sub Total,38880468,32704542,71585010,546830.58,55065020,(A) Public Sector Banks,12/10/2014
Allahabad Bank,447061,92646,539707,776.18,210811,(B) Regional Rural Bank,12/10/2014
Andhra Bank,102944,8269,111213,252.17,57995,(B) Regional Rural Bank,12/10/2014
Bank of Baroda,1016120,310483,1326603,6870.36,845566,(B) Regional Rural Bank,12/10/2014
Bank of India,976280,244575,1220855,1266.15,241155,(B) Regional Rural Bank,12/10/2014
Bank of Maharashtra,162978,44242,207220,111.7,118181,(B) Regional Rural Bank,12/10/2014
Canara Bank,344117,184278,528395,707.03,224306,(B) Regional Rural Bank,12/10/2014
Central Bank of India,1405935,277421,1683356,19467.57,71073,(B) Regional Rural Bank,12/10/2014
Dena Bank,153448,8518,161966,1056.04,32340,(B) Regional Rural Bank,12/10/2014
Indian Bank,239327,36828,276155,865.44,0,(B) Regional Rural Bank,12/10/2014
Indian Overseas Bank,328083,6570,334653,2308.22,76,(B) Regional Rural Bank,12/10/2014
Punjab & Sind Bank,9262,1929,11191,22.89,4360,(B) Regional Rural Bank,12/10/2014
Punjab National Bank,1239041,251198,1490239,23993.43,146595,(B) Regional Rural Bank,12/10/2014
State Bank of Bikaner & Jaipur,574669,17929,592598,4532.82,573902,(B) Regional Rural Bank,12/10/2014
State Bank of Hyderabad,372080,19625,391705,678.96,53216,(B) Regional Rural Bank,12/10/2014
State Bank of India,2104775,354645,2459420,14767.58,187442,(B) Regional Rural Bank,12/10/2014
State Bank of Mysore,210274,74171,284445,1524.15,174456,(B) Regional Rural Bank,12/10/2014
State Bank of Patiala,31169,589,31758,141.79,27761,(B) Regional Rural Bank,12/10/2014
Syndicate Bank,786525,236096,1022621,7964.93,97785,(B) Regional Rural Bank,12/10/2014
UCO Bank,340535,8257,348792,3017.52,141477,(B) Regional Rural Bank,12/10/2014
Union Bank of India,399782,107819,507601,2830.76,21906,(B) Regional Rural Bank,12/10/2014
United Bank of India,1766154,30722,1796876,12162.08,57526,(B) Regional Rural Bank,12/10/2014
Regional Rural Banks Sub Total,13010559,2316810,15327369,105317.77,3287929,(B) Regional Rural Bank,12/10/2014
Axis Bank Ltd,69219,141359,210578,1580.22,136176,(C) Major Private Banks,12/10/2014
City Union Bank Ltd,9503,40321,49824,253.7,0,(C) Major Private Banks,12/10/2014
Federal Bank Ltd,125244,35291,160535,9920.46,79642,(C) Major Private Banks,12/10/2014
HDFC Bank Ltd,128276,517204,645480,21538.62,583893,(C) Major Private Banks,12/10/2014
ICICI Bank Ltd,436687,110560,547247,758.87,544874,(C) Major Private Banks,12/10/2014
IndusInd Bank Ltd,10800,70604,81404,182.26,79507,(C) Major Private Banks,12/10/2014
Jammu & Kashmir Bank Ltd,350499,49605,400104,5307.89,0,(C) Major Private Banks,12/10/2014
Karur Vysya Bank,4695,62202,66897,128.37,55756,(C) Major Private Banks,12/10/2014
Kotak Mahindra Bank Ltd,24009,17924,41933,117.1,40082,(C) Major Private Banks,12/10/2014
Lakshmi Vilas Bank Ltd,4358,18674,23032,59.43,0,(C) Major Private Banks,12/10/2014
RBL Bank Ltd,60025,29425,89450,49.94,41261,(C) Major Private Banks,12/10/2014
South Indian Bank Ltd,10617,55581,66198,364.56,28620,(C) Major Private Banks,12/10/2014
Yes Bank Ltd,2513,1353,3866,12.82,3866,(C) Major Private Banks,12/10/2014
Major Private Banks Sub Total,1236445,1150103,2386548,40274.25,1593677,(C) Major Private Banks,12/10/2014
Public Sector Banks,41133558,34479947,75613505,571632.59,60924531,Summary,12/17/2014
Regional Rural Banks,14096956,2540891,16637847,111514.74,4550940,Summary,12/17/2014
Private Sector Banks,1319873,1203842,2523715,44023.31,1700195,Summary,12/17/2014
Grand Total,56550387,38224680,94775067,727170.64,67175666,Summary,12/17/2014
Allahabad Bank,1410599,626977,2037576,4211.92,1704415,(A) Public Sector Banks,12/17/2014
Andhra Bank,918957,597107,1516064,4043.3,1436685,(A) Public Sector Banks,12/17/2014
Bank of Baroda,2124990,2996123,5121113,41194.15,5014279,(A) Public Sector Banks,12/17/2014
Bank of India,1766648,2562282,4328930,18130.18,3663682,(A) Public Sector Banks,12/17/2014
Bank of Maharashtra,1036988,488523,1525511,13006.9,1243640,(A) Public Sector Banks,12/17/2014
Bhartiya Mahila Bank,0,51228,51228,309.05,50181,(A) Public Sector Banks,12/17/2014
Canara Bank,3218154,1554740,4772894,72353.94,4242490,(A) Public Sector Banks,12/17/2014
Central Bank of India,3167358,999869,4167227,13199.84,3235844,(A) Public Sector Banks,12/17/2014
Corporation Bank,750882,729394,1480276,22764.2,1390461,(A) Public Sector Banks,12/17/2014
Dena Bank,1096808,623290,1720098,9255.35,1469189,(A) Public Sector Banks,12/17/2014
IDBI Bank Ltd.,367556,354475,722031,1443.36,628158,(A) Public Sector Banks,12/17/2014
Indian Bank,1321239,777026,2098265,7928.62,2043664,(A) Public Sector Banks,12/17/2014
Indian Overseas Bank,754120,1507342,2261462,1038.72,1708204,(A) Public Sector Banks,12/17/2014
Oriental Bank of Commerce,1065068,730934,1796002,62921.12,1352803,(A) Public Sector Banks,12/17/2014
Punjab & Sind Bank,663614,369029,1032643,30547.63,915241,(A) Public Sector Banks,12/17/2014
Punjab National Bank,4230753,1018393,5249146,77616.64,3087337,(A) Public Sector Banks,12/17/2014
State Bank of Bikaner & Jaipur,723420,899138,1622558,26125.27,1394578,(A) Public Sector Banks,12/17/2014
State Bank of Hyderabad,647573,1257390,1904963,6625.67,1834514,(A) Public Sector Banks,12/17/2014
State Bank of India,7331552,10640527,17972079,13827.56,11390914,(A) Public Sector Banks,12/17/2014
State Bank of Mysore,477413,160864,638277,292.98,594744,(A) Public Sector Banks,12/17/2014
State Bank of Patiala,335032,631099,966131,23175.39,912112,(A) Public Sector Banks,12/17/2014
State Bank of Travancore,33819,273888,307707,14391.42,283085,(A) Public Sector Banks,12/17/2014
Syndicate Bank,1773063,942659,2715722,16742.82,2459860,(A) Public Sector Banks,12/17/2014
UCO Bank,1396785,1466957,2863742,25766.58,2832335,(A) Public Sector Banks,12/17/2014
Union Bank of India,2585579,826214,3411793,15035.32,3055626,(A) Public Sector Banks,12/17/2014
United Bank of India,1419813,1004637,2424450,47348.71,2163360,(A) Public Sector Banks,12/17/2014
Vijaya Bank,515775,389842,905617,2335.93,817130,(A) Public Sector Banks,12/17/2014
Public Sector Banks Sub Total,41133558,34479947,75613505,571632.59,60924531,(A) Public Sector Banks,12/17/2014
Allahabad Bank,474035,98134,572169,837.18,320702,(B) Regional Rural Bank,12/17/2014
Andhra Bank,106371,8451,114822,275.61,69459,(B) Regional Rural Bank,12/17/2014
Bank of Baroda,1184115,359974,1544089,8110.43,1225515,(B) Regional Rural Bank,12/17/2014
Bank of India,1046339,266007,1312346,1336.68,427793,(B) Regional Rural Bank,12/17/2014
Bank of Maharashtra,268201,51317,319518,125.62,148455,(B) Regional Rural Bank,12/17/2014
Canara Bank,364977,194764,559741,916.37,392763,(B) Regional Rural Bank,12/17/2014
Central Bank of India,1519911,301620,1821531,20073.57,171146,(B) Regional Rural Bank,12/17/2014
Dena Bank,155417,8627,164044,1067.84,32340,(B) Regional Rural Bank,12/17/2014
Indian Bank,249274,37991,287265,915.92,0,(B) Regional Rural Bank,12/17/2014
Indian Overseas Bank,343698,9093,352791,2588.17,76,(B) Regional Rural Bank,12/17/2014
Punjab & Sind Bank,9274,1937,11211,28.03,11199,(B) Regional Rural Bank,12/17/2014
Punjab National Bank,1333368,264836,1598204,24456.47,151495,(B) Regional Rural Bank,12/17/2014
State Bank of Bikaner & Jaipur,611376,18660,630036,4643.71,574373,(B) Regional Rural Bank,12/17/2014
State Bank of Hyderabad,430114,60152,490266,726.29,55271,(B) Regional Rural Bank,12/17/2014
State Bank of India,2308949,391481,2700430,15957.21,234248,(B) Regional Rural Bank,12/17/2014
State Bank of Mysore,226077,74836,300913,1804.75,190042,(B) Regional Rural Bank,12/17/2014
State Bank of Patiala,32177,603,32780,291.2,27879,(B) Regional Rural Bank,12/17/2014
Syndicate Bank,819621,242568,1062189,8609.29,97785,(B) Regional Rural Bank,12/17/2014
UCO Bank,369024,8356,377380,3432.19,241477,(B) Regional Rural Bank,12/17/2014
Union Bank of India,409722,108338,518060,3032.12,25348,(B) Regional Rural Bank,12/17/2014
United Bank of India,1834916,33146,1868062,12286.07,153574,(B) Regional Rural Bank,12/17/2014
Regional Rural Banks Sub Total,14096956,2540891,16637847,111514.74,4550940,(B) Regional Rural Bank,12/17/2014
Axis Bank Ltd,70093,147662,217755,1579.56,156440,(C) Major Private Banks,12/17/2014
City Union Bank Ltd,9909,43110,53019,286.87,0,(C) Major Private Banks,12/17/2014
Federal Bank Ltd,131048,37018,168066,9978.5,86160,(C) Major Private Banks,12/17/2014
HDFC Bank Ltd,133558,536869,670427,24549.31,625812,(C) Major Private Banks,12/17/2014
ICICI Bank Ltd,456879,113368,570247,878.1,565557,(C) Major Private Banks,12/17/2014
IndusInd Bank Ltd,11179,75963,87142,175.35,81117,(C) Major Private Banks,12/17/2014
Jammu & Kashmir Bank Ltd,398837,52542,451379,5716.62,0,(C) Major Private Banks,12/17/2014
Karur Vysya Bank,4922,68826,73748,157.89,61557,(C) Major Private Banks,12/17/2014
Kotak Mahindra Bank Ltd,24587,18345,42932,180.77,40208,(C) Major Private Banks,12/17/2014
Lakshmi Vilas Bank Ltd,4560,19784,24344,65.3,0,(C) Major Private Banks,12/17/2014
RBL Bank Ltd,60025,29425,89450,49.94,52366,(C) Major Private Banks,12/17/2014
South Indian Bank Ltd,11376,59224,70600,392.25,30978,(C) Major Private Banks,12/17/2014
Yes Bank Ltd,2900,1706,4606,12.85,0,(C) Major Private Banks,12/17/2014
Major Private Banks Sub Total,1319873,1203842,2523715,44023.31,1700195,(C) Major Private Banks,12/17/2014
Public Sector Banks,41795238,35254465,77049703,551963.3,65888375,Summary,12/24/2014
Regional Rural Banks,13054297,2654212,15708509,96306.87,6237494,Summary,12/24/2014
Private Sector Banks,1400812,1282797,2683609,46270.4,1939841,Summary,12/24/2014
Grand Total,56250347,39191474,95441821,694540.57,74065710,Summary,12/24/2014
Allahabad Bank,1441409,645665,2087074,4498.17,1783124,(A) Public Sector Banks,12/24/2014
Andhra Bank,952413,612532,1564945,4460.41,1484223,(A) Public Sector Banks,12/24/2014
Bank of Baroda,2247746,3175365,5423111,45034.39,5161747,(A) Public Sector Banks,12/24/2014
Bank of India,1862978,2708425,4571403,19632.47,4334569,(A) Public Sector Banks,12/24/2014
Bank of Maharashtra,1113390,519606,1632996,17863.1,1320427,(A) Public Sector Banks,12/24/2014
Bhartiya Mahila Bank,0,52966,52966,316.85,51700,(A) Public Sector Banks,12/24/2014
Canara Bank,3349787,1613533,4963320,72531.62,4672142,(A) Public Sector Banks,12/24/2014
Central Bank of India,3333493,1035194,4368687,14086.05,3404823,(A) Public Sector Banks,12/24/2014
Corporation Bank,785858,771337,1557195,22919.28,1474342,(A) Public Sector Banks,12/24/2014
Dena Bank,1183169,651592,1834761,9881.23,1725133,(A) Public Sector Banks,12/24/2014
IDBI Bank Ltd.,382736,365586,748322,1567.78,644276,(A) Public Sector Banks,12/24/2014
Indian Bank,1371387,800884,2172271,8419.8,2050844,(A) Public Sector Banks,12/24/2014
Indian Overseas Bank,784309,1563866,2348175,1080.07,1984303,(A) Public Sector Banks,12/24/2014
Oriental Bank of Commerce,1038312,727764,1766076,67570.39,1542000,(A) Public Sector Banks,12/24/2014
Punjab & Sind Bank,681356,378046,1059402,32363.44,953025,(A) Public Sector Banks,12/24/2014
Punjab National Bank,4516401,1078822,5595223,77634.01,3388995,(A) Public Sector Banks,12/24/2014
State Bank of Bikaner & Jaipur,765902,949983,1715885,28268.48,1394578,(A) Public Sector Banks,12/24/2014
State Bank of Hyderabad,681299,1314510,1995809,7274.6,1847961,(A) Public Sector Banks,12/24/2014
State Bank of India,7855907,11407568,19263475,13892.77,15178491,(A) Public Sector Banks,12/24/2014
State Bank of Mysore,487654,165409,653063,298.31,612016,(A) Public Sector Banks,12/24/2014
State Bank of Patiala,342026,646802,988828,23187.44,948109,(A) Public Sector Banks,12/24/2014
State Bank of Travancore,35850,276407,312257,15101.75,312257,(A) Public Sector Banks,12/24/2014
Syndicate Bank,1846862,975291,2822153,17719.35,2550780,(A) Public Sector Banks,12/24/2014
UCO Bank,1484223,1556767,3040990,27773.65,2941692,(A) Public Sector Banks,12/24/2014
Union Bank of India,2692942,854596,3547538,16009.61,3164018,(A) Public Sector Banks,12/24/2014
Vijaya Bank,557829,405949,963778,2578.26,962800,(A) Public Sector Banks,12/24/2014
Public Sector Banks Sub Total,41795238,35254465,77049703,551963.3,65888375,(A) Public Sector Banks,12/24/2014
Allahabad Bank,487327,101226,588553,866.39,436379,(B) Regional Rural Bank,12/24/2014
Andhra Bank,110450,8648,119098,297.93,80885,(B) Regional Rural Bank,12/24/2014
Bank of Baroda,1256203,384633,1640836,9259.23,1287324,(B) Regional Rural Bank,12/24/2014
Bank of India,1099961,283465,1383426,1417.09,707351,(B) Regional Rural Bank,12/24/2014
Bank of Maharashtra,320801,54011,374812,134.43,150520,(B) Regional Rural Bank,12/24/2014
Canara Bank,366375,196148,562523,1290.63,449074,(B) Regional Rural Bank,12/24/2014
Central Bank of India,1619537,319223,1938760,21119.6,710969,(B) Regional Rural Bank,12/24/2014
Dena Bank,158748,8633,167381,1180.76,82340,(B) Regional Rural Bank,12/24/2014
Indian Bank,255866,38110,293976,962.65,3000,(B) Regional Rural Bank,12/24/2014
Indian Overseas Bank,362617,9114,371731,2673.36,76,(B) Regional Rural Bank,12/24/2014
Punjab & Sind Bank,9277,1939,11216,39.72,11199,(B) Regional Rural Bank,12/24/2014
Punjab National Bank,1388903,274786,1663689,25693.12,561224,(B) Regional Rural Bank,12/24/2014
State Bank of Bikaner & Jaipur,642493,19585,662078,4783.3,574640,(B) Regional Rural Bank,12/24/2014
State Bank of Hyderabad,437489,74076,511565,760.09,57092,(B) Regional Rural Bank,12/24/2014
State Bank of India,2599113,438297,3037410,16832.06,246761,(B) Regional Rural Bank,12/24/2014
State Bank of Mysore,241163,74836,315999,1828.92,197554,(B) Regional Rural Bank,12/24/2014
State Bank of Patiala,33137,614,33751,317.38,28011,(B) Regional Rural Bank,12/24/2014
Syndicate Bank,846344,249510,1095854,0.09,361946,(B) Regional Rural Bank,12/24/2014
UCO Bank,399501,8530,408031,3766.19,264263,(B) Regional Rural Bank,12/24/2014
Union Bank of India,418992,108828,527820,3083.9,26886,(B) Regional Rural Bank,12/24/2014
Regional Rural Banks Sub Total,13054297,2654212,15708509,96306.87,6237494,(B) Regional Rural Bank,12/24/2014
Axis Bank Ltd,71255,154546,225801,1546.99,220944,(C) Major Private Banks,12/24/2014
City Union Bank Ltd,10439,46216,56655,301.43,0,(C) Major Private Banks,12/24/2014
Federal Bank Ltd,137124,38730,175854,10037.59,94038,(C) Major Private Banks,12/24/2014
HDFC Bank Ltd,141376,581374,722750,25955.71,698927,(C) Major Private Banks,12/24/2014
ICICI Bank Ltd,461177,116128,577305,961.82,576497,(C) Major Private Banks,12/24/2014
IndusInd Bank Ltd,11746,78532,90278,158.98,83951,(C) Major Private Banks,12/24/2014
Jammu & Kashmir Bank Ltd,455875,56735,512610,6384.32,46665,(C) Major Private Banks,12/24/2014
Karur Vysya Bank,5428,73726,79154,159.04,66966,(C) Major Private Banks,12/24/2014
Kotak Mahindra Bank Ltd,25814,21305,47119,201.82,46566,(C) Major Private Banks,12/24/2014
Lakshmi Vilas Bank Ltd,4888,21426,26314,73.13,10573,(C) Major Private Banks,12/24/2014
RBL Bank Ltd,60061,29450,89511,51.94,61366,(C) Major Private Banks,12/24/2014
South Indian Bank Ltd,12257,62587,74844,424.37,33348,(C) Major Private Banks,12/24/2014
Yes Bank Ltd,3372,2042,5414,13.26,0,(C) Major Private Banks,12/24/2014
Major Private Banks Sub Total,1400812,1282797,2683609,46270.4,1939841,(C) Major Private Banks,12/24/2014
Public Sector Banks,45119636,37971427,83091063,657867.45,73130361,Summary,12/31/2014
Regional Rural Banks,15717860,2792011,18509871,127568.8,9304777,Summary,12/31/2014
Private Sector Banks,1511376,1370159,2881535,49903.87,2195593,Summary,12/31/2014
Grand Total,62348872,42133597,104482469,835340.12,84630731,Summary,12/31/2014
Allahabad Bank,1463411,658771,2122182,4843.3,2024815,(A) Public Sector Banks,12/31/2014
Andhra Bank,974643,623042,1597685,4838.64,1566635,(A) Public Sector Banks,12/31/2014
Bank of Baroda,2332069,3298382,5630451,53740.86,5441151,(A) Public Sector Banks,12/31/2014
Bank of India,1942951,2827989,4770940,21070.6,4742617,(A) Public Sector Banks,12/31/2014
Bank of Maharashtra,1181266,549627,1730893,20904.9,1457527,(A) Public Sector Banks,12/31/2014
Bhartiya Mahila Bank,0,53347,53347,339.01,52410,(A) Public Sector Banks,12/31/2014
Canara Bank,3508953,1687134,5196087,72878.77,5075041,(A) Public Sector Banks,12/31/2014
Central Bank of India,3448594,1061827,4510421,15136.19,3760930,(A) Public Sector Banks,12/31/2014
Corporation Bank,807774,795438,1603212,23075.45,1509696,(A) Public Sector Banks,12/31/2014
Dena Bank,1248552,675089,1923641,10652.18,1839666,(A) Public Sector Banks,12/31/2014
IDBI Bank Ltd.,391968,371373,763341,1734.15,665253,(A) Public Sector Banks,12/31/2014
Indian Bank,1405364,819938,2225302,9100.94,2172768,(A) Public Sector Banks,12/31/2014
Indian Overseas Bank,806290,1599560,2405850,1111.67,2289281,(A) Public Sector Banks,12/31/2014
Oriental Bank of Commerce,1079784,749457,1829241,81600.19,1605966,(A) Public Sector Banks,12/31/2014
Punjab & Sind Bank,699445,388583,1088028,35472.89,971808,(A) Public Sector Banks,12/31/2014
Punjab National Bank,4755648,1131161,5886809,77647.88,4017809,(A) Public Sector Banks,12/31/2014
State Bank of Bikaner & Jaipur,845746,1047240,1892986,35977.79,1394578,(A) Public Sector Banks,12/31/2014
State Bank of Hyderabad,696713,1340127,2036840,7637.04,1937932,(A) Public Sector Banks,12/31/2014
State Bank of India,8347709,12162439,20510148,13955.96,16363626,(A) Public Sector Banks,12/31/2014
State Bank of Mysore,492534,168506,661040,303.09,621243,(A) Public Sector Banks,12/31/2014
State Bank of Patiala,347429,658404,1005833,23196.64,964927,(A) Public Sector Banks,12/31/2014
State Bank of Travancore,36701,277649,314350,14887.27,314350,(A) Public Sector Banks,12/31/2014
Syndicate Bank,1895099,994070,2889169,20715.8,2640446,(A) Public Sector Banks,12/31/2014
UCO Bank,1528448,1610822,3139270,29825.55,3006076,(A) Public Sector Banks,12/31/2014
Union Bank of India,2754016,877359,3631375,17362.75,3164018,(A) Public Sector Banks,12/31/2014
United Bank of India,1550102,1125066,2675168,57051.26,2532338,(A) Public Sector Banks,12/31/2014
Vijaya Bank,578427,419027,997454,2806.67,997454,(A) Public Sector Banks,12/31/2014
Public Sector Banks Sub Total,45119636,37971427,83091063,657867.45,73130361,(A) Public Sector Banks,12/31/2014
Allahabad Bank,494631,105963,600594,928.68,588553,(B) Regional Rural Bank,12/31/2014
Andhra Bank,110450,8648,119098,305.94,80885,(B) Regional Rural Bank,12/31/2014
Bank of Baroda,1293759,397550,1691309,10640.76,1592352,(B) Regional Rural Bank,12/31/2014
Bank of India,1131825,297516,1429341,1494.57,1034065,(B) Regional Rural Bank,12/31/2014
Bank of Maharashtra,321483,54357,375840,134.82,211265,(B) Regional Rural Bank,12/31/2014
Canara Bank,366787,196508,563295,2591.64,491953,(B) Regional Rural Bank,12/31/2014
Central Bank of India,1697730,334221,2031951,22917.77,1009562,(B) Regional Rural Bank,12/31/2014
Dena Bank,170633,9236,179869,1461.01,132340,(B) Regional Rural Bank,12/31/2014
Indian Bank,260579,38196,298775,1053.29,114706,(B) Regional Rural Bank,12/31/2014
Indian Overseas Bank,377764,9120,386884,3007.87,998,(B) Regional Rural Bank,12/31/2014
Punjab & Sind Bank,9285,1945,11230,42.28,11199,(B) Regional Rural Bank,12/31/2014
Punjab National Bank,1429109,281512,1710621,24981.62,561224,(B) Regional Rural Bank,12/31/2014
State Bank of Bikaner & Jaipur,738814,21862,760676,5094.42,574760,(B) Regional Rural Bank,12/31/2014
State Bank of Hyderabad,445186,75489,520675,790.32,67631,(B) Regional Rural Bank,12/31/2014
State Bank of India,2757892,473034,3230926,17609.57,262910,(B) Regional Rural Bank,12/31/2014
State Bank of Mysore,248655,74836,323491,1789.38,208766,(B) Regional Rural Bank,12/31/2014
State Bank of Patiala,33665,614,34279,359.42,28104,(B) Regional Rural Bank,12/31/2014
Syndicate Bank,866584,255544,1122128,10323.19,882626,(B) Regional Rural Bank,12/31/2014
UCO Bank,410786,8596,419382,3908.8,269599,(B) Regional Rural Bank,12/31/2014
Union Bank of India,426224,109207,535431,3102.91,26903,(B) Regional Rural Bank,12/31/2014
United Bank of India,2126019,38057,2164076,15030.54,1154376,(B) Regional Rural Bank,12/31/2014
Regional Rural Banks Sub Total,15717860,2792011,18509871,127568.8,9304777,(B) Regional Rural Bank,12/31/2014
Axis Bank Ltd,72092,158519,230611,1499.37,224923,(C) Major Private Banks,12/31/2014
City Union Bank Ltd,10928,48352,59280,356.63,0,(C) Major Private Banks,12/31/2014
Federal Bank Ltd,142701,41004,183705,9904.87,179999,(C) Major Private Banks,12/31/2014
HDFC Bank Ltd,146362,616748,763110,29089.51,739286,(C) Major Private Banks,12/31/2014
ICICI Bank Ltd,522012,122590,644602,961.46,619613,(C) Major Private Banks,12/31/2014
IndusInd Bank Ltd,12298,93656,105954,156.32,94391,(C) Major Private Banks,12/31/2014
Jammu & Kashmir Bank Ltd,486400,59850,546250,6934.3,94624,(C) Major Private Banks,12/31/2014
Karur Vysya Bank,5670,77925,83595,199.65,75695,(C) Major Private Banks,12/31/2014
Kotak Mahindra Bank Ltd,27009,22775,49784,202.37,48596,(C) Major Private Banks,12/31/2014
Lakshmi Vilas Bank Ltd,9242,31926,41168,84.36,10573,(C) Major Private Banks,12/31/2014
RBL Bank Ltd,60061,29450,89511,51.94,72986,(C) Major Private Banks,12/31/2014
South Indian Bank Ltd,12778,65057,77835,447.41,34907,(C) Major Private Banks,12/31/2014
Yes Bank Ltd,3823,2307,6130,15.69,0,(C) Major Private Banks,12/31/2014
Major Private Banks Sub Total,1511376,1370159,2881535,49903.87,2195593,(C) Major Private Banks,12/31/2014
