Bank Name / Type,Number of Beneficiaries at rural/semiurban centre bank branches,Number of Beneficiaries at urban metro centre bank branches,Number of Total Beneficiaries,Deposits in Accounts(In lac),Number of Rupay Debit Cards issued to beneficiaries,level,date
"Public Sector Banks",17394862,14845177,32240039,93390.3,10402669,"Summary","2014-09-24"
"Regional Rural Banks",357621,66286,423907,1431.38,6119,"Summary","2014-09-24"
"Private Sector Banks",359258,471164,830422,1090.87,55489,"Summary","2014-09-24"
"Grand Total",18111741,15382627,33494368,95912.55,10464277,"Summary","2014-09-24"
"Public Sector Banks",4029772,2754484,6784256,10466.93,1703977,"Summary","2014-10-01"
"Regional Rural Banks",198184,91256,289440,0,48719,"Summary","2014-10-01"
"Grand Total",4227956,2845740,7073696,10466.93,1752696,"Summary","2014-10-01"
"Public Sector Banks",14856505,13855257,28711762,11133.84,14468061,"Summary","2014-10-08"
"Regional Rural Banks",313222,78792,392014,1573,6694,"Summary","2014-10-08"
"Private Sector Banks",469494,292553,762047,825.93,80854,"Summary","2014-10-08"
"Grand Total",15639221,14226602,29865823,13532.77,14555609,"Summary","2014-10-08"
"Public Sector Banks",22088030,20609465,42697495,34272.27,21924436,"Summary","2014-10-15"
"Regional Rural Banks",143148,47453,190601,41.82,128335,"Summary","2014-10-15"
"Private Sector Banks",587399,717318,1304717,841.28,203361,"Summary","2014-10-15"
"Grand Total",22818577,21374236,44192813,35155.37,22256132,"Summary","2014-10-15"
"Public Sector Banks",19923405,19779051,39702456,29121.22,21852910,"Summary","2014-10-22"
"Regional Rural Banks",745574,210774,956348,2800.12,116142,"Summary","2014-10-22"
"Private Sector Banks",609575,764498,1374073,946.01,334108,"Summary","2014-10-22"
"Grand Total",21278554,20754323,42032877,32867.35,22303160,"Summary","2014-10-22"
"Public Sector Banks",28574563,24190468,52765031,314628.43,28918571,"Summary","2014-10-29"
"Regional Rural Banks",9382212,1823299,11205511,57879.58,1100154,"Summary","2014-10-29"
"Private Sector Banks",670273,875442,1545715,22308.47,431858,"Summary","2014-10-29"
"Grand Total",38627048,26889209,65516257,394816.48,30450583,"Summary","2014-10-29"
"Public Sector Banks",30833241,26068406,56901647,419927.65,32997113,"Summary","2014-11-05"
"Regional Rural Banks",9918749,1751966,11670715,51547.74,1202076,"Summary","2014-11-05"
"Private Sector Banks",950416,982096,1932512,26051.01,591085,"Summary","2014-11-05"
"Grand Total",41702406,28802468,70504874,497526.4,34790274,"Summary","2014-11-05"
"Public Sector Banks",32021638,27040384,59062022,464556.53,33859690,"Summary","2014-11-12"
"Regional Rural Banks",10409959,1826498,12236457,57196.85,1321989,"Summary","2014-11-12"
"Private Sector Banks",990514,1014063,2004577,33742.34,773133,"Summary","2014-11-12"
"Grand Total",43422111,29880945,73303056,555495.72,35954812,"Summary","2014-11-12"
"Public Sector Banks",33759705,28409062,62168767,494604.39,39856807,"Summary","2014-11-19"
"Regional Rural Banks",11079391,1960919,13040310,73449.6,1811662,"Summary","2014-11-19"
"Private Sector Banks",1039225,1060920,2100145,34318.32,942009,"Summary","2014-11-19"
"Grand Total",45878321,31430901,77309222,602372.31,42610478,"Summary","2014-11-19"
"Public Sector Banks",35469451,29774121,65243572,509823.01,43615330,"Summary","2014-11-26"
"Regional Rural Banks",11730447,2083823,13814270,84234.73,2045114,"Summary","2014-11-26"
"Private Sector Banks",1067353,1097612,2164965,32893.84,1208127,"Summary","2014-11-26"
"Grand Total",48267251,32955556,81222807,626951.58,46868571,"Summary","2014-11-26"
"Public Sector Banks",36166563,30410575,66577138,503350.28,48648882,"Summary","2014-12-03"
"Regional Rural Banks",12223546,2157297,14380843,95976.79,2255185,"Summary","2014-12-03"
"Private Sector Banks",861253,1073543,1934796,33732.02,1320187,"Summary","2014-12-03"
"Grand Total",49251362,33641415,82892777,633059.09,52224254,"Summary","2014-12-03"
"Public Sector Banks",38880468,32704542,71585010,546830.58,55065020,"Summary","2014-12-10"
"Regional Rural Banks",13010559,2316810,15327369,105317.77,3287929,"Summary","2014-12-10"
"Private Sector Banks",1236445,1150103,2386548,40274.25,1593677,"Summary","2014-12-10"
"Grand Total",53127472,36171455,89298927,692422.6,59946626,"Summary","2014-12-10"
"Public Sector Banks",41133558,34479947,75613505,571632.59,60924531,"Summary","2014-12-17"
"Regional Rural Banks",14096956,2540891,16637847,111514.74,4550940,"Summary","2014-12-17"
"Private Sector Banks",1319873,1203842,2523715,44023.31,1700195,"Summary","2014-12-17"
"Grand Total",56550387,38224680,94775067,727170.64,67175666,"Summary","2014-12-17"
"Public Sector Banks",41795238,35254465,77049703,551963.3,65888375,"Summary","2014-12-24"
"Regional Rural Banks",13054297,2654212,15708509,96306.87,6237494,"Summary","2014-12-24"
"Private Sector Banks",1400812,1282797,2683609,46270.4,1939841,"Summary","2014-12-24"
"Grand Total",56250347,39191474,95441821,694540.57,74065710,"Summary","2014-12-24"
"Public Sector Banks",45119636,37971427,83091063,657867.45,73130361,"Summary","2014-12-31"
"Regional Rural Banks",15717860,2792011,18509871,127568.8,9304777,"Summary","2014-12-31"
"Private Sector Banks",1511376,1370159,2881535,49903.87,2195593,"Summary","2014-12-31"
"Grand Total",62348872,42133597,104482469,835340.12,84630731,"Summary","2014-12-31"
"Public Sector Banks",46807919,39410062,86217981,672297.12,77009578,"Summary","2015-01-07"
"Regional Rural Banks",16310149,2889703,19199852,132139.2,10334829,"Summary","2015-01-07"
"Private Sector Banks",1597146,1449414,3046560,50035.06,2289569,"Summary","2015-01-07"
"Grand Total",64715214,43749179,108464393,854471.38,89633976,"Summary","2015-01-07"
"Public Sector Banks",48574913,41074856,89649769,698157.34,82565961,"Summary","2015-01-14"
"Regional Rural Banks",16862226,2985744,19847970,140866.7,11550776,"Summary","2015-01-14"
"Private Sector Banks",1965583,1674411,3639994,50896.25,2736153,"Summary","2015-01-14"
"Grand Total",67402722,45735011,113137733,889920.29,96852890,"Summary","2015-01-14"
"Public Sector Banks",52261449,44209250,96470699,800920.3,89348979,"Summary","2015-01-28"
"Regional Rural Banks",18226849,3245567,21472416,155906.79,14702771,"Summary","2015-01-28"
"Private Sector Banks",3188813,1975091,5163904,64921.2,4517807,"Summary","2015-01-28"
"Grand Total",73677111,49429908,123107019,1021748.29,108569557,"Summary","2015-01-28"
"Public Sector Banks",54018407,45748043,99766450,834558.63,92423911,"Summary","2015-02-04"
"Regional Rural Banks",18756918,3335820,22092738,164641.52,15246580,"Summary","2015-02-04"
"Private Sector Banks",3253732,2036082,5289814,72109.39,4606243,"Summary","2015-02-04"
"Grand Total",76029057,51119945,127149002,1071309.54,112276734,"Summary","2015-02-04"
"Public Sector Banks",55276734,46839053,102115787,890405.25,94653352,"Summary","2015-02-11"
"Regional Rural Banks",19177992,3406194,22584186,171285.02,15671539,"Summary","2015-02-11"
"Private Sector Banks",3292627,2066904,5359531,71658.58,4642353,"Summary","2015-02-11"
"Grand Total",77747353,52312151,130059504,1133348.85,114967244,"Summary","2015-02-11"
"Public Sector Banks",56286827,47756902,104043729,932757.03,96571500,"Summary","2015-02-18"
"Regional Rural Banks",19572221,3465834,23038055,181563.03,16162729,"Summary","2015-02-18"
"Private Sector Banks",3345510,2165576,5511086,73382.06,4973272,"Summary","2015-02-18"
"Grand Total",79204558,53388312,132592870,1187702.12,117707501,"Summary","2015-02-18"
"Public Sector Banks",57449586,48794968,106244554,975379.22,98738635,"Summary","2015-02-25"
"Regional Rural Banks",20016424,3540682,23557106,191456.95,16473516,"Summary","2015-02-25"
"Private Sector Banks",3395596,2262743,5658339,77674.99,5090881,"Summary","2015-02-25"
"Grand Total",80861606,54598393,135459999,1244511.16,120303032,"Summary","2015-02-25"
"Public Sector Banks",58565702,49757277,108322979,1013613.13,101169045,"Summary","2015-03-04"
"Regional Rural Banks",20414463,3633512,24047975,202043.01,16821384,"Summary","2015-03-04"
"Private Sector Banks",3436151,2299161,5735312,79872.81,5144748,"Summary","2015-03-04"
"Grand Total",82416316,55689950,138106266,1295528.95,123135177,"Summary","2015-03-04"
"Public Sector Banks",59404690,50475133,109879823,1049295.75,102604519,"Summary","2015-03-11"
"Regional Rural Banks",20715008,3683855,24398863,209287.77,17039020,"Summary","2015-03-11"
"Private Sector Banks",3464646,2328145,5792791,79845.33,5209112,"Summary","2015-03-11"
"Grand Total",83584344,56487133,140071477,1338428.85,124852651,"Summary","2015-03-11"
"Public Sector Banks",60434513,51287682,111722195,1102461.73,104527405,"Summary","2015-03-18"
"Regional Rural Banks",21081512,3783680,24865192,218815.83,17529659,"Summary","2015-03-18"
"Private Sector Banks",3507339,2374335,5881674,82384.78,5367663,"Summary","2015-03-18"
"Grand Total",85023364,57445697,142469061,1403662.34,127424727,"Summary","2015-03-18"
"Public Sector Banks",61755429,52249580,114005009,1145416.12,106696406,"Summary","2015-03-25"
"Regional Rural Banks",21456966,3864198,25321164,231892.28,17703280,"Summary","2015-03-25"
"Private Sector Banks",3559942,2481925,6041867,86756.21,5517324,"Summary","2015-03-25"
"Grand Total",86772337,58595703,145368040,1464064.61,129917010,"Summary","2015-03-25"
"Public Sector Banks",62535017,52909928,115444945,1218505.25,108110088,"Summary","2015-04-01"
"Regional Rural Banks",21711030,3900824,25611854,257711.1,17822870,"Summary","2015-04-01"
"Private Sector Banks",3598756,2507924,6106680,90813.06,5549767,"Summary","2015-04-01"
"Grand Total",87844803,59318676,147163479,1567029.41,131482725,"Summary","2015-04-01"
"Public Sector Banks",63100171,53281990,116382161,1221560.08,109092981,"Summary","2015-04-08"
"Regional Rural Banks",21954405,3928037,25882442,261166.7,17882257,"Summary","2015-04-08"
"Private Sector Banks",3646643,2548010,6194653,88413.24,5576342,"Summary","2015-04-08"
"Grand Total",88701219,59758037,148459256,1571140.02,132551580,"Summary","2015-04-08"
"Public Sector Banks",63760576,53781810,117542386,1222114.67,109994884,"Summary","2015-04-15"
"Regional Rural Banks",22238759,3958324,26197083,270287.87,18411968,"Summary","2015-04-15"
"Private Sector Banks",3671170,2555402,6226572,87431.64,5614938,"Summary","2015-04-15"
"Grand Total",89670505,60295536,149966041,1579834.18,134021790,"Summary","2015-04-15"
"Public Sector Banks",64458482,54211191,118669673,1235864.71,111130002,"Summary","2015-04-22"
"Regional Rural Banks",22591009,4006223,26597232,273545.23,19082186,"Summary","2015-04-22"
"Private Sector Banks",3694168,2569419,6263587,87127.6,5634326,"Summary","2015-04-22"
"Grand Total",90743659,60786833,151530492,1596537.54,135846514,"Summary","2015-04-22"
"Public Sector Banks",65070940,54669626,119740566,1251399.22,112015782,"Summary","2015-04-29"
"Regional Rural Banks",22923849,4044023,26967872,278248,19460990,"Summary","2015-04-29"
"Private Sector Banks",3726330,2580595,6306925,89592.15,5676794,"Summary","2015-04-29"
"Grand Total",91721119,61294244,153015363,1619239.37,137153566,"Summary","2015-04-29"
"Public Sector Banks",65642473,55142624,120785097,1277408.41,112934775,"Summary","2015-05-06"
"Regional Rural Banks",23246153,4094915,27341068,284886.25,19737052,"Summary","2015-05-06"
"Private Sector Banks",3755639,2589711,6345350,91043.31,5692383,"Summary","2015-05-06"
"Grand Total",92644265,61827250,154471515,1653337.97,138364210,"Summary","2015-05-06"
"Public Sector Banks",66278683,55593423,121872106,1308742.05,113865275,"Summary","2015-05-13"
"Regional Rural Banks",23480124,4127922,27608046,291152.9,19931605,"Summary","2015-05-13"
"Private Sector Banks",3783817,2601365,6385182,91995.6,5760023,"Summary","2015-05-13"
"Grand Total",93542624,62322710,155865334,1691890.55,139556903,"Summary","2015-05-13"
"Public Sector Banks",67045252,56191453,123236705,1329650.65,114943954,"Summary","2015-05-20"
"Regional Rural Banks",23729780,4161940,27891720,298038.23,20122909,"Summary","2015-05-20"
"Private Sector Banks",3824093,2660177,6484270,94281.41,5850649,"Summary","2015-05-20"
"Grand Total",94599125,63013570,157612695,1721970.29,140917512,"Summary","2015-05-20"
"Public Sector Banks",68027481,56826062,124853543,1386756.71,116663249,"Summary","2015-06-03"
"Regional Rural Banks",24179610,4233681,28413291,311481.62,20783824,"Summary","2015-06-03"
"Private Sector Banks",3923253,2761053,6684306,101305.7,5916699,"Summary","2015-06-03"
"Grand Total",96130344,63820796,159951140,1799544.03,143363772,"Summary","2015-06-03"
"Public Sector Banks",68672460,57261088,125933548,1407543.87,117530940,"Summary","2015-06-10"
"Regional Rural Banks",24446810,4264533,28711343,318682.83,20875444,"Summary","2015-06-10"
"Private Sector Banks",3951407,2768003,6719410,103451.48,5935250,"Summary","2015-06-10"
"Grand Total",97070677,64293624,161364301,1829678.18,144341634,"Summary","2015-06-10"
"Public Sector Banks",69305844,57689633,126995477,1435745.58,118478771,"Summary","2015-06-17"
"Regional Rural Banks",24665930,4300236,28966166,325847.93,20992909,"Summary","2015-06-17"
"Private Sector Banks",3969398,2776230,6745628,106861.12,5950068,"Summary","2015-06-17"
"Grand Total",97941172,64766099,162707271,1868454.63,145421748,"Summary","2015-06-17"
"Public Sector Banks",70021698,58180231,128201929,1464021.55,119512387,"Summary","2015-06-24"
"Regional Rural Banks",24960715,4341725,29302440,331564.86,21119474,"Summary","2015-06-24"
"Private Sector Banks",3992425,2781422,6773847,105956,6022921,"Summary","2015-06-24"
"Grand Total",98974838,65303378,164278216,1901542.41,146654782,"Summary","2015-06-24"
"Public Sector Banks",70719134,58686168,129405302,1512869.32,120408987,"Summary","2015-07-01"
"Regional Rural Banks",25112788,4365447,29478235,337592.52,21196032,"Summary","2015-07-01"
"Private Sector Banks",4015649,2791799,6807448,107608.02,6065619,"Summary","2015-07-01"
"Grand Total",99847571,65843414,165690985,1958069.86,147670638,"Summary","2015-07-01"
"Public Sector Banks",71532016,59156595,130688611,1542829.78,121199620,"Summary","2015-07-08"
"Regional Rural Banks",25385596,4397942,29783538,344553.75,21387764,"Summary","2015-07-08"
"Private Sector Banks",4035067,2804887,6839954,111668.62,6089494,"Summary","2015-07-08"
"Grand Total",100952679,66359424,167312103,1999052.15,148676878,"Summary","2015-07-08"
"Public Sector Banks",72362783,59831414,132194197,1569868.37,122485548,"Summary","2015-07-15"
"Regional Rural Banks",25707903,4444039,30151942,349375.67,21891221,"Summary","2015-07-15"
"Private Sector Banks",4061646,2814343,6875989,109592.88,6101736,"Summary","2015-07-15"
"Grand Total",102132332,67089796,169222128,2028836.92,150478505,"Summary","2015-07-15"
"Public Sector Banks",73092101,60295912,133388013,1584579.44,123249962,"Summary","2015-07-22"
"Regional Rural Banks",25986943,4482067,30469010,354313.64,22113960,"Summary","2015-07-22"
"Private Sector Banks",4080180,2820621,6900801,108488.73,6113204,"Summary","2015-07-22"
"Grand Total",103159224,67598600,170757824,2047381.81,151477126,"Summary","2015-07-22"
"Public Sector Banks",74070299,61061886,135132185,1605548.21,124249144,"Summary","2015-07-29"
"Regional Rural Banks",26264865,4527661,30792526,363628.65,22253420,"Summary","2015-07-29"
"Private Sector Banks",4106596,2831110,6937706,107756.07,6127465,"Summary","2015-07-29"
"Grand Total",104441760,68420657,172862417,2076932.93,152630029,"Summary","2015-07-29"
"Public Sector Banks",74813937,61561041,136374978,1727311.53,125420940,"Summary","2015-08-05"
"Regional Rural Banks",26540578,4568799,31109377,368456.14,22748547,"Summary","2015-08-05"
"Private Sector Banks",4134078,2841257,6975335,107500.68,6170497,"Summary","2015-08-05"
"Grand Total",105488593,68971097,174459690,2203268.35,154339984,"Summary","2015-08-05"
"Public Sector Banks",75342325,61889061,137231386,1755684.36,126227320,"Summary","2015-08-12"
"Regional Rural Banks",26830181,4607014,31437195,374807.49,23193629,"Summary","2015-08-12"
"Private Sector Banks",4155707,2849630,7005337,108907.32,6186118,"Summary","2015-08-12"
"Grand Total",106328213,69345705,175673918,2239399.17,155607067,"Summary","2015-08-12"
"Public Sector Banks",76124391,62502892,138627283,1775839.1,126990641,"Summary","2015-08-19"
"Regional Rural Banks",27057190,4638159,31695349,380715.49,23329529,"Summary","2015-08-19"
"Private Sector Banks",4180445,2856455,7036900,108180.24,6195132,"Summary","2015-08-19"
"Grand Total",107362026,69997506,177359532,2264734.83,156515302,"Summary","2015-08-19"
"Public Sector Banks",76917989,63023640,139941629,1793166.31,127652028,"Summary","2015-08-26"
"Regional Rural Banks",27318138,4675190,31993328,387783.36,23487245,"Summary","2015-08-26"
"Private Sector Banks",4202953,2864347,7067300,109118.3,6222099,"Summary","2015-08-26"
"Grand Total",108439080,70563177,179002257,2290067.97,157361372,"Summary","2015-08-26"
"Public Sector Banks",77565426,63462843,141028269,1820709.51,128257533,"Summary","2015-09-02"
"Regional Rural Banks",27621800,4711110,32332910,393902.97,23710652,"Summary","2015-09-02"
"Private Sector Banks",4220781,2831456,7052237,110887.93,6249473,"Summary","2015-09-02"
"Grand Total",109408007,71005409,180413416,2325500.41,158217658,"Summary","2015-09-02"
"Public Sector Banks",78230402,63927143,142157545,1862671.27,128809406,"Summary","2015-09-09"
"Regional Rural Banks",27816149,4738564,32554713,395665.89,24004669,"Summary","2015-09-09"
"Private Sector Banks",4240900,2840053,7080953,111647.13,6270863,"Summary","2015-09-09"
"Grand Total",110287451,71505760,181793211,2369984.29,159084938,"Summary","2015-09-09"
"Public Sector Banks",78937810,64552471,143490281,1890836.31,129425767,"Summary","2015-09-16"
"Regional Rural Banks",28023283,4768612,32791895,405704.36,24100327,"Summary","2015-09-16"
"Private Sector Banks",4252933,2845331,7098264,110596.94,6284391,"Summary","2015-09-16"
"Grand Total",111214026,72166414,183380440,2407137.61,159810485,"Summary","2015-09-16"
"Public Sector Banks",79556419,64921381,144477800,1912912.35,129986131,"Summary","2015-09-23"
"Regional Rural Banks",28280351,4803657,33084008,413297.37,23942102,"Summary","2015-09-23"
"Private Sector Banks",4267336,2852921,7120257,110085.69,6302523,"Summary","2015-09-23"
"Grand Total",112104106,72577959,184682065,2436295.41,160230756,"Summary","2015-09-23"
"Public Sector Banks",80724567,65596662,146321229,1969502.65,131283965,"Summary","2015-10-07"
"Regional Rural Banks",28629751,4844248,33473999,432815.7,24043288,"Summary","2015-10-07"
"Private Sector Banks",4299233,2873312,7172545,112378.52,6346779,"Summary","2015-10-07"
"Grand Total",113653551,73314222,186967773,2514696.87,161674032,"Summary","2015-10-07"
"Public Sector Banks",81536976,66150912,147687888,2019515.23,132147412,"Summary","2015-10-14"
"Regional Rural Banks",28884273,4862427,33746700,437936.4,24150520,"Summary","2015-10-14"
"Private Sector Banks",4312682,2879608,7192290,111904.93,6342531,"Summary","2015-10-14"
"Grand Total",114733931,73892947,188626878,2569356.56,162640463,"Summary","2015-10-14"
"Public Sector Banks",81901564,66464031,148365595,2035434.24,132574894,"Summary","2015-10-21"
"Regional Rural Banks",29092838,4892065,33984903,442082.06,24410741,"Summary","2015-10-21"
"Private Sector Banks",4332182,2885819,7218001,112443.26,6364518,"Summary","2015-10-21"
"Grand Total",115326584,74241915,189568499,2589959.56,163350153,"Summary","2015-10-21"
"Public Sector Banks",82213071,66665004,148878075,2034784.6,132912634,"Summary","2015-10-28"
"Regional Rural Banks",29216380,4906913,34123293,445533.21,24447953,"Summary","2015-10-28"
"Private Sector Banks",4345620,2892545,7238165,111037.85,6391295,"Summary","2015-10-28"
"Grand Total",115775071,74464462,190239533,2591355.66,163751882,"Summary","2015-10-28"
"Public Sector Banks",82677119,67047223,149724342,2069674.93,133384192,"Summary","2015-11-04"
"Regional Rural Banks",29425638,4933814,34359452,452265.62,24464205,"Summary","2015-11-04"
"Private Sector Banks",4363873,2901032,7264905,113569.39,6404873,"Summary","2015-11-04"
"Grand Total",116466630,74882069,191348699,2635509.94,164253270,"Summary","2015-11-04"
"Public Sector Banks",83011648,67346156,150357804,2107829.37,133968057,"Summary","2015-11-11"
"Regional Rural Banks",29539769,4948818,34488587,459294.9,24727641,"Summary","2015-11-11"
"Private Sector Banks",4361076,2905878,7266954,114812.14,6411118,"Summary","2015-11-11"
"Grand Total",116912493,75200852,192113345,2681936.41,165106816,"Summary","2015-11-11"
"Public Sector Banks",83288541,67527396,150815937,2115745.4,134208186,"Summary","2015-11-18"
"Regional Rural Banks",29678684,4963403,34642087,462932.41,24740085,"Summary","2015-11-18"
"Private Sector Banks",4365486,2910262,7275748,115282.67,6417570,"Summary","2015-11-18"
"Grand Total",117332711,75401061,192733772,2693960.48,165365841,"Summary","2015-11-18"
"Public Sector Banks",83596701,67789831,151386532,2119313.19,134546043,"Summary","2015-11-25"
"Regional Rural Banks",29784339,4978030,34762369,462497.66,25045083,"Summary","2015-11-25"
"Private Sector Banks",4369489,2918784,7288273,113834.58,6426326,"Summary","2015-11-25"
"Grand Total",117750529,75686645,193437174,2695645.43,166017452,"Summary","2015-11-25"
"Public Sector Banks",83943596,68046053,151989649,2145031.09,134637812,"Summary","2015-12-02"
"Regional Rural Banks",29872545,4988222,34860767,468338.02,25054313,"Summary","2015-12-02"
"Private Sector Banks",4374508,2924538,7299046,114936.43,6434963,"Summary","2015-12-02"
"Grand Total",118190649,75958813,194149462,2728305.54,166127088,"Summary","2015-12-02"
"Public Sector Banks",84376114,68329510,152705624,2177265.43,134966235,"Summary","2015-12-09"
"Regional Rural Banks",30123559,5012636,35136195,475691.22,25286062,"Summary","2015-12-09"
"Private Sector Banks",4379659,2933791,7313450,116619.58,6444129,"Summary","2015-12-09"
"Grand Total",118879332,76275937,195155269,2769576.23,166696426,"Summary","2015-12-09"
"Public Sector Banks",84827081,68595499,153422580,2201641.16,135350823,"Summary","2015-12-16"
"Regional Rural Banks",30241134,5031661,35272795,484757.88,25540730,"Summary","2015-12-16"
"Private Sector Banks",4387708,2941432,7329140,114839.29,6452950,"Summary","2015-12-16"
"Grand Total",119455923,76568592,196024515,2801238.33,167344503,"Summary","2015-12-16"
"Public Sector Banks",85436733,69005708,154442441,2256980.46,135788111,"Summary","2015-12-23"
"Regional Rural Banks",30395099,5053037,35448136,496818.51,25643573,"Summary","2015-12-23"
"Private Sector Banks",4397099,2947796,7344895,116165.93,6559278,"Summary","2015-12-23"
"Grand Total",120228931,77006541,197235472,2869964.9,167990962,"Summary","2015-12-23"
"Public Sector Banks",86052376,69321788,155374164,2303485.89,136144105,"Summary","2015-12-30"
"Regional Rural Banks",30585647,5068648,35654295,502566.1,25740040,"Summary","2015-12-30"
"Private Sector Banks",4401890,2954184,7356074,116504.26,6567229,"Summary","2015-12-30"
"Grand Total",121039913,77344620,198384533,2922556.25,168451374,"Summary","2015-12-30"
"Public Sector Banks",87055555,69914136,156969691,2345651.29,136734335,"Summary","2016-01-06"
"Regional Rural Banks",30781274,5081912,35863186,514878.58,25785025,"Summary","2016-01-06"
"Private Sector Banks",4408683,2961871,7370554,120376.97,6621503,"Summary","2016-01-06"
"Grand Total",122245512,77957919,200203431,2980906.84,169140863,"Summary","2016-01-06"
"Public Sector Banks",88128862,70365325,158494187,2375397.07,137451168,"Summary","2016-01-13"
"Regional Rural Banks",30935505,5111286,36046791,520344.77,26097303,"Summary","2016-01-13"
"Private Sector Banks",4454332,2946752,7401084,115103.35,6954154,"Summary","2016-01-13"
"Grand Total",123518699,78423363,201942062,3010845.19,170502625,"Summary","2016-01-13"
"Public Sector Banks",89092139,71017793,160109932,2418079,138159251,"Summary","2016-01-20"
"Regional Rural Banks",31153389,5133788,36287177,528666.49,26221463,"Summary","2016-01-20"
"Private Sector Banks",4463800,2956678,7420478,117083.17,6969920,"Summary","2016-01-20"
"Grand Total",124709328,79108259,203817587,3063828.66,171350634,"Summary","2016-01-20"
"Public Sector Banks",89537898,71298083,160835981,2427730.84,138621275,"Summary","2016-01-27"
"Regional Rural Banks",31248470,5153529,36401999,535818.33,26389394,"Summary","2016-01-27"
"Private Sector Banks",4478240,2962470,7440710,116097.14,6971159,"Summary","2016-01-27"
"Grand Total",125264608,79414082,204678690,3079646.31,171981828,"Summary","2016-01-27"
"Public Sector Banks",90840167,72008795,162848962,2559133.92,139444104,"Summary","2016-02-10"
"Regional Rural Banks",31602842,5204456,36807298,556878.06,26412323,"Summary","2016-02-10"
"Private Sector Banks",4506136,2988557,7494693,121864.11,7061132,"Summary","2016-02-10"
"Grand Total",126949145,80201808,207150953,3237876.09,172917559,"Summary","2016-02-10"
"Public Sector Banks",91633932,72589829,164223761,2586968.7,140029339,"Summary","2016-02-17"
"Regional Rural Banks",31774506,5221207,36995713,563741.58,26519083,"Summary","2016-02-17"
"Private Sector Banks",4525673,2996764,7522437,122361.84,7087634,"Summary","2016-02-17"
"Grand Total",127934111,80807800,208741911,3273072.12,173636056,"Summary","2016-02-17"
"Public Sector Banks",92238015,73014075,165252090,2609405.38,140821948,"Summary","2016-02-24"
"Regional Rural Banks",31932869,5278875,37211744,575643.67,26653022,"Summary","2016-02-24"
"Private Sector Banks",4537976,3004730,7542706,122439.85,7089897,"Summary","2016-02-24"
"Grand Total",128708860,81297680,210006540,3307488.9,174564867,"Summary","2016-02-24"
"Public Sector Banks",92737330,73361955,166099285,2647866.84,141107714,"Summary","2016-03-02"
"Regional Rural Banks",32081591,5292020,37373611,581412.74,26694059,"Summary","2016-03-02"
"Private Sector Banks",4563580,3018293,7581873,123930.53,7138578,"Summary","2016-03-02"
"Grand Total",129382501,81672268,211054769,3353210.11,174940351,"Summary","2016-03-02"
"Public Sector Banks",93320554,73770741,167091295,2710822.18,141797818,"Summary","2016-03-09"
"Regional Rural Banks",32204636,5311619,37516255,588377.42,26719416,"Summary","2016-03-09"
"Private Sector Banks",4582643,3025173,7607816,126807.85,7168153,"Summary","2016-03-09"
"Grand Total",130107833,82107533,212215366,3426007.45,175685387,"Summary","2016-03-09"
"Public Sector Banks",93708050,74022126,167730176,2752153.38,142287617,"Summary","2016-03-16"
"Regional Rural Banks",32393009,5329674,37722683,603683.47,26745552,"Summary","2016-03-16"
"Private Sector Banks",4650528,3031321,7681849,128328.5,7233312,"Summary","2016-03-16"
"Grand Total",130751587,82383121,213134708,3484165.35,176266481,"Summary","2016-03-16"
"Public Sector Banks",94022041,74244529,168266570,2774164.4,142732113,"Summary","2016-03-23"
"Regional Rural Banks",32468472,5345141,37813613,613910.97,26808810,"Summary","2016-03-23"
"Private Sector Banks",4717144,3036959,7754103,133616.83,7290281,"Summary","2016-03-23"
"Grand Total",131207657,82626629,213834286,3521692.2,176831204,"Summary","2016-03-23"
"Public Sector Banks",94292464,74165273,168457737,2813916.93,143155970,"Summary","2016-03-30"
"Regional Rural Banks",32571057,5357511,37928568,617811.88,26935193,"Summary","2016-03-30"
"Private Sector Banks",4843513,3045656,7889169,135471.91,7438509,"Summary","2016-03-30"
"Grand Total",131707034,82568440,214275474,3567200.72,177529672,"Summary","2016-03-30"
"Public Sector Banks",94544725,74604177,169148902,2884820.19,143328907,"Summary","2016-04-06"
"Regional Rural Banks",32664245,5366097,38030342,635960.24,26989510,"Summary","2016-04-06"
"Private Sector Banks",4900162,3058433,7958595,139223.87,7505878,"Summary","2016-04-06"
"Grand Total",132109132,83028707,215137839,3660004.3,177824295,"Summary","2016-04-06"
"Public Sector Banks",94752404,74776531,169528935,2890509.89,143589325,"Summary","2016-04-13"
"Regional Rural Banks",32759343,5382006,38141349,642659.34,27035937,"Summary","2016-04-13"
"Private Sector Banks",4903147,3061823,7964970,139233.96,7514184,"Summary","2016-04-13"
"Grand Total",132414894,83220360,215635254,3672403.19,178139446,"Summary","2016-04-13"
"Public Sector Banks",94957540,74933655,169891195,2887671.95,143691739,"Summary","2016-04-20"
"Regional Rural Banks",32861247,5395711,38256958,648021.36,26620603,"Summary","2016-04-20"
"Private Sector Banks",4908550,3066478,7975028,140236.85,7511612,"Summary","2016-04-20"
"Grand Total",132727337,83395844,216123181,3675930.16,177823954,"Summary","2016-04-20"
"Public Sector Banks",95192409,75238730,170431139,2896498.58,144179464,"Summary","2016-04-27"
"Regional Rural Banks",32916141,5408110,38324251,644329.15,27185660,"Summary","2016-04-27"
"Private Sector Banks",4924815,3072318,7997133,138727.68,7530737,"Summary","2016-04-27"
"Grand Total",133033365,83719158,216752523,3679555.41,178895861,"Summary","2016-04-27"
"Public Sector Banks",95453266,75432432,170885698,2952578.58,144529138,"Summary","2016-05-04"
"Regional Rural Banks",33031013,5430607,38461620,651169.77,27226364,"Summary","2016-05-04"
"Private Sector Banks",4968388,3091680,8060068,140758.85,7603204,"Summary","2016-05-04"
"Grand Total",133452667,83954719,217407386,3744507.2,179358706,"Summary","2016-05-04"
"Public Sector Banks",95804244,75659465,171463709,2959563.47,144838857,"Summary","2016-05-11"
"Regional Rural Banks",33140785,5443939,38584724,658983.18,27260546,"Summary","2016-05-11"
"Private Sector Banks",4992743,3097950,8090693,143111.29,7613420,"Summary","2016-05-11"
"Grand Total",133937772,84201354,218139126,3761657.94,179712823,"Summary","2016-05-11"
"Public Sector Banks",96039473,75789527,171829000,2970168.97,144977512,"Summary","2016-05-18"
"Regional Rural Banks",33267825,5463413,38731238,663632.7,27317791,"Summary","2016-05-18"
"Private Sector Banks",4999376,3096211,8095587,143698.92,7619561,"Summary","2016-05-18"
"Grand Total",134306674,84349151,218655825,3777500.59,179914864,"Summary","2016-05-18"
"Public Sector Banks",96345344,75988933,172334277,2996128.45,145133163,"Summary","2016-05-25"
"Regional Rural Banks",33362156,5480446,38842602,667126.33,27378788,"Summary","2016-05-25"
"Private Sector Banks",5014006,3101415,8115421,141510.69,7636344,"Summary","2016-05-25"
"Grand Total",134721506,84570794,219292300,3804765.47,180148295,"Summary","2016-05-25"
"Public Sector Banks",96681776,76292531,172974307,3014372.6,145790318,"Summary","2016-06-01"
"Regional Rural Banks",33527212,5496156,39023368,685987.03,27420767,"Summary","2016-06-01"
"Private Sector Banks",5039943,3100178,8140121,140820.19,7656665,"Summary","2016-06-01"
"Grand Total",135248931,84888865,220137796,3841179.82,180867750,"Summary","2016-06-01"
"Public Sector Banks",50363831,42672088,93035919,788155.29,86112199,"Summary","2015-01-21"
"Regional Rural Banks",17445473,3109931,20555404,150216.72,14080025,"Summary","2015-01-21"
"Private Sector Banks",2498570,1847990,4346560,60308.25,3671023,"Summary","2015-01-21"
"Grand Total",70307874,47630009,117937883,998680.26,103863247,"Summary","2015-01-21"
"Public Sector Banks",67480337,56435567,123915904,1347999.98,115917821,"Summary","2015-05-27"
"Regional Rural Banks",23979275,4198443,28177718,304816.66,20575711,"Summary","2015-05-27"
"Private Sector Banks",3849549,2679759,6529308,99217.21,5883098,"Summary","2015-05-27"
"Grand Total",95309161,63313769,158622930,1752033.85,142376630,"Summary","2015-05-27"
"Public Sector Banks",79882683,65154212,145036895,1956295.35,130307324,"Summary","2015-09-30"
"Regional Rural Banks",28422086,4821876,33243962,426875,24001365,"Summary","2015-09-30"
"Private Sector Banks",4280982,2860912,7141894,110752.22,6321844,"Summary","2015-09-30"
"Grand Total",112585751,72837000,185422751,2493922.57,160630533,"Summary","2015-09-30"
"Public Sector Banks",90358434,71826644,162185078,2472962.43,139260339,"Summary","2016-02-03"
"Regional Rural Banks",31448811,5181178,36629989,548406.9,26404386,"Summary","2016-02-03"
"Private Sector Banks",4495045,2973830,7468875,118597.66,6982980,"Summary","2016-02-03"
"Grand Total",126302290,79981652,206283942,3139966.99,172647705,"Summary","2016-02-03"
"Public Sector Banks",96953486,76489156,173442642,3046204.95,145964969,"Summary","2016-06-08"
"Regional Rural Banks",33664607,5510977,39175584,663951.34,27549560,"Summary","2016-06-08"
"Private Sector Banks",5033481,3124833,8158314,143911.89,7670156,"Summary","2016-06-08"
"Grand Total",135651574,85124966,220776540,3854068.18,181184685,"Summary","2016-06-08"
"Public Sector Banks",112015487,87638087,199653574,3551421.82,155761260,"Summary","2016-10-12"
"Regional Rural Banks",36374405,5934868,42309273,745265.21,28471237,"Summary","2016-10-12"
"Private Sector Banks",5222456,3331208,8553664,151324.86,7944182,"Summary","2016-10-12"
"Grand Total",153612348,96904163,250516511,4448011.89,192176679,"Summary","2016-10-12"
"Public Sector Banks",121963263,99063897,221027160,5088200.4,172354170,"Summary","2017-02-15"
"Regional Rural Banks",39837367,6422364,46259731,1202256.39,34172077,"Summary","2017-02-15"
"Private Sector Banks",5452802,3610184,9062986,229989.32,8392717,"Summary","2017-02-15"
"Grand Total",167253432,109096445,276349877,6520446.11,214918964,"Summary","2017-02-15"
"Public Sector Banks",127328725,105787380,233116105,5069182.76,179851549,"Summary","2017-06-21"
"Regional Rural Banks",39988980,7083227,47072207,1164600.81,35561034,"Summary","2017-06-21"
"Private Sector Banks",5613832,3689055,9302887,206683.22,8592475,"Summary","2017-06-21"
"Grand Total",172931537,116559662,289491199,6440466.79,224005058,"Summary","2017-06-21"
"Public Sector Banks",134607975,111753557,246361532,5317236.88,184292393,"Summary","2017-10-25"
"Regional Rural Banks",41496114,7589649,49085763,1187082,36126418,"Summary","2017-10-25"
"Private Sector Banks",5910553,3847837,9758390,204250.82,9089657,"Summary","2017-10-25"
"Grand Total",182014642,123191043,305205685,6708569.7,229508468,"Summary","2017-10-25"
"Public Sector Banks",135137585,116817944,251955529,6064998.44,189712585,"Summary","2018-02-28"
"Regional Rural Banks",42341816,7812326,50154142,1275187.87,36683950,"Summary","2018-02-28"
"Private Sector Banks",6000347,3899401,9899748,217022.88,9193075,"Summary","2018-02-28"
"Grand Total",183479748,128529671,312009419,7557209.19,235589610,"Summary","2018-02-28"
"Public Sector Banks",139205199,119524283,258729482,6337146.57,194766288,"Summary","2018-07-11"
"Regional Rural Banks",42634324,8890098,51524422,1378726.54,36903702,"Summary","2018-07-11"
"Private Sector Banks",6005360,3955763,9961123,221243.95,9251428,"Summary","2018-07-11"
"Grand Total",187844883,132370144,320215027,7937117.06,240921418,"Summary","2018-07-11"
"Public Sector Banks",97058051,76647506,173705557,3062852.97,146027080,"Summary","2016-06-15"
"Regional Rural Banks",33800583,5526204,39326787,672064.22,27756227,"Summary","2016-06-15"
"Private Sector Banks",5058585,3118688,8177273,143061.48,7687280,"Summary","2016-06-15"
"Grand Total",135917219,85292398,221209617,3877978.67,181470587,"Summary","2016-06-15"
"Public Sector Banks",97440993,76876195,174317188,3093895.88,146281348,"Summary","2016-06-22"
"Regional Rural Banks",33862124,5461748,39323872,677073.8,27763824,"Summary","2016-06-22"
"Private Sector Banks",5066636,3126235,8192871,144316.2,7699936,"Summary","2016-06-22"
"Grand Total",136369753,85464178,221833931,3915285.88,181745108,"Summary","2016-06-22"
"Public Sector Banks",97824301,77151055,174975356,3099091.98,146574018,"Summary","2016-06-29"
"Regional Rural Banks",34001778,5592707,39594485,678814.14,27873431,"Summary","2016-06-29"
"Private Sector Banks",5103787,3208759,8312546,147251.14,7737623,"Summary","2016-06-29"
"Grand Total",136929866,85952521,222882387,3925157.26,182185072,"Summary","2016-06-29"
"Public Sector Banks",98207135,77393791,175600926,3140942.25,146779898,"Summary","2016-07-06"
"Regional Rural Banks",34152285,5602400,39754685,703115.3,27896749,"Summary","2016-07-06"
"Private Sector Banks",5125479,3216797,8342276,149831.3,7688829,"Summary","2016-07-06"
"Grand Total",137484899,86212988,223697887,3993888.85,182365476,"Summary","2016-07-06"
"Public Sector Banks",98736435,77729888,176466323,3178759.72,147154201,"Summary","2016-07-13"
"Regional Rural Banks",34389304,5615117,40004421,697549.76,27914829,"Summary","2016-07-13"
"Private Sector Banks",5139087,3221206,8360293,150902.34,7784485,"Summary","2016-07-13"
"Grand Total",138264826,86566211,224831037,4027211.82,182853515,"Summary","2016-07-13"
"Public Sector Banks",99273837,78110993,177384830,3206660.03,147512853,"Summary","2016-07-20"
"Regional Rural Banks",34612597,5651090,40263687,701576.92,27975474,"Summary","2016-07-20"
"Private Sector Banks",5146172,3231062,8377234,151854.19,7799466,"Summary","2016-07-20"
"Grand Total",139032606,86993145,226025751,4060091.14,183287793,"Summary","2016-07-20"
"Public Sector Banks",99878807,78400028,178278835,3219045.42,147952345,"Summary","2016-07-27"
"Regional Rural Banks",34234618,5600805,39835423,706098.17,28154050,"Summary","2016-07-27"
"Private Sector Banks",5151455,3238481,8389936,149938.64,7811883,"Summary","2016-07-27"
"Grand Total",139264880,87239314,226504194,4075082.23,183918278,"Summary","2016-07-27"
"Public Sector Banks",100229427,78720342,178949769,3218475.97,147979502,"Summary","2016-08-03"
"Regional Rural Banks",35003622,5718965,40722587,708357.72,28293150,"Summary","2016-08-03"
"Private Sector Banks",5179240,3246915,8426155,152651.77,7830996,"Summary","2016-08-03"
"Grand Total",140412289,87686222,228098511,4079485.46,184103648,"Summary","2016-08-03"
"Public Sector Banks",104549229,82240554,186789783,3306053.07,151757513,"Summary","2016-08-10"
"Regional Rural Banks",35186808,5762947,40949755,713917.3,28540411,"Summary","2016-08-10"
"Private Sector Banks",5181498,3253654,8435152,152359.7,7838704,"Summary","2016-08-10"
"Grand Total",144917535,91257155,236174690,4172330.07,188136628,"Summary","2016-08-10"
"Public Sector Banks",105241656,82701821,187943477,3302888.89,152141347,"Summary","2016-08-17"
"Regional Rural Banks",35272161,5773209,41045370,710195.41,28657626,"Summary","2016-08-17"
"Private Sector Banks",5191238,3255334,8446572,153326.31,7848323,"Summary","2016-08-17"
"Grand Total",145705055,91730364,237435419,4166410.61,188647296,"Summary","2016-08-17"
"Public Sector Banks",106095034,83279392,189374426,3309015.38,152648245,"Summary","2016-08-24"
"Regional Rural Banks",35626525,5800009,41426534,717943.04,28731437,"Summary","2016-08-24"
"Private Sector Banks",5198462,3264951,8463413,151994.68,7866016,"Summary","2016-08-24"
"Grand Total",146920021,92344352,239264373,4178953.1,189245698,"Summary","2016-08-24"
"Public Sector Banks",107174844,84031921,191206765,3337850.7,153348452,"Summary","2016-08-31"
"Regional Rural Banks",35540107,5782837,41322944,719923.49,28776145,"Summary","2016-08-31"
"Private Sector Banks",5206915,3271760,8478675,151649.64,7879143,"Summary","2016-08-31"
"Grand Total",147921866,93086518,241008384,4209423.83,190003740,"Summary","2016-08-31"
"Public Sector Banks",107897656,84582507,192480163,3370586.76,153916674,"Summary","2016-09-07"
"Regional Rural Banks",35857755,5836979,41694734,726080.87,28822589,"Summary","2016-09-07"
"Private Sector Banks",5216223,3295256,8511479,153802.01,7892648,"Summary","2016-09-07"
"Grand Total",148971634,93714742,242686376,4250469.64,190631911,"Summary","2016-09-07"
"Public Sector Banks",108726686,85321344,194048030,3423500.85,154509458,"Summary","2016-09-14"
"Regional Rural Banks",35931168,5846873,41778041,730234.55,28064348,"Summary","2016-09-14"
"Private Sector Banks",5242327,3316343,8558670,159089.61,7904436,"Summary","2016-09-14"
"Grand Total",149900181,94484560,244384741,4312825.01,190478242,"Summary","2016-09-14"
"Public Sector Banks",109690172,85901528,195591700,3441225.09,154969513,"Summary","2016-09-21"
"Regional Rural Banks",36076443,5864574,41941017,734816.16,28204740,"Summary","2016-09-21"
"Private Sector Banks",5247666,3319240,8566906,158742.4,7912233,"Summary","2016-09-21"
"Grand Total",151014281,95085342,246099623,4334783.65,191086486,"Summary","2016-09-21"
"Public Sector Banks",110290443,86297396,196587839,3455068.73,154522897,"Summary","2016-09-28"
"Regional Rural Banks",36282712,5894648,42177360,740190.3,28444786,"Summary","2016-09-28"
"Private Sector Banks",5259998,3332700,8592698,158007.55,7974477,"Summary","2016-09-28"
"Grand Total",151833153,95524744,247357897,4353266.58,190942160,"Summary","2016-09-28"
"Public Sector Banks",111552789,87290056,198842845,3513779.24,155444521,"Summary","2016-10-05"
"Regional Rural Banks",36471785,5917304,42389089,747906.21,28485016,"Summary","2016-10-05"
"Private Sector Banks",5232529,3374324,8606853,160441.49,7984774,"Summary","2016-10-05"
"Grand Total",153257103,96581684,249838787,4422126.94,191914311,"Summary","2016-10-05"
"Public Sector Banks",112593820,88037751,200631571,3564925.42,156120167,"Summary","2016-10-19"
"Regional Rural Banks",36649037,5946185,42595222,752981.74,28594243,"Summary","2016-10-19"
"Private Sector Banks",5272020,3345339,8617359,159548.5,8003394,"Summary","2016-10-19"
"Grand Total",154514877,97329275,251844152,4477455.66,192717804,"Summary","2016-10-19"
"Public Sector Banks",113187536,88496516,201684052,3575441.6,156488190,"Summary","2016-10-26"
"Regional Rural Banks",36879337,5974469,42853806,754197.6,29396013,"Summary","2016-10-26"
"Private Sector Banks",5275811,3350598,8626409,157088.58,8010755,"Summary","2016-10-26"
"Grand Total",155342684,97821583,253164267,4486727.78,193894958,"Summary","2016-10-26"
"Public Sector Banks",113865263,88959398,202824661,3607462.11,156921236,"Summary","2016-11-02"
"Regional Rural Banks",37039532,5984825,43024357,762164.42,29496762,"Summary","2016-11-02"
"Private Sector Banks",5279988,3360230,8640218,160621.86,8025475,"Summary","2016-11-02"
"Grand Total",156184783,98304453,254489236,4530248.39,194443473,"Summary","2016-11-02"
"Public Sector Banks",114344933,89257680,203602613,3640384.72,157169922,"Summary","2016-11-09"
"Regional Rural Banks",37140172,5994797,43134969,763075.08,29428136,"Summary","2016-11-09"
"Private Sector Banks",5263656,3115567,8379223,160201.13,7768364,"Summary","2016-11-09"
"Grand Total",156748761,98368044,255116805,4563660.93,194366422,"Summary","2016-11-09"
"Public Sector Banks",114303272,89578254,203881526,5093377.72,157360505,"Summary","2016-11-16"
"Regional Rural Banks",37299030,6012513,43311543,1093502.98,29525802,"Summary","2016-11-16"
"Private Sector Banks",5199902,3418735,8618637,238334.9,8042997,"Summary","2016-11-16"
"Grand Total",156802204,99009502,255811706,6425215.6,194929304,"Summary","2016-11-16"
"Public Sector Banks",114571528,89860739,204432267,5666805.36,157684148,"Summary","2016-11-23"
"Regional Rural Banks",37604898,6107059,43711957,1350709.42,29464045,"Summary","2016-11-23"
"Private Sector Banks",5194562,3425699,8620261,265957.56,8054141,"Summary","2016-11-23"
"Grand Total",157370988,99393497,256764485,7283472.34,195202334,"Summary","2016-11-23"
"Public Sector Banks",114400248,90714165,205114413,5793974.53,156000458,"Summary","2016-11-30"
"Regional Rural Banks",37944591,6165537,44110128,1368211.92,29497136,"Summary","2016-11-30"
"Private Sector Banks",5191584,3431389,8622973,269968.81,8065238,"Summary","2016-11-30"
"Grand Total",157536423,100311091,257847514,7432155.26,193562832,"Summary","2016-11-30"
"Public Sector Banks",114174546,90954958,205129504,5816594.45,160728767,"Summary","2016-12-07"
"Regional Rural Banks",38222178,6251593,44473771,1369793.69,32798508,"Summary","2016-12-07"
"Private Sector Banks",5178487,3446954,8625441,274561.46,8054770,"Summary","2016-12-07"
"Grand Total",157575211,100653505,258228716,7460949.6,201582045,"Summary","2016-12-07"
"Public Sector Banks",115200716,91837121,207037837,5798844.97,162947682,"Summary","2016-12-14"
"Regional Rural Banks",37985156,6135477,44120633,1341111.73,32915004,"Summary","2016-12-14"
"Private Sector Banks",5167032,3457146,8624178,272354.85,8096702,"Summary","2016-12-14"
"Grand Total",158352904,101429744,259782648,7412311.55,203959388,"Summary","2016-12-14"
"Public Sector Banks",115243986,92081472,207325458,5566195.7,164387772,"Summary","2016-12-21"
"Regional Rural Banks",38188449,6171709,44360158,1323235.73,26784493,"Summary","2016-12-21"
"Private Sector Banks",5166377,3470106,8636483,266359.04,8129023,"Summary","2016-12-21"
"Grand Total",158598812,101723287,260322099,7155790.47,199301288,"Summary","2016-12-21"
"Public Sector Banks",116090272,92965073,209055345,5524652.27,165829240,"Summary","2016-12-28"
"Regional Rural Banks",38332809,6100608,44433417,1316826.6,32955450,"Summary","2016-12-28"
"Private Sector Banks",5186801,3343895,8530696,262180.04,8204533,"Summary","2016-12-28"
"Grand Total",159609882,102409576,262019458,7103658.91,206989223,"Summary","2016-12-28"
"Public Sector Banks",117369985,94312679,211682664,5450701.68,167484958,"Summary","2017-01-04"
"Regional Rural Banks",38552780,6124686,44677466,1297670.53,33556085,"Summary","2017-01-04"
"Private Sector Banks",5186102,3526261,8712363,258707.05,8230258,"Summary","2017-01-04"
"Grand Total",161108867,103963626,265072493,7007079.26,209271301,"Summary","2017-01-04"
"Public Sector Banks",118182997,94937262,213120259,5376047.3,168187633,"Summary","2017-01-11"
"Regional Rural Banks",38846480,6148603,44995083,1274792.72,33599809,"Summary","2017-01-11"
"Private Sector Banks",5171502,3531393,8702895,251876.54,8232285,"Summary","2017-01-11"
"Grand Total",162200979,104617258,266818237,6902716.56,210019727,"Summary","2017-01-11"
"Public Sector Banks",119577417,96795903,216373320,5314302.93,170670722,"Summary","2017-01-18"
"Regional Rural Banks",39484604,6273936,45758540,1261708.54,33732796,"Summary","2017-01-18"
"Private Sector Banks",5411914,3557640,8969554,247762.76,8276825,"Summary","2017-01-18"
"Grand Total",164473935,106627479,271101414,6823774.23,212680343,"Summary","2017-01-18"
"Public Sector Banks",120396520,97786163,218182683,5245596.6,171686218,"Summary","2017-01-25"
"Regional Rural Banks",39613865,6305862,45919727,1245888.74,33814368,"Summary","2017-01-25"
"Private Sector Banks",5411961,3567499,8979460,241012.45,8281070,"Summary","2017-01-25"
"Grand Total",165422346,107659524,273081870,6732497.79,213781656,"Summary","2017-01-25"
"Public Sector Banks",120788065,98091526,218879591,5180218.71,172360319,"Summary","2017-02-01"
"Regional Rural Banks",39718383,6318337,46036720,1231658.2,34056781,"Summary","2017-02-01"
"Private Sector Banks",5429311,3594349,9023660,237287.48,8354285,"Summary","2017-02-01"
"Grand Total",165935759,108004212,273939971,6649164.39,214771385,"Summary","2017-02-01"
"Public Sector Banks",121492275,98786246,220278521,5099026.32,172330399,"Summary","2017-02-08"
"Regional Rural Banks",39723173,6412839,46136012,1209412.25,34103821,"Summary","2017-02-08"
"Private Sector Banks",5440776,3602733,9043509,233685.19,8370563,"Summary","2017-02-08"
"Grand Total",166656224,108801818,275458042,6542123.76,214804783,"Summary","2017-02-08"
"Public Sector Banks",121807433,100439458,222246891,5100387.39,173165024,"Summary","2017-02-22"
"Regional Rural Banks",40024534,6450838,46475372,1146211.7,34447768,"Summary","2017-02-22"
"Private Sector Banks",5376810,3613067,8989877,225494.89,8316461,"Summary","2017-02-22"
"Grand Total",167208777,110503363,277712140,6472093.98,215929253,"Summary","2017-02-22"
"Public Sector Banks",122136171,100840987,222977158,5025028.27,173695210,"Summary","2017-03-01"
"Regional Rural Banks",39994895,6416845,46411740,1181042.44,34524092,"Summary","2017-03-01"
"Private Sector Banks",5379460,3621057,9000517,222750.67,8324679,"Summary","2017-03-01"
"Grand Total",167510526,110878889,278389415,6428821.38,216543981,"Summary","2017-03-01"
"Public Sector Banks",122701440,101591254,224292694,5003071.24,175281721,"Summary","2017-03-08"
"Regional Rural Banks",39842469,6588218,46430687,1163598.92,34810646,"Summary","2017-03-08"
"Private Sector Banks",5398563,3610815,9009378,221864.65,8366261,"Summary","2017-03-08"
"Grand Total",167942472,111790287,279732759,6388534.81,218458628,"Summary","2017-03-08"
"Public Sector Banks",123006389,101804581,224810970,4981548.72,175459230,"Summary","2017-03-15"
"Regional Rural Banks",39669780,6582719,46252499,1184068.88,35113921,"Summary","2017-03-15"
"Private Sector Banks",5505335,3606320,9111655,218047.01,8429910,"Summary","2017-03-15"
"Grand Total",168181504,111993620,280175124,6383664.61,219003061,"Summary","2017-03-15"
"Public Sector Banks",123162510,102189414,225351924,4926603.52,175773829,"Summary","2017-03-22"
"Regional Rural Banks",39725964,6582108,46308072,1170805.42,35306160,"Summary","2017-03-22"
"Private Sector Banks",5465214,3662599,9127813,212739.62,8441876,"Summary","2017-03-22"
"Grand Total",168353688,112434121,280787809,6310148.56,219521865,"Summary","2017-03-22"
"Public Sector Banks",123374140,102773484,226147624,4926550.19,176035133,"Summary","2017-03-29"
"Regional Rural Banks",39797310,6585945,46383255,1160890.84,35442883,"Summary","2017-03-29"
"Private Sector Banks",5492034,3655358,9147392,209801.78,8460741,"Summary","2017-03-29"
"Grand Total",168663484,113014787,281678271,6297242.81,219938757,"Summary","2017-03-29"
"Public Sector Banks",123740699,103068711,226809410,5002527.41,177298603,"Summary","2017-04-05"
"Regional Rural Banks",39798841,6525229,46324070,1181900.89,35611782,"Summary","2017-04-05"
"Private Sector Banks",5545654,3661205,9206859,212710.1,8517890,"Summary","2017-04-05"
"Grand Total",169085194,113255145,282340339,6397138.4,221428275,"Summary","2017-04-05"
"Public Sector Banks",123922560,103328513,227251073,4960286.44,176188065,"Summary","2017-04-12"
"Regional Rural Banks",39625840,6858939,46484779,1183627.71,35338407,"Summary","2017-04-12"
"Private Sector Banks",5388040,3843164,9231204,210848.29,8540122,"Summary","2017-04-12"
"Grand Total",168936440,114030616,282967056,6354762.44,220066594,"Summary","2017-04-12"
"Public Sector Banks",124466068,103570780,228036848,4999902.04,177556592,"Summary","2017-04-19"
"Regional Rural Banks",39660563,6863135,46523698,1185355.43,35331718,"Summary","2017-04-19"
"Private Sector Banks",5559750,3702218,9261968,210760.01,8570745,"Summary","2017-04-19"
"Grand Total",169686381,114136133,283822514,6396017.48,221459055,"Summary","2017-04-19"
"Public Sector Banks",124820497,103707203,228527700,5058700.81,177573638,"Summary","2017-04-26"
"Regional Rural Banks",39741901,6871965,46613866,1189794.3,35355260,"Summary","2017-04-26"
"Private Sector Banks",5551857,3716078,9267935,208214.75,8573336,"Summary","2017-04-26"
"Grand Total",170114255,114295246,284409501,6456709.86,221502234,"Summary","2017-04-26"
"Public Sector Banks",125092674,104014221,229106895,5047123.35,177799825,"Summary","2017-05-03"
"Regional Rural Banks",39686436,7056756,46743192,1183244.01,35375359,"Summary","2017-05-03"
"Private Sector Banks",5592683,3723206,9315889,211924.68,8580557,"Summary","2017-05-03"
"Grand Total",170371793,114794183,285165976,6442292.04,221755741,"Summary","2017-05-03"
"Public Sector Banks",125481834,104313993,229795827,5076018.14,178152625,"Summary","2017-05-10"
"Regional Rural Banks",39713342,7067547,46780889,1187756.96,35419784,"Summary","2017-05-10"
"Private Sector Banks",5275119,3705739,8980858,204433.57,8351029,"Summary","2017-05-10"
"Grand Total",170470295,115087279,285557574,6468208.67,221923438,"Summary","2017-05-10"
"Public Sector Banks",125729975,104476536,230206511,5051974.81,178355940,"Summary","2017-05-17"
"Regional Rural Banks",39751420,7079424,46830844,1178021.22,35428976,"Summary","2017-05-17"
"Private Sector Banks",5554109,3750657,9304766,206495.45,8602564,"Summary","2017-05-17"
"Grand Total",171035504,115306617,286342121,6436491.48,222387480,"Summary","2017-05-17"
"Public Sector Banks",126143379,104845477,230988856,5038766.66,178717381,"Summary","2017-05-24"
"Regional Rural Banks",39779062,7086384,46865446,1165970.11,35426943,"Summary","2017-05-24"
"Private Sector Banks",5548436,3657678,9206114,210013.73,8505316,"Summary","2017-05-24"
"Grand Total",171470877,115589539,287060416,6414750.5,222649640,"Summary","2017-05-24"
"Public Sector Banks",126414644,105075901,231490545,5042091.42,178987025,"Summary","2017-05-31"
"Regional Rural Banks",39822022,7067852,46889874,1164232.39,35356079,"Summary","2017-05-31"
"Private Sector Banks",5565039,3652089,9217128,210002.7,8512260,"Summary","2017-05-31"
"Grand Total",171801705,115795842,287597547,6416326.51,222855364,"Summary","2017-05-31"
"Public Sector Banks",126737454,105183329,231920783,5077734.1,179053202,"Summary","2017-06-07"
"Regional Rural Banks",39920799,7036209,46957008,1167933.4,35372395,"Summary","2017-06-07"
"Private Sector Banks",5569419,3660381,9229800,209248.9,8522180,"Summary","2017-06-07"
"Grand Total",172227672,115879919,288107591,6454916.4,222947777,"Summary","2017-06-07"
"Public Sector Banks",127167806,105584080,232751886,5080004.26,179484952,"Summary","2017-06-14"
"Regional Rural Banks",39962093,7041260,47003353,1168342.39,35548213,"Summary","2017-06-14"
"Private Sector Banks",5587353,3683220,9270573,208062.07,8560675,"Summary","2017-06-14"
"Grand Total",172717252,116308560,289025812,6456408.72,223593840,"Summary","2017-06-14"
"Public Sector Banks",127516750,105886598,233403348,5052204.92,179961929,"Summary","2017-06-28"
"Regional Rural Banks",40078004,7077783,47155787,1157179.09,35580470,"Summary","2017-06-28"
"Private Sector Banks",5644524,3694221,9338745,204082.43,8650091,"Summary","2017-06-28"
"Grand Total",173239278,116658602,289897880,6413466.44,224192490,"Summary","2017-06-28"
"Public Sector Banks",127769623,106040735,233810358,5082029.31,180252646,"Summary","2017-07-05"
"Regional Rural Banks",40151906,7093894,47245800,1155450.25,35614454,"Summary","2017-07-05"
"Private Sector Banks",5679260,3696618,9375878,205656.44,8661863,"Summary","2017-07-05"
"Grand Total",173600789,116831247,290432036,6443136,224528963,"Summary","2017-07-05"
"Public Sector Banks",128012577,106194164,234206741,5121020.85,180705183,"Summary","2017-07-12"
"Regional Rural Banks",40222635,7106613,47329248,1164619.69,35625852,"Summary","2017-07-12"
"Private Sector Banks",5687316,3698873,9386189,206603.11,8666043,"Summary","2017-07-12"
"Grand Total",173922528,116999650,290922178,6492243.65,224997078,"Summary","2017-07-12"
"Public Sector Banks",128403882,106459882,234863764,5112770.82,180917777,"Summary","2017-07-19"
"Regional Rural Banks",40332054,7125064,47457118,1159045.93,35664904,"Summary","2017-07-19"
"Private Sector Banks",5719465,3709880,9429345,205845.49,8754402,"Summary","2017-07-19"
"Grand Total",174455401,117294826,291750227,6477662.24,225337083,"Summary","2017-07-19"
"Public Sector Banks",129048238,107240645,236288883,5141450.58,181683514,"Summary","2017-07-26"
"Regional Rural Banks",40373138,7135043,47508181,1148433.88,35689180,"Summary","2017-07-26"
"Private Sector Banks",5741306,3713246,9454552,202752.48,8787357,"Summary","2017-07-26"
"Grand Total",175162682,118088934,293251616,6492636.94,226160051,"Summary","2017-07-26"
"Public Sector Banks",129504410,107660716,237165126,5177775.6,182211933,"Summary","2017-08-02"
"Regional Rural Banks",40511181,7163285,47674466,1169967.54,35718732,"Summary","2017-08-02"
"Private Sector Banks",5760075,3723627,9483702,205533.37,8822879,"Summary","2017-08-02"
"Grand Total",175775666,118547628,294323294,6553276.51,226753544,"Summary","2017-08-02"
"Public Sector Banks",129820629,107799102,237619731,5208602.17,182345649,"Summary","2017-08-09"
"Regional Rural Banks",40513476,7179417,47692893,1156132.89,35767028,"Summary","2017-08-09"
"Private Sector Banks",5789888,3743659,9533547,205024.21,8858930,"Summary","2017-08-09"
"Grand Total",176123993,118722178,294846171,6569759.27,226971607,"Summary","2017-08-09"
"Public Sector Banks",130002531,107856442,237858973,5209934.56,182395775,"Summary","2017-08-16"
"Regional Rural Banks",40573912,7185413,47759325,1171317.42,35772531,"Summary","2017-08-16"
"Private Sector Banks",5808796,3757164,9565960,203215.61,8890247,"Summary","2017-08-16"
"Grand Total",176385239,118799019,295184258,6584467.59,227058553,"Summary","2017-08-16"
"Public Sector Banks",130266463,107943580,238210043,5211576.31,182616814,"Summary","2017-08-23"
"Regional Rural Banks",40802545,7215279,48017824,1176440.43,35831758,"Summary","2017-08-23"
"Private Sector Banks",5830577,3780423,9611000,201982.8,8929793,"Summary","2017-08-23"
"Grand Total",176899585,118939282,295838867,6589999.54,227378365,"Summary","2017-08-23"
"Public Sector Banks",132574987,110548328,243123315,5205372.38,182679947,"Summary","2017-08-30"
"Regional Rural Banks",40916882,7244226,48161108,1173475.98,35858806,"Summary","2017-08-30"
"Private Sector Banks",5851061,3793957,9645018,201097.78,8965511,"Summary","2017-08-30"
"Grand Total",179342930,121586511,300929441,6579946.14,227504264,"Summary","2017-08-30"
"Public Sector Banks",132868976,110648567,243517543,5243319.64,182731986,"Summary","2017-09-06"
"Regional Rural Banks",41013296,7254394,48267690,1174533.65,35916268,"Summary","2017-09-06"
"Private Sector Banks",5874885,3814413,9689298,203255.91,9010890,"Summary","2017-09-06"
"Grand Total",179757157,121717374,301474531,6621109.2,227659144,"Summary","2017-09-06"
"Public Sector Banks",133104874,110732717,243837591,5274801.61,182958265,"Summary","2017-09-13"
"Regional Rural Banks",41156427,7695326,48851753,1168811.1,35985690,"Summary","2017-09-13"
"Private Sector Banks",5906704,3809836,9716540,202998.8,9037226,"Summary","2017-09-13"
"Grand Total",180168005,122237879,302405884,6646611.51,227981181,"Summary","2017-09-13"
"Public Sector Banks",133451415,110874201,244325616,5287406.8,183015964,"Summary","2017-09-20"
"Regional Rural Banks",41184781,7383251,48568032,1172142.57,36017280,"Summary","2017-09-20"
"Private Sector Banks",5919980,3815174,9735154,201051.66,9056189,"Summary","2017-09-20"
"Grand Total",180556176,122072626,302628802,6660601.03,228089433,"Summary","2017-09-20"
"Public Sector Banks",133708572,111089078,244797650,5292851.63,183658288,"Summary","2017-09-27"
"Regional Rural Banks",41147981,7397298,48545279,1181488.28,36066130,"Summary","2017-09-27"
"Private Sector Banks",5948145,3822890,9771035,199907.77,9090599,"Summary","2017-09-27"
"Grand Total",180804698,122309266,303113964,6674247.68,228815017,"Summary","2017-09-27"
"Public Sector Banks",134105242,111400297,245505539,5313106.31,184112294,"Summary","2017-10-04"
"Regional Rural Banks",41231175,7408467,48639642,1186377.51,36026739,"Summary","2017-10-04"
"Private Sector Banks",5911711,3772187,9683898,202119.82,8999849,"Summary","2017-10-04"
"Grand Total",181248128,122580951,303829079,6701603.64,229138882,"Summary","2017-10-04"
"Public Sector Banks",134300076,111538397,245838473,5334090.9,184222770,"Summary","2017-10-11"
"Regional Rural Banks",41456752,7461286,48918038,1193309.05,36048541,"Summary","2017-10-11"
"Private Sector Banks",5904168,3847903,9752071,205670.04,9070736,"Summary","2017-10-11"
"Grand Total",181660996,122847586,304508582,6733069.99,229342047,"Summary","2017-10-11"
"Public Sector Banks",134498434,111650285,246148719,5336238.18,184252786,"Summary","2017-10-18"
"Regional Rural Banks",41482318,7477770,48960088,1189278.6,36062410,"Summary","2017-10-18"
"Private Sector Banks",5909549,3846598,9756147,206111.25,9073926,"Summary","2017-10-18"
"Grand Total",181890301,122974653,304864954,6731628.03,229389122,"Summary","2017-10-18"
"Public Sector Banks",134780812,111886967,246667779,5337540.18,184388593,"Summary","2017-11-01"
"Regional Rural Banks",41549515,7598617,49148132,1182044.02,36149850,"Summary","2017-11-01"
"Private Sector Banks",5960338,3854735,9815073,206887.98,9146323,"Summary","2017-11-01"
"Grand Total",182290665,123340319,305630984,6726472.18,229684766,"Summary","2017-11-01"
"Public Sector Banks",134971897,112016249,246988146,5371130.99,184430622,"Summary","2017-11-08"
"Regional Rural Banks",41580177,7612103,49192280,1186295.57,36172148,"Summary","2017-11-08"
"Private Sector Banks",5969351,3887876,9857227,211345.85,9180196,"Summary","2017-11-08"
"Grand Total",182521425,123516228,306037653,6768772.41,229782966,"Summary","2017-11-08"
"Public Sector Banks",135132583,112091064,247223647,5450501.77,184554647,"Summary","2017-11-15"
"Regional Rural Banks",41653594,7610741,49264335,1189988.08,36207506,"Summary","2017-11-15"
"Private Sector Banks",6034952,3912309,9947261,212393.67,9276923,"Summary","2017-11-15"
"Grand Total",182821129,123614114,306435243,6852883.52,230039076,"Summary","2017-11-15"
"Public Sector Banks",132473618,114969910,247443528,5499178.06,184945658,"Summary","2017-11-22"
"Regional Rural Banks",41681232,7632190,49313422,1192661.28,36241898,"Summary","2017-11-22"
"Private Sector Banks",6033645,3904635,9938280,210832.69,9279015,"Summary","2017-11-22"
"Grand Total",180188495,126506735,306695230,6902672.03,230466571,"Summary","2017-11-22"
"Public Sector Banks",132606865,115018990,247625855,5513390.08,185209954,"Summary","2017-11-29"
"Regional Rural Banks",41741190,7641404,49382594,1193117.61,36320289,"Summary","2017-11-29"
"Private Sector Banks",5987877,3917693,9905570,211182.85,9241565,"Summary","2017-11-29"
"Grand Total",180335932,126578087,306914019,6917690.54,230771808,"Summary","2017-11-29"
"Public Sector Banks",132734358,115065438,247799796,5564664.02,185517150,"Summary","2017-12-06"
"Regional Rural Banks",41766621,7634053,49400674,1203393.6,36359838,"Summary","2017-12-06"
"Private Sector Banks",5990254,3920248,9910502,216058.52,9245069,"Summary","2017-12-06"
"Grand Total",180491233,126619739,307110972,6984116.14,231122057,"Summary","2017-12-06"
"Public Sector Banks",132857316,115099829,247957145,5610633.65,185795360,"Summary","2017-12-13"
"Regional Rural Banks",41826843,7641422,49468265,1213298.31,36392079,"Summary","2017-12-13"
"Private Sector Banks",5994230,3918060,9912290,216092.16,9229904,"Summary","2017-12-13"
"Grand Total",180678389,126659311,307337700,7040024.12,231417343,"Summary","2017-12-13"
"Public Sector Banks",133025507,115176406,248201913,5686530.07,186232114,"Summary","2017-12-20"
"Regional Rural Banks",41863724,7647945,49511669,1221691.24,36410331,"Summary","2017-12-20"
"Private Sector Banks",5984829,3889373,9874202,215071.36,9200338,"Summary","2017-12-20"
"Grand Total",180874060,126713724,307587784,7123292.67,231842783,"Summary","2017-12-20"
"Public Sector Banks",133261941,115240567,248502508,5708964.83,186622941,"Summary","2017-12-27"
"Regional Rural Banks",41908385,7664902,49573287,1227146.09,36437076,"Summary","2017-12-27"
"Private Sector Banks",5986433,3889034,9875467,214005.6,9200453,"Summary","2017-12-27"
"Grand Total",181156759,126794503,307951262,7150116.52,232260470,"Summary","2017-12-27"
"Public Sector Banks",133527523,115387510,248915033,5771809.71,187100549,"Summary","2018-01-03"
"Regional Rural Banks",41951169,7678547,49629716,1235348.58,36435980,"Summary","2018-01-03"
"Private Sector Banks",5987093,3890745,9877838,219535.31,9203253,"Summary","2018-01-03"
"Grand Total",181465785,126956802,308422587,7226693.6,232739782,"Summary","2018-01-03"
"Public Sector Banks",133857918,115887046,249744964,5860095.29,187512401,"Summary","2018-01-10"
"Regional Rural Banks",41991131,7693907,49685038,1245325.67,36443815,"Summary","2018-01-10"
"Private Sector Banks",5990249,3894804,9885053,220427.87,9209874,"Summary","2018-01-10"
"Grand Total",181839298,127475757,309315055,7325848.83,233166090,"Summary","2018-01-10"
"Public Sector Banks",134079117,116022479,250101596,5898213.96,187867867,"Summary","2018-01-17"
"Regional Rural Banks",42058879,7700029,49758908,1250110.8,36451260,"Summary","2018-01-17"
"Private Sector Banks",5991144,3894400,9885544,220646.86,9211301,"Summary","2018-01-17"
"Grand Total",182129140,127616908,309746048,7368971.62,233530428,"Summary","2018-01-17"
"Public Sector Banks",134243915,116142688,250386603,5891354.13,188309460,"Summary","2018-01-24"
"Regional Rural Banks",42051099,7774855,49825954,1249218.9,36516570,"Summary","2018-01-24"
"Private Sector Banks",5992359,3894239,9886598,218282.85,9213730,"Summary","2018-01-24"
"Grand Total",182287373,127811782,310099155,7358855.88,234039760,"Summary","2018-01-24"
"Public Sector Banks",134580619,116050432,250631051,5913881.52,188474612,"Summary","2018-01-31"
"Regional Rural Banks",42081951,7772980,49854931,1255178.91,36504316,"Summary","2018-01-31"
"Private Sector Banks",5994882,3893936,9888818,218812.97,9215114,"Summary","2018-01-31"
"Grand Total",182657452,127717348,310374800,7387873.4,234194042,"Summary","2018-01-31"
"Public Sector Banks",134760548,116182546,250943094,5971958.69,188709087,"Summary","2018-02-07"
"Regional Rural Banks",42108460,7780892,49889352,1262226.86,36426115,"Summary","2018-02-07"
"Private Sector Banks",5996024,3896103,9892127,219293.32,9218253,"Summary","2018-02-07"
"Grand Total",182865032,127859541,310724573,7453478.87,234353455,"Summary","2018-02-07"
"Public Sector Banks",134900302,116304702,251205004,5980679.91,189058489,"Summary","2018-02-14"
"Regional Rural Banks",42166743,7787081,49953824,1265362.99,36487655,"Summary","2018-02-14"
"Private Sector Banks",5997365,3896469,9893834,219014.53,9220124,"Summary","2018-02-14"
"Grand Total",183064410,127988252,311052662,7465057.43,234766268,"Summary","2018-02-14"
"Public Sector Banks",134657799,116843995,251501794,5994929.97,189348955,"Summary","2018-02-21"
"Regional Rural Banks",42187016,7794219,49981235,1263273.88,36528341,"Summary","2018-02-21"
"Private Sector Banks",5999020,3896527,9895547,217620.3,9188287,"Summary","2018-02-21"
"Grand Total",182843835,128534741,311378576,7475824.15,235065583,"Summary","2018-02-21"
"Public Sector Banks",135959387,117027527,252986914,6115600.64,190121463,"Summary","2018-03-07"
"Regional Rural Banks",42381146,7818009,50199155,1278086.49,36697475,"Summary","2018-03-07"
"Private Sector Banks",6001609,3901566,9903175,218001.3,9196279,"Summary","2018-03-07"
"Grand Total",184342142,128747102,313089244,7611688.43,236015217,"Summary","2018-03-07"
"Public Sector Banks",136144637,117140333,253284970,6151449.23,190278176,"Summary","2018-03-14"
"Regional Rural Banks",42431769,7825935,50257704,1289162.22,36706175,"Summary","2018-03-14"
"Private Sector Banks",5995093,3910022,9905115,217229.08,9198972,"Summary","2018-03-14"
"Grand Total",184571499,128876290,313447789,7657840.53,236183323,"Summary","2018-03-14"
"Public Sector Banks",136300409,117264798,253565207,6245414.87,190479799,"Summary","2018-03-21"
"Regional Rural Banks",42470206,7840519,50310725,1297327.7,36719113,"Summary","2018-03-21"
"Private Sector Banks",5997336,3903945,9901281,217127.49,9196675,"Summary","2018-03-21"
"Grand Total",184767951,129009262,313777213,7759870.06,236395587,"Summary","2018-03-21"
"Public Sector Banks",136690128,117492446,254182574,6302187.35,190615766,"Summary","2018-03-28"
"Regional Rural Banks",42508133,7844862,50352995,1329632.41,36722513,"Summary","2018-03-28"
"Private Sector Banks",5997845,3905715,9903560,217579.48,9196730,"Summary","2018-03-28"
"Grand Total",185196106,129243023,314439129,7849399.24,236535009,"Summary","2018-03-28"
"Public Sector Banks",136471991,117421903,253893894,6328705.19,190691989,"Summary","2018-04-04"
"Regional Rural Banks",42572053,7854537,50426590,1350628.91,36730301,"Summary","2018-04-04"
"Private Sector Banks",5957847,3947622,9905469,221876.15,9200597,"Summary","2018-04-04"
"Grand Total",185001891,129224062,314225953,7901210.25,236622887,"Summary","2018-04-04"
"Public Sector Banks",136602267,117542078,254144345,6496731.84,190839888,"Summary","2018-04-11"
"Regional Rural Banks",42605552,7863223,50468775,1337027.45,36740879,"Summary","2018-04-11"
"Private Sector Banks",5960181,3948524,9908705,220810.64,9203887,"Summary","2018-04-11"
"Grand Total",185168000,129353825,314521825,8054569.93,236784654,"Summary","2018-04-11"
"Public Sector Banks",136732264,117650383,254382647,6526745.51,190968640,"Summary","2018-04-18"
"Regional Rural Banks",42653158,7871273,50524431,1350763.63,36750870,"Summary","2018-04-18"
"Private Sector Banks",5960593,3950834,9911427,222754.9,9201656,"Summary","2018-04-18"
"Grand Total",185346015,129472490,314818505,8100264.04,236921166,"Summary","2018-04-18"
"Public Sector Banks",136901595,117780489,254682084,6509868.87,191149122,"Summary","2018-04-25"
"Regional Rural Banks",42758917,7882075,50640992,1355787.14,36740460,"Summary","2018-04-25"
"Private Sector Banks",5964846,3951424,9916270,221510.56,9208102,"Summary","2018-04-25"
"Grand Total",185625358,129613988,315239346,8087166.57,237097684,"Summary","2018-04-25"
"Public Sector Banks",137097336,117895339,254992675,6532812.21,191399597,"Summary","2018-05-02"
"Regional Rural Banks",42773906,7888466,50662372,1371990.76,36795033,"Summary","2018-05-02"
"Private Sector Banks",5967586,3952511,9920097,225928.92,9213221,"Summary","2018-05-02"
"Grand Total",185838828,129736316,315575144,8130731.89,237407851,"Summary","2018-05-02"
"Public Sector Banks",137288457,118035765,255324222,6521825.49,191981000,"Summary","2018-05-09"
"Regional Rural Banks",42836614,7890677,50727291,1371703.29,36788829,"Summary","2018-05-09"
"Private Sector Banks",5973446,3954166,9927612,226830.72,9218189,"Summary","2018-05-09"
"Grand Total",186098517,129880608,315979125,8120359.5,237988018,"Summary","2018-05-09"
"Public Sector Banks",137668579,118345985,256014564,6529760.05,192932309,"Summary","2018-05-23"
"Regional Rural Banks",42991864,7910886,50902750,1356580.75,36814809,"Summary","2018-05-23"
"Private Sector Banks",5851388,3956601,9807989,224516.3,9226029,"Summary","2018-05-23"
"Grand Total",186511831,130213472,316725303,8110857.1,238973147,"Summary","2018-05-23"
"Public Sector Banks",137862058,118493619,256355677,6486548.79,193279433,"Summary","2018-05-30"
"Regional Rural Banks",43050891,7924075,50974966,1361942.96,36848551,"Summary","2018-05-30"
"Private Sector Banks",5980272,3957735,9938007,223220.4,9228728,"Summary","2018-05-30"
"Grand Total",186893221,130375429,317268650,8071712.15,239356712,"Summary","2018-05-30"
"Public Sector Banks",138010099,118625755,256635854,6500661.25,193457673,"Summary","2018-06-06"
"Regional Rural Banks",43113523,7937038,51050561,1372668.24,36840449,"Summary","2018-06-06"
"Private Sector Banks",5981675,3959347,9941022,221884.63,9231928,"Summary","2018-06-06"
"Grand Total",187105297,130522140,317627437,8095214.12,239530050,"Summary","2018-06-06"
"Public Sector Banks",138206078,118771457,256977535,6468120.65,193584301,"Summary","2018-06-13"
"Regional Rural Banks",43165028,7955868,51120896,1366881.72,36852248,"Summary","2018-06-13"
"Private Sector Banks",5982887,3960735,9943622,222827.55,9235771,"Summary","2018-06-13"
"Grand Total",187353993,130688060,318042053,8057829.92,239672320,"Summary","2018-06-13"
"Public Sector Banks",138354608,118833812,257188420,6406334.46,193890671,"Summary","2018-06-20"
"Regional Rural Banks",43226434,7968514,51194948,1371455.09,36862805,"Summary","2018-06-20"
"Private Sector Banks",5983419,3962027,9945446,221389.36,9241483,"Summary","2018-06-20"
"Grand Total",187564461,130764353,318328814,7999178.91,239994959,"Summary","2018-06-20"
"Public Sector Banks",138588637,119063877,257652514,6345475.2,194097516,"Summary","2018-06-27"
"Regional Rural Banks",43296570,7985224,51281794,1363909.95,36874000,"Summary","2018-06-27"
"Private Sector Banks",5986022,3963249,9949271,220100.23,9244213,"Summary","2018-06-27"
"Grand Total",187871229,131012350,318883579,7929485.38,240215729,"Summary","2018-06-27"
"Public Sector Banks",138873571,119275338,258148909,6292137.31,194440561,"Summary","2018-07-04"
"Regional Rural Banks",43378764,8002078,51380842,1378869.53,36885188,"Summary","2018-07-04"
"Private Sector Banks",5988756,3966463,9955219,224201.84,9245507,"Summary","2018-07-04"
"Grand Total",188241091,131243879,319484970,7895208.68,240571256,"Summary","2018-07-04"
"Public Sector Banks",139510952,119761142,259272094,6340208.1,195442091,"Summary","2018-07-18"
"Regional Rural Banks",43609332,8041884,51651216,1394692.47,36920076,"Summary","2018-07-18"
"Private Sector Banks",6012283,3958878,9971161,221362.64,9251800,"Summary","2018-07-18"
"Grand Total",189132567,131761904,320894471,7956263.21,241613967,"Summary","2018-07-18"
"Public Sector Banks",140233140,120250254,260483394,6438861.75,196425033,"Summary","2018-08-01"
"Regional Rural Banks",43926958,8096184,52023142,1407205.75,36970626,"Summary","2018-08-01"
"Private Sector Banks",6029509,3963720,9993229,221414.69,9273220,"Summary","2018-08-01"
"Grand Total",190189607,132310158,322499765,8067482.19,242668879,"Summary","2018-08-01"
"Public Sector Banks",140603970,120503372,261107342,6479842.63,197373420,"Summary","2018-08-08"
"Regional Rural Banks",44071950,8129590,52201540,1418968.95,37008268,"Summary","2018-08-08"
"Private Sector Banks",6036187,3966232,10002419,220866.76,9278214,"Summary","2018-08-08"
"Grand Total",190712107,132599194,323311301,8119678.34,243659902,"Summary","2018-08-08"
"Public Sector Banks",140927273,120742537,261669810,6489724.23,197903528,"Summary","2018-08-15"
"Regional Rural Banks",44278221,8156744,52434965,1412751.49,37043806,"Summary","2018-08-15"
"Private Sector Banks",6038735,3967998,10006733,219978.9,9283965,"Summary","2018-08-15"
"Grand Total",191244229,132867279,324111508,8122454.62,244231299,"Summary","2018-08-15"
"Public Sector Banks",141196046,120953553,262149599,6517196.29,198299931,"Summary","2018-08-22"
"Regional Rural Banks",44442137,8182382,52624519,1415309.37,37077167,"Summary","2018-08-22"
"Private Sector Banks",6039444,3969422,10008866,219806.62,9285577,"Summary","2018-08-22"
"Grand Total",191677627,133105357,324782984,8152312.28,244662675,"Summary","2018-08-22"
"Public Sector Banks",141444500,121163051,262607551,6536903.72,198646175,"Summary","2018-08-29"
"Regional Rural Banks",44581292,8209760,52791052,1447619.95,37116918,"Summary","2018-08-29"
"Private Sector Banks",6044861,3970610,10015471,219411.6,9293158,"Summary","2018-08-29"
"Grand Total",192070653,133343421,325414074,8203935.27,245056251,"Summary","2018-08-29"
"Public Sector Banks",141773617,121369974,263143591,6565742.28,199135473,"Summary","2018-09-05"
"Regional Rural Banks",44731134,8236578,52967712,1462272.67,37143462,"Summary","2018-09-05"
"Private Sector Banks",6047978,3972689,10020667,221083.24,9297348,"Summary","2018-09-05"
"Grand Total",192552729,133579241,326131970,8249098.19,245576283,"Summary","2018-09-05"
"Public Sector Banks",142009599,121612557,263622156,6526974.5,199381469,"Summary","2018-09-12"
"Regional Rural Banks",44914766,8228437,53143203,1453772.74,37034034,"Summary","2018-09-12"
"Private Sector Banks",6052309,3974380,10026689,219886.22,9303167,"Summary","2018-09-12"
"Grand Total",192976674,133815374,326792048,8200633.46,245718670,"Summary","2018-09-12"
"Public Sector Banks",142348903,121800321,264149224,6567002.78,199661213,"Summary","2018-09-19"
"Regional Rural Banks",45014492,8286363,53300855,1704307.38,37223407,"Summary","2018-09-19"
"Private Sector Banks",6053299,3975941,10029240,219511.29,9305212,"Summary","2018-09-19"
"Grand Total",193416694,134062625,327479319,8490821.45,246189832,"Summary","2018-09-19"
"Public Sector Banks",142508707,121972357,264481064,6575593.13,199990486,"Summary","2018-09-26"
"Regional Rural Banks",45157256,8306461,53463717,1710808.23,37240610,"Summary","2018-09-26"
"Private Sector Banks",6058374,3977340,10035714,218999.1,9311031,"Summary","2018-09-26"
"Grand Total",193724337,134256158,327980495,8505400.46,246542127,"Summary","2018-09-26"
"Public Sector Banks",142917303,122223483,265140786,6593060.97,200288368,"Summary","2018-10-03"
"Regional Rural Banks",45298275,8335065,53633340,1722450.76,37270371,"Summary","2018-10-03"
"Private Sector Banks",6062238,3978783,10041021,222348.18,9315577,"Summary","2018-10-03"
"Grand Total",194277816,134537331,328815147,8537859.91,246874316,"Summary","2018-10-03"
"Public Sector Banks",143123695,122461690,265585385,6681194.38,200513583,"Summary","2018-10-10"
"Regional Rural Banks",45387658,8352223,53739881,1713694.29,37285161,"Summary","2018-10-10"
"Private Sector Banks",6066604,3980903,10047507,221490.21,9321036,"Summary","2018-10-10"
"Grand Total",194577957,134794816,329372773,8616378.88,247119780,"Summary","2018-10-10"
"Public Sector Banks",143298274,122583128,265881402,6696061.36,200677737,"Summary","2018-10-17"
"Regional Rural Banks",45469189,8369978,53839167,1730353.57,37298742,"Summary","2018-10-17"
"Private Sector Banks",6093745,4041240,10134985,221677.71,9389194,"Summary","2018-10-17"
"Grand Total",194861208,134994346,329855554,8648092.64,247365673,"Summary","2018-10-17"
"Public Sector Banks",143609439,122900156,266509595,6687347.27,201600079,"Summary","2018-10-24"
"Regional Rural Banks",45569428,8390916,53960344,1649681.81,37358525,"Summary","2018-10-24"
"Private Sector Banks",6109364,4411407,10520771,219535.75,9428199,"Summary","2018-10-24"
"Grand Total",195288231,135702479,330990710,8556564.83,248386803,"Summary","2018-10-24"
"Public Sector Banks",144366299,122874150,267240449,6637820.05,214293021,"Summary","2018-10-31"
"Regional Rural Banks",45684223,8410036,54094259,1591446.54,37383607,"Summary","2018-10-31"
"Private Sector Banks",6117469,4056856,10174325,225307.92,9449984,"Summary","2018-10-31"
"Grand Total",196167991,135341042,331509033,8454574.51,261126612,"Summary","2018-10-31"
"Public Sector Banks",144528988,122985583,267514571,6695207.41,214433469,"Summary","2018-11-07"
"Regional Rural Banks",45715317,8448116,54163433,1542954.35,37443378,"Summary","2018-11-07"
"Private Sector Banks",6150620,4109680,10260300,230752.17,9536698,"Summary","2018-11-07"
"Grand Total",196394925,135543379,331938304,8468913.93,261413545,"Summary","2018-11-07"
"Public Sector Banks",144665752,123066733,267732485,6698100.02,214607239,"Summary","2018-11-14"
"Regional Rural Banks",45816832,8435582,54252414,1494978.79,37441847,"Summary","2018-11-14"
"Private Sector Banks",6180128,4170483,10350611,230671.38,9627951,"Summary","2018-11-14"
"Grand Total",196662712,135672798,332335510,8423750.19,261677037,"Summary","2018-11-14"
"Public Sector Banks",144968690,123312401,268281091,6728519.41,216330809,"Summary","2018-11-21"
"Regional Rural Banks",45898164,8452214,54350378,1445876.12,37462493,"Summary","2018-11-21"
"Private Sector Banks",6189613,4184183,10373796,235535.86,9651067,"Summary","2018-11-21"
"Grand Total",197056467,135948798,333005265,8409931.39,263444369,"Summary","2018-11-21"
"Public Sector Banks",145175437,123582771,268758208,6740778.17,217034714,"Summary","2018-11-28"
"Regional Rural Banks",46121048,8546961,54668009,1453998.58,37483770,"Summary","2018-11-28"
"Private Sector Banks",6198592,4207896,10406488,238959.84,9683280,"Summary","2018-11-28"
"Grand Total",197495077,136337628,333832705,8433736.59,264201764,"Summary","2018-11-28"
"Public Sector Banks",145335588,123724472,269060060,6780371.81,217215284,"Summary","2018-12-05"
"Regional Rural Banks",46345217,8734460,55079677,1458920.01,37501549,"Summary","2018-12-05"
"Private Sector Banks",6205016,4228571,10433587,242162.1,9710941,"Summary","2018-12-05"
"Grand Total",197885821,136687503,334573324,8481453.92,264427774,"Summary","2018-12-05"
"Public Sector Banks",145958004,123927665,269885669,6853823.85,218934073,"Summary","2018-12-12"
"Regional Rural Banks",46418257,8744921,55163178,1455391.38,37523086,"Summary","2018-12-12"
"Private Sector Banks",6206257,4237711,10443968,240254.26,9782195,"Summary","2018-12-12"
"Grand Total",198582518,136910297,335492815,8549469.49,266239354,"Summary","2018-12-12"
"Public Sector Banks",146221197,124153588,270374785,6881688.28,220350083,"Summary","2018-12-19"
"Regional Rural Banks",46536981,8769424,55306405,1470103.5,37670927,"Summary","2018-12-19"
"Private Sector Banks",6210530,4257036,10467566,239601.25,9805236,"Summary","2018-12-19"
"Grand Total",198968708,137180048,336148756,8591393.03,267826246,"Summary","2018-12-19"
"Public Sector Banks",146229322,124314618,270543940,6908371.17,221035028,"Summary","2018-12-26"
"Regional Rural Banks",46723565,8810595,55534160,1483823.55,37851033,"Summary","2018-12-26"
"Private Sector Banks",6213441,4276786,10490227,239884.58,9827742,"Summary","2018-12-26"
"Grand Total",199166328,137401999,336568327,8632079.3,268713803,"Summary","2018-12-26"
"Public Sector Banks",146454077,124566979,271021056,6954037.85,221201338,"Summary","2019-01-02"
"Regional Rural Banks",46932275,8832167,55764442,1501591.73,37877353,"Summary","2019-01-02"
"Private Sector Banks",6213353,4282824,10496177,247712.6,9718172,"Summary","2019-01-02"
"Grand Total",199599705,137681970,337281675,8703342.18,268796863,"Summary","2019-01-02"
"Public Sector Banks",147075884,125072024,272147908,7022736.7,223044932,"Summary","2019-01-16"
"Regional Rural Banks",47285556,8873326,56158882,1526756.57,37122721,"Summary","2019-01-16"
"Private Sector Banks",6215473,4404212,10619685,243963.38,9841754,"Summary","2019-01-16"
"Grand Total",200576913,138349562,338926475,8793456.65,270009407,"Summary","2019-01-16"
"Public Sector Banks",147518495,125480934,272999429,7067006.54,224587695,"Summary","2019-01-23"
"Regional Rural Banks",47713207,8920315,56633522,1547455.71,37225635,"Summary","2019-01-23"
"Private Sector Banks",6217530,4450106,10667636,242229.58,9905043,"Summary","2019-01-23"
"Grand Total",201449232,138851355,340300587,8856691.83,271718373,"Summary","2019-01-23"
